# mod4_quad: first 1230 exact zeros of L(chi,q=4); col2=gamma, col3=|L(1/2+i gamma)| (dps40)
     1  6.020948904697597  9.542e-17
     2  10.243770304166555  1.814e-16
     3  12.988098012312422  8.340e-16
     4  16.342607104587223  2.611e-15
     5  18.291993196123535  1.739e-16
     6  21.450611343983461  4.976e-16
     7  23.278376520459531  7.726e-16
     8  25.728756425088729  5.391e-15
     9  28.359634343025327  1.636e-15
    10  29.656384014593154  3.770e-15
    11  32.592186527117157  5.285e-15
    12  34.199957509213149  6.263e-15
    13  36.142880458303139  5.031e-15
    14  38.511923141718690  5.661e-15
    15  40.322674066690546  3.839e-15
    16  41.807084620004559  9.595e-15
    17  44.617891058662302  3.645e-15
    18  45.599584396791563  7.673e-15
    19  47.741562280939142  3.753e-15
    20  49.723129323782587  2.198e-15
    21  51.686093452870530  3.959e-15
    22  52.768820767804726  8.334e-15
    23  55.267543584699226  3.749e-15
    24  56.934374055202298  2.581e-15
    25  58.116707110673921  1.065e-14
    26  60.421713949007838  1.407e-14
    27  62.008632285767767  7.667e-15
    28  63.714641118785430  9.934e-15
    29  64.976170573095999  1.821e-15
    30  67.636920863546067  4.101e-15
    31  68.365884503834423  9.252e-16
    32  70.185879908802107  2.047e-14
    33  72.155484974381878  1.460e-14
    34  73.767635521485900  2.219e-14
    35  75.143121647433105  2.043e-14
    36  76.696303203430205  2.466e-14
    37  78.809998314320907  2.227e-14
    38  80.210131238366642  8.949e-15
    39  81.213951626883144  2.219e-14
    40  83.666656014470576  1.459e-14
    41  84.731740363781626  9.877e-15
    42  86.577660168390267  7.949e-15
    43  87.629718119587906  2.384e-14
    44  89.801131616695812  5.239e-15
    45  91.349703814697577  8.576e-15
    46  92.237499910454261  8.391e-15
    47  94.166619585960021  2.744e-15
    48  96.136011161780559  1.211e-15
    49  96.961741579417478  1.629e-14
    50  98.755300415754533  2.303e-14
    51  100.134886703067679  3.223e-14
    52  102.141380826889616  8.593e-15
    53  103.288075381679008  1.267e-14
    54  104.333269844267448  2.279e-14
    55  106.694458908895839  8.790e-15
    56  107.690206975146694  2.000e-14
    57  109.259942973928190  8.385e-15
    58  110.499608176429092  1.200e-14
    59  112.367816744012174  2.946e-14
    60  113.814795548992677  1.376e-14
    61  115.142369647649332  1.232e-14
    62  116.193204658461212  2.778e-14
    63  118.537554378846863  6.009e-15
    64  119.452989876209088  6.372e-15
    65  120.731293618660374  1.350e-14
    66  122.447461379068713  5.146e-15
    67  123.794548760319501  2.808e-14
    68  125.768519559915589  9.885e-15
    69  126.298776024941404  1.059e-14
    70  127.959407683063304  2.725e-14
    71  129.885623358645461  3.921e-14
    72  131.093578754084007  3.225e-14
    73  132.143576600987842  5.061e-14
    74  133.744181463974826  7.062e-14
    75  135.490837252557014  5.154e-14
    76  136.547312267282564  2.148e-14
    77  138.750177704611446  7.511e-15
    78  141.253632509751782  1.135e-14
    79  142.394417522197784  5.761e-15
    80  143.329062741617719  4.392e-14
    81  144.978166277711352  5.369e-14
    82  146.522005284908346  3.787e-14
    83  147.934530812180924  2.806e-14
    84  149.188457717302526  3.472e-14
    85  150.296359001543124  9.603e-15
    86  151.961987670483694  2.042e-14
    87  153.699612623515264  1.298e-14
    88  154.575491428719914  8.156e-15
    89  155.650248663243445  4.205e-14
    90  157.748305307902939  4.905e-14
    91  158.705021125529356  1.937e-14
    92  160.236484096771051  3.368e-14
    93  161.407146976156696  4.300e-14
    94  162.566046689599034  3.073e-14
    95  164.731164616576905  2.442e-14
    96  165.401419285863142  3.106e-14
    97  166.753879169108416  4.752e-14
    98  168.044420781709732  7.282e-14
    99  170.051131187526693  8.065e-15
   100  170.734766994578791  4.070e-14
   101  172.280481771621339  4.842e-15
   102  173.442978836135012  1.765e-14
   103  174.915088085400583  6.082e-14
   104  176.597302141918078  4.367e-14
   105  177.701212574573788  2.671e-14
   106  178.362374908985657  5.367e-15
   107  180.569310385285519  6.738e-14
   108  181.614913731704377  5.291e-14
   109  182.916768328968971  1.324e-14
   110  184.115032375368401  5.037e-14
   111  185.373996607700462  7.047e-14
   112  187.068760590694410  2.348e-15
   113  188.271374332270739  4.665e-14
   114  189.491731492128537  1.855e-14
   115  190.371187610755783  4.352e-14
   116  192.361137876056318  6.890e-17
   117  193.797072926146683  3.623e-15
   118  194.231883229360903  8.443e-15
   119  196.132005654684292  3.476e-14
   120  197.113446221576396  6.239e-14
   121  198.806475736146893  7.318e-14
   122  200.162039428698620  3.038e-14
   123  200.901617870768888  2.556e-14
   124  202.260577995931726  3.009e-14
   125  204.221070780158215  3.301e-14
   126  204.992003455098285  3.592e-15
   127  206.411911047611255  4.425e-14
   128  207.317377481887860  7.125e-15
   129  209.227752492648023  4.597e-14
   130  210.103185517398543  1.429e-14
   131  211.833411820423891  2.734e-14
   132  212.537607537213432  2.344e-14
   133  213.761842101278091  6.430e-14
   134  215.793818382015587  5.618e-14
   135  216.703415266202967  3.933e-15
   136  217.581931418038010  2.426e-14
   137  219.172670566944362  5.137e-14
   138  220.405621710636979  2.017e-14
   139  221.928548507254476  1.010e-14
   140  223.003103180629154  2.843e-14
   141  224.122238487946845  5.277e-14
   142  225.293261475205355  1.635e-14
   143  226.988188488375386  6.717e-14
   144  228.405506297436375  1.012e-14
   145  228.959023632675240  8.607e-15
   146  230.330130577804795  4.624e-14
   147  232.100481747069011  3.056e-15
   148  233.048063745298805  3.548e-15
   149  234.351787701832791  2.537e-14
   150  235.836218771141461  1.750e-14
   151  236.241560494475635  5.377e-15
   152  238.537113049982622  3.597e-15
   153  239.338488135619684  4.734e-14
   154  240.626711169393076  2.934e-14
   155  241.477920928211205  4.007e-14
   156  243.228931179738595  6.958e-14
   157  244.513168583588168  4.247e-14
   158  245.564881380113945  5.435e-14
   159  246.724058534725145  4.629e-14
   160  247.995118582738428  6.565e-15
   161  249.184508964885453  2.533e-14
   162  251.086563150456186  2.377e-14
   163  251.636915839614318  2.503e-14
   164  252.623445779668373  1.258e-14
   165  254.314437350122745  4.314e-14
   166  255.837918049742058  2.087e-14
   167  256.504584947348405  1.066e-15
   168  258.165262850351212  2.307e-14
   169  258.834470523524942  8.632e-14
   170  260.430472134925594  1.347e-13
   171  261.913614987649794  5.587e-14
   172  262.883617342460639  2.629e-14
   173  264.054257888128234  7.369e-14
   174  264.932859141220092  4.466e-14
   175  267.000651199715207  1.136e-13
   176  267.801446984602308  6.841e-14
   177  268.783306062047927  4.140e-15
   178  270.278087167481885  9.362e-14
   179  271.254983694448811  1.477e-13
   180  272.755878601693439  1.372e-13
   181  274.171458312519064  9.853e-14
   182  275.033101236580194  5.556e-14
   183  275.858946011083049  1.236e-13
   184  277.772322638319281  1.702e-13
   185  278.803683887286525  6.678e-14
   186  280.157144870974605  2.040e-16
   187  280.793106949409093  7.012e-14
   188  282.379640463561316  1.028e-13
   189  283.604543433883066  7.219e-14
   190  284.925595823416700  8.808e-14
   191  286.080233307716981  1.110e-13
   192  287.149424648241848  1.547e-14
   193  287.978476263321340  5.819e-14
   194  290.252146995174542  4.140e-15
   195  290.677296323260691  4.911e-14
   196  291.832024588844774  8.427e-14
   197  293.202434177472867  5.744e-14
   198  294.327268451459759  5.447e-14
   199  295.803470824719284  1.482e-13
   200  296.900666138854945  5.181e-14
   201  298.078874114892244  5.606e-14
   202  298.870320307077577  7.418e-14
   203  300.434459850534552  1.306e-13
   204  301.919842528597144  1.234e-13
   205  302.917937583117180  4.460e-14
   206  303.661118040333918  9.323e-14
   207  305.065208865418981  1.695e-13
   208  306.795133963712146  8.319e-14
   209  307.286084936714872  7.910e-14
   210  309.122483030422529  2.726e-14
   211  309.739907613974822  2.383e-14
   212  310.823674960945425  1.631e-14
   213  312.556366867560996  7.672e-14
   214  313.877942455067910  7.704e-14
   215  314.433165169288884  4.952e-14
   216  315.734986124926934  1.558e-13
   217  317.012318042232607  6.950e-14
   218  318.456217256355046  1.497e-13
   219  319.579691297035424  9.141e-14
   220  320.406303644492993  1.533e-14
   221  322.001967804490334  1.530e-14
   222  322.539117423791936  7.328e-14
   223  324.518444673724275  1.121e-13
   224  325.474784044106343  1.538e-14
   225  326.458541219865367  8.739e-14
   226  327.259931766511556  9.864e-14
   227  329.200097937579187  3.817e-14
   228  330.036049590345840  1.021e-13
   229  331.211402899581856  1.141e-14
   230  332.572946528233444  1.566e-14
   231  333.181508328694463  5.820e-14
   232  334.768699894679401  1.293e-13
   233  336.152717554433309  1.279e-13
   234  337.139663054777145  3.463e-14
   235  338.226282686036654  4.346e-14
   236  339.011252615199794  7.456e-14
   237  340.841952352352905  1.161e-13
   238  342.026153183364670  9.082e-14
   239  342.685858237358786  5.341e-14
   240  344.083666156568711  1.342e-13
   241  345.209775341345960  1.418e-14
   242  346.262760467101714  1.318e-13
   243  347.924648114363265  2.478e-14
   244  348.981798388546792  3.981e-14
   245  349.434342456600291  2.213e-14
   246  350.977213109308593  1.818e-13
   247  352.391768243124829  1.004e-13
   248  353.693333325682943  3.821e-14
   249  354.301737741464137  1.907e-14
   250  355.744440262597038  3.771e-14
   251  356.627647213767375  1.357e-13
   252  358.288275092942456  1.055e-13
   253  359.096461192605545  9.290e-14
   254  360.711041024558938  3.488e-14
   255  361.197493036208471  2.380e-14
   256  362.276968893166725  1.634e-13
   257  364.419724431835220  1.271e-14
   258  364.803736092111990  1.494e-14
   259  366.049689518269020  8.290e-14
   260  367.125534935074768  1.196e-13
   261  368.433814889807763  7.875e-14
   262  369.501693331896433  4.738e-14
   263  371.069016090564901  1.084e-13
   264  371.770095915150250  1.177e-14
   265  372.884860886591127  2.196e-14
   266  373.934868915461664  7.553e-14
   267  375.546874727007605  8.489e-14
   268  376.683900937974670  6.211e-14
   269  377.559223274184831  8.242e-14
   270  378.386929045761690  1.275e-13
   271  380.057073182314014  1.302e-13
   272  381.048670123035265  5.372e-14
   273  382.239766419015723  6.125e-14
   274  383.485092354202777  8.423e-14
   275  384.372845681680587  1.612e-14
   276  385.215227671809998  7.205e-14
   277  387.149209287630811  7.054e-15
   278  388.082142477715365  4.673e-14
   279  388.777717961852602  9.600e-14
   280  390.169112628897381  2.492e-14
   281  391.081925719960680  1.676e-13
   282  392.851762913361767  7.511e-14
   283  393.443407711010707  2.619e-14
   284  394.819997091793539  1.179e-13
   285  395.804609603417816  5.652e-14
   286  396.734455422548479  1.631e-13
   287  398.250415976737941  4.810e-14
   288  399.565510922142835  1.113e-14
   289  400.692875768711588  5.734e-15
   290  400.826430942254717  1.102e-14
   291  402.818318458899682  1.134e-13
   292  403.907405043483607  7.454e-15
   293  404.945586220611858  1.678e-14
   294  406.161247797888223  1.968e-14
   295  407.145015561887192  4.581e-14
   296  408.039526672953969  9.038e-14
   297  409.588213120835746  1.434e-13
   298  410.871662863483380  7.499e-14
   299  411.660571450853070  3.310e-15
   300  412.731146957582723  5.853e-15
   301  413.669285395295674  1.024e-13
   302  415.429295872920591  9.030e-14
   303  416.370591226616000  4.175e-15
   304  417.129270213613324  4.158e-14
   305  418.557476726827474  1.064e-13
   306  419.487459422307040  6.278e-14
   307  420.528953897983286  1.961e-13
   308  422.510373029579966  3.090e-14
   309  422.687254605134228  1.565e-15
   310  424.066895492737501  1.068e-13
   311  424.823388820004936  1.463e-13
   312  426.732417008649463  1.644e-14
   313  427.384017811341778  9.784e-14
   314  428.698107954067495  1.216e-13
   315  429.589385972485218  1.668e-14
   316  430.617557835895923  1.376e-14
   317  432.060772515970200  1.643e-13
   318  433.037443119577574  1.538e-13
   319  434.439352398953247  7.271e-14
   320  435.348154160343370  4.773e-14
   321  435.904163677449674  2.485e-14
   322  437.582219399193207  2.106e-13
   323  439.158108255197362  2.882e-14
   324  439.537569445176473  1.374e-15
   325  440.677227899854472  1.541e-13
   326  442.169739917182426  9.224e-14
   327  442.777044291221841  5.118e-14
   328  444.438290507888723  1.533e-13
   329  445.463739168413383  3.824e-14
   330  446.448331621937086  2.197e-14
   331  447.302008904810918  1.026e-14
   332  448.506931088657836  2.514e-14
   333  450.056620306917523  6.848e-14
   334  451.070775905424682  7.220e-14
   335  451.839972460976810  6.746e-14
   336  452.879869538279308  1.543e-13
   337  454.253514329354061  1.747e-13
   338  455.422497421378523  2.178e-14
   339  456.392498176648928  6.257e-14
   340  457.782550501734647  9.820e-14
   341  458.602132213340042  1.982e-14
   342  459.232883374028518  1.044e-13
   343  461.229860089685133  2.470e-14
   344  462.093262103950792  7.036e-14
   345  462.984574325850531  9.866e-15
   346  464.074350134387316  3.958e-14
   347  465.084496147604398  1.044e-13
   348  466.565294070754817  8.338e-14
   349  467.469878437024704  1.281e-13
   350  468.852763450971679  3.744e-14
   351  469.410153424018404  6.261e-14
   352  470.850118898186736  5.349e-14
   353  471.558488620326443  6.784e-14
   354  473.449639415461490  4.098e-14
   355  474.251661331198193  5.211e-14
   356  474.862403416339987  2.200e-14
   357  476.106908836421724  1.816e-13
   358  477.524504888667082  1.640e-13
   359  478.585174878089845  1.181e-13
   360  479.563790858923653  2.756e-14
   361  480.853431155414683  3.267e-14
   362  481.635725155083833  9.944e-15
   363  482.560089556220419  8.787e-14
   364  484.373451762985553  8.794e-14
   365  485.024407684856783  8.520e-14
   366  486.433852215022398  6.118e-14
   367  486.860821172527324  1.035e-14
   368  488.201746375388666  1.250e-13
   369  489.727584131497224  6.056e-14
   370  490.725911864196462  1.764e-14
   371  491.381656786789506  1.206e-15
   372  493.008423782596822  2.772e-14
   373  493.482083562986190  7.024e-14
   374  494.840881854819429  1.758e-13
   375  496.264596172214567  1.158e-13
   376  497.764550541258302  1.652e-14
   377  499.021411746316573  8.190e-14
   378  500.597773931526319  1.280e-13
   379  501.470600996472399  1.393e-13
   380  502.775458195535862  8.639e-14
   381  503.466430549621521  9.396e-14
   382  504.654124961430512  1.440e-13
   383  505.739139439563132  6.106e-14
   384  506.940053081678172  1.799e-15
   385  508.298673685162385  1.087e-13
   386  509.017744547113409  8.388e-14
   387  510.163388567594041  5.935e-14
   388  510.789757306407068  7.402e-14
   389  512.829907982419400  2.268e-14
   390  513.523603253454894  1.099e-13
   391  514.223717529729015  1.128e-13
   392  515.800889499231175  5.683e-14
   393  516.411584547120128  1.236e-13
   394  517.735975415498501  1.296e-13
   395  519.016986672414873  1.244e-13
   396  520.167292715259691  3.478e-14
   397  520.872667783021370  1.374e-13
   398  521.841481363614776  6.443e-14
   399  523.120986253098977  3.599e-13
   400  524.602934326171408  3.744e-14
   401  525.360948828422920  1.905e-14
   402  526.404135942230710  1.483e-13
   403  527.200666147475545  2.687e-13
   404  528.755645244318089  2.500e-13
   405  529.579467899654333  2.117e-13
   406  530.842335853777627  7.506e-14
   407  532.055495939794014  2.956e-15
   408  532.815358474646246  1.299e-13
   409  533.508383228707203  2.147e-13
   410  535.330957786314571  4.105e-13
   411  536.335200439568666  1.006e-13
   412  537.227107044986496  1.811e-13
   413  538.026826770333287  1.002e-13
   414  539.450819996046221  9.247e-14
   415  540.220384197938870  1.794e-13
   416  541.907599138113824  2.301e-13
   417  542.462563061115588  5.980e-14
   418  543.696092760348961  1.066e-13
   419  544.785461264317405  9.090e-14
   420  545.383442847239394  1.168e-13
   421  547.187258082853077  3.033e-13
   422  548.217679158056285  1.573e-13
   423  548.943532318786083  1.630e-13
   424  549.822639673720801  2.529e-13
   425  551.119867403314629  3.602e-13
   426  552.614795665225756  1.032e-13
   427  553.034345058515214  1.649e-13
   428  554.734801138317493  5.419e-14
   429  555.381062032171940  1.073e-13
   430  556.218689984231332  1.674e-13
   431  557.562546522717639  3.887e-13
   432  558.989683695929102  2.185e-13
   433  559.789420852530043  6.502e-14
   434  560.824185809751498  2.118e-13
   435  561.579552852494658  2.605e-13
   436  562.884918855124965  1.045e-14
   437  564.375152251819713  1.929e-13
   438  565.000010036536992  1.905e-13
   439  566.121867806380578  8.416e-14
   440  567.295583168317307  7.550e-14
   441  568.092673667728945  3.094e-14
   442  569.181680299434106  2.280e-13
   443  570.934821531253306  1.877e-13
   444  571.526840059247661  1.189e-13
   445  572.240067758846635  6.808e-14
   446  573.468181834449297  3.831e-14
   447  574.731873613463335  1.373e-13
   448  575.955557587145449  4.091e-14
   449  576.798420970159555  1.020e-13
   450  577.869362405309971  4.817e-14
   451  578.901696573392428  5.308e-14
   452  579.747418739431396  2.579e-13
   453  581.248096442861311  2.375e-13
   454  582.192370948181861  2.373e-13
   455  583.351349314551271  4.121e-14
   456  584.341799150616566  2.968e-14
   457  584.662080711478211  2.460e-14
   458  586.855128396000396  2.605e-14
   459  587.363530089933761  1.637e-13
   460  588.571741152541108  5.063e-14
   461  589.366144575314024  3.979e-14
   462  590.794446209377611  2.206e-13
   463  591.322226552667416  1.702e-13
   464  592.855302557493701  3.095e-13
   465  594.116707762473879  1.976e-13
   466  594.796809254261802  3.361e-14
   467  595.668258507199312  1.341e-13
   468  596.824141744650092  4.545e-14
   469  598.088888745733357  3.438e-13
   470  599.536729742477405  8.832e-14
   471  599.899728686504545  8.469e-14
   472  601.093915602816082  2.767e-13
   473  602.134674465438820  4.822e-14
   474  603.388979582488332  1.427e-13
   475  604.293814846850751  1.754e-13
   476  605.657211641386311  3.384e-14
   477  606.596061539310881  5.739e-14
   478  607.259225962843857  3.416e-14
   479  608.263762769864229  3.190e-13
   480  610.048741577270107  2.876e-13
   481  610.875426492555221  1.145e-13
   482  611.435652200991171  1.752e-13
   483  613.003677066867226  1.805e-13
   484  613.493458367671451  9.749e-14
   485  614.973836698571404  1.819e-13
   486  616.120801041653976  3.003e-13
   487  616.988074234104033  1.340e-13
   488  618.275844943958532  7.108e-16
   489  618.785027484567308  3.874e-14
   490  619.974871126388052  2.683e-13
   491  621.398865412799410  1.089e-13
   492  622.569382107109391  1.889e-13
   493  623.328788593477725  3.895e-14
   494  623.907597822062712  1.196e-13
   495  625.552890517289711  7.158e-14
   496  626.455609450305587  1.145e-13
   497  627.493450467570369  1.517e-13
   498  628.824833260082983  4.022e-14
   499  629.522031660618268  6.665e-14
   500  630.517965251824307  8.469e-14
   501  631.417302392833903  4.140e-14
   502  633.274115330676864  1.435e-13
   503  633.660398646499289  9.548e-14
   504  634.970114818588286  9.197e-14
   505  635.634150165452525  9.067e-14
   506  636.771614382136704  4.725e-14
   507  638.175248891088245  6.493e-14
   508  639.208784292617224  2.258e-13
   509  639.915707252986522  1.076e-13
   510  641.238042271647259  9.411e-15
   511  642.151094119368167  2.104e-13
   512  642.801767919869235  9.154e-14
   513  644.604213070898254  1.931e-13
   514  645.499509795839003  1.474e-13
   515  646.299780202542365  1.622e-13
   516  647.057489619445391  1.279e-13
   517  648.396815869712441  4.613e-13
   518  649.653108319206012  9.971e-14
   519  650.541342416259454  1.894e-13
   520  651.582296113386747  3.672e-14
   521  652.839813697532804  2.006e-14
   522  653.155988421159805  2.193e-14
   523  654.822778564815962  1.991e-13
   524  655.625704153246033  2.144e-13
   525  657.245080496733863  1.501e-13
   526  657.673907415059489  7.022e-14
   527  658.599454552272164  7.415e-14
   528  659.672167317610160  2.685e-13
   529  661.222125495319688  1.029e-13
   530  662.164713040433753  5.183e-14
   531  662.779785948686595  2.116e-14
   532  664.081757224672288  3.353e-13
   533  665.224225514894329  1.222e-13
   534  665.675156603786945  3.329e-14
   535  667.462712628404915  2.541e-13
   536  668.405646074292918  1.859e-13
   537  669.145926513731069  1.817e-13
   538  670.163613657263454  4.917e-14
   539  671.043683395202038  2.680e-14
   540  672.594045553292858  1.401e-13
   541  673.514228881810482  2.391e-13
   542  674.483988285831629  1.116e-13
   543  675.272377628039067  2.355e-13
   544  676.438700659701226  5.857e-14
   545  677.521349763267608  9.046e-14
   546  678.563794443852885  1.922e-13
   547  679.768354241540806  5.440e-14
   548  680.901923971747010  9.828e-15
   549  681.409866527379677  1.252e-13
   550  682.296378561174606  2.115e-13
   551  684.193846750538569  1.582e-13
   552  684.777196837083920  8.054e-14
   553  685.781032433736527  2.262e-13
   554  686.820614884036900  2.076e-13
   555  687.725268100151197  5.723e-14
   556  688.891994402780597  2.930e-13
   557  689.942534643196382  1.964e-13
   558  691.350709867036358  1.084e-13
   559  691.805460586502704  1.644e-13
   560  693.114842704988064  1.459e-13
   561  693.734974763045670  1.173e-13
   562  695.070273481261665  5.716e-13
   563  696.655993907489233  1.474e-13
   564  697.151376235905673  1.284e-14
   565  697.816345869760767  3.542e-14
   566  699.298302511462339  1.946e-13
   567  700.133026751260672  1.043e-13
   568  701.457381659899170  2.723e-13
   569  702.240589338891596  9.654e-14
   570  703.657637944008229  1.184e-13
   571  704.299666103531536  1.490e-13
   572  704.938584970642069  1.602e-13
   573  706.571510333601850  2.519e-13
   574  707.727326138353646  1.897e-13
   575  708.475115309069452  6.943e-14
   576  709.530587303471293  3.272e-14
   577  710.287460248976458  1.070e-13
   578  711.483704590726916  1.443e-13
   579  712.950872084232515  1.661e-13
   580  713.465509027688086  1.308e-13
   581  714.767318340201086  1.442e-13
   582  715.679694355415336  9.692e-14
   583  716.578245107379189  2.492e-13
   584  717.434962065884179  8.860e-14
   585  719.276529164340673  1.015e-13
   586  719.761302412726423  1.319e-13
   587  720.851126750008007  1.331e-13
   588  721.396540372782283  1.567e-13
   589  723.040173172922778  2.011e-13
   590  723.820758924333518  1.448e-13
   591  725.028120639698045  1.520e-13
   592  726.086723650263707  1.545e-14
   593  726.784824203763833  1.936e-13
   594  727.955481200984764  2.870e-13
   595  728.765513685120595  1.288e-14
   596  730.229608195175160  3.324e-13
   597  731.297626712971578  2.149e-13
   598  731.978790608429449  2.448e-15
   599  733.073461604171030  8.255e-14
   600  733.684486845149195  2.948e-13
   601  735.545608657332536  1.960e-13
   602  736.242215400506211  1.159e-13
   603  736.963124669277931  1.727e-13
   604  738.398014422053393  1.743e-13
   605  739.147547927390065  1.950e-13
   606  739.921080426006142  3.469e-13
   607  741.428642292683548  3.059e-13
   608  742.514928190807495  2.152e-13
   609  743.448136241723773  8.136e-14
   610  744.014708850613260  1.060e-13
   611  745.171758726037297  1.644e-13
   612  746.448568996654444  1.138e-14
   613  747.520756143579320  1.004e-13
   614  748.650981138332554  4.807e-14
   615  749.134087772835755  1.818e-13
   616  750.445751097655830  7.510e-14
   617  751.353095013147822  9.668e-14
   618  752.475139459450588  5.323e-14
   619  753.557203543943274  1.376e-13
   620  754.960934263307081  5.449e-14
   621  755.310741946424741  7.246e-14
   622  756.141311190819579  2.736e-13
   623  757.580088433882338  2.655e-13
   624  758.964039423002305  1.955e-13
   625  759.568351578875991  4.977e-14
   626  760.447132290545710  2.769e-13
   627  761.773976564205327  8.006e-14
   628  762.399481035527515  1.610e-14
   629  763.597956042659462  2.594e-13
   630  764.954791276375431  1.045e-13
   631  765.736205557738799  2.323e-13
   632  766.641929461507857  1.006e-13
   633  768.169351665460795  2.591e-14
   634  770.186716534787024  1.300e-14
   635  770.825807171181737  5.967e-15
   636  771.788443716039637  2.266e-13
   637  772.604029475411494  1.414e-13
   638  773.679848244428968  2.481e-13
   639  775.086928209927123  3.286e-14
   640  775.554410671057440  3.986e-15
   641  777.159131907866254  3.229e-14
   642  777.978969874712789  1.766e-13
   643  778.655985614204496  6.821e-14
   644  779.566109459638142  2.900e-13
   645  781.090675347973502  3.051e-13
   646  782.074559528331406  1.056e-13
   647  783.053565108183875  8.263e-14
   648  783.726172787533756  7.590e-14
   649  784.855540927562060  4.537e-14
   650  785.829234175319812  1.740e-13
   651  787.207446996009025  1.507e-13
   652  787.961027609240546  6.480e-14
   653  789.000960641944971  1.319e-13
   654  790.138621214523823  7.640e-14
   655  790.755634969822609  1.281e-13
   656  791.746177736178993  4.927e-13
   657  793.476255101493621  1.061e-13
   658  794.195927957481103  1.090e-14
   659  794.837344687791983  1.285e-13
   660  795.827521973207809  2.110e-13
   661  797.146311585275839  1.223e-13
   662  797.983411763206618  1.417e-13
   663  799.365498676362449  2.461e-13
   664  799.934487046093864  3.231e-14
   665  801.667539127743339  5.906e-14
   666  802.933267921251513  4.813e-13
   667  804.345354400698739  3.333e-13
   668  805.160010567275890  9.575e-14
   669  806.480609726965781  1.235e-13
   670  806.836233070476737  7.223e-14
   671  807.791176458894824  2.348e-13
   672  809.379423957393101  1.736e-13
   673  810.325367364451495  1.015e-13
   674  811.027286291645964  1.422e-13
   675  812.295527828718491  2.981e-14
   676  813.125365832876355  8.481e-14
   677  814.027478987477707  1.374e-13
   678  814.982951355499267  4.647e-13
   679  816.653270454376411  2.147e-13
   680  817.338222090617478  3.482e-14
   681  817.860967112849153  1.735e-14
   682  819.203169478287123  2.278e-13
   683  819.963706450244558  9.077e-14
   684  821.526012608287488  2.403e-13
   685  822.212171539380506  1.198e-13
   686  823.325781091990962  9.577e-14
   687  824.006428242268498  7.580e-14
   688  825.290936735525065  1.673e-13
   689  826.021369060153006  8.543e-14
   690  827.307034373932652  4.874e-13
   691  828.466282318119625  1.096e-13
   692  829.374656077634995  1.138e-13
   693  830.046353339161101  1.565e-13
   694  830.838652026624914  3.585e-13
   695  832.536017175937332  1.633e-13
   696  833.457220843200503  2.066e-13
   697  834.069212578678730  2.000e-14
   698  835.266672432626024  1.025e-14
   699  836.360168877460183  1.497e-13
   700  836.861645388416719  6.269e-14
   701  838.407290338975940  3.093e-13
   702  839.351807855750394  1.161e-13
   703  840.351685717584701  2.566e-13
   704  841.383732455791232  8.094e-14
   705  841.812070128325786  1.414e-14
   706  843.196161445463986  4.657e-13
   707  844.408796092107309  4.443e-13
   708  845.643966954125858  6.275e-14
   709  846.018181992010000  1.075e-13
   710  846.989125043127160  1.801e-13
   711  848.446431367019613  2.669e-13
   712  849.044878393387421  6.837e-14
   713  850.233649386201705  8.798e-14
   714  851.647790955569121  1.904e-13
   715  852.089923215100157  1.458e-13
   716  853.273711596866974  1.063e-13
   717  853.757671005465340  5.262e-14
   718  855.468503741034056  9.210e-14
   719  856.459256594855674  2.501e-13
   720  857.161587916230701  2.373e-13
   721  858.178476321859762  2.413e-13
   722  859.135520351814193  1.918e-13
   723  860.002450375497233  3.597e-13
   724  861.605546236623809  1.160e-13
   725  861.992312176985138  1.685e-13
   726  863.394869684618925  1.893e-13
   727  864.195300188731380  1.093e-13
   728  865.074637073069539  1.916e-15
   729  865.832148857624134  1.016e-13
   730  867.581300509457037  2.434e-13
   731  868.446861847155105  1.365e-13
   732  868.917954882860727  6.748e-14
   733  870.062636305392743  6.774e-14
   734  871.037628004821272  3.498e-13
   735  872.334752630535490  2.970e-13
   736  873.037737135593943  2.565e-13
   737  874.347462957128641  1.937e-13
   738  875.313270027673298  5.638e-14
   739  875.818840042146235  4.743e-14
   740  877.018574251541509  2.716e-13
   741  878.079627209127466  1.642e-13
   742  879.390259850392226  1.850e-13
   743  880.228437383149753  5.764e-14
   744  881.092729773621500  7.820e-15
   745  881.690382800090447  3.998e-15
   746  883.164084791009486  4.962e-13
   747  884.137743482070277  9.736e-15
   748  885.662323586248363  5.932e-15
   749  887.420874939068312  5.035e-14
   750  887.835644777694483  1.245e-13
   751  888.616159812896854  3.422e-13
   752  890.412279666723293  1.129e-13
   753  891.152498853406087  1.600e-14
   754  891.986558631813523  1.920e-14
   755  892.848588532624376  1.609e-13
   756  893.791294152522937  1.019e-13
   757  895.042331305349535  2.745e-13
   758  896.160383995805091  7.555e-15
   759  896.972852565279595  1.015e-13
   760  897.983903017803982  1.202e-13
   761  898.808207222064311  2.005e-13
   762  899.876422467847078  1.043e-13
   763  900.798433388475473  9.212e-14
   764  902.053044418112222  1.290e-14
   765  903.156213393612347  1.650e-13
   766  904.054611845290538  6.932e-14
   767  904.331242442238249  1.339e-14
   768  905.745583886049417  1.564e-13
   769  907.332475488636305  1.635e-13
   770  907.654132311349827  1.045e-15
   771  908.851550520846331  1.657e-13
   772  909.842653947641793  4.520e-14
   773  910.727833337388120  2.729e-15
   774  911.583058857954597  3.467e-13
   775  912.835155891637100  2.665e-13
   776  914.046735333604374  2.360e-14
   777  914.817130096927826  1.351e-13
   778  915.535048223605372  1.222e-13
   779  916.678845863031484  2.434e-13
   780  917.429449412407280  8.654e-14
   781  919.168227718266053  8.886e-16
   782  919.799751584008504  1.214e-13
   783  920.351079480050998  1.309e-13
   784  921.731055852310305  1.037e-13
   785  922.516767416199173  2.972e-13
   786  923.590799660613470  1.605e-13
   787  924.602986529277814  2.492e-13
   788  925.887981197394652  1.499e-14
   789  926.627360564387232  1.270e-13
   790  927.459707902929836  1.830e-13
   791  928.089522757580767  1.834e-13
   792  930.365172517123028  8.477e-14
   793  931.681484550813366  4.767e-14
   794  932.399025969345189  1.172e-13
   795  933.294925338123790  4.326e-14
   796  934.407463399503172  3.582e-13
   797  935.473917374876009  2.992e-13
   798  936.566290188619860  7.954e-15
   799  937.404065751185499  3.815e-14
   800  938.552880147051383  9.287e-14
   801  939.181797947908080  1.865e-13
   802  939.990333457810948  1.376e-13
   803  941.638427884374209  1.841e-13
   804  942.547091672883198  1.445e-13
   805  943.359948113092059  1.004e-13
   806  943.874270122161761  7.105e-14
   807  945.418346730394205  6.564e-14
   808  946.099260644764627  3.416e-13
   809  947.255985964973092  2.495e-13
   810  948.362235377022216  3.190e-13
   811  949.354381026559622  2.020e-13
   812  949.986003750144732  1.656e-13
   813  951.020065729772114  2.280e-14
   814  951.947243766838596  1.995e-13
   815  953.467234047739566  2.555e-13
   816  954.176794409542140  5.851e-14
   817  955.016446764223019  2.523e-13
   818  955.992330434740779  1.785e-14
   819  956.704335777142433  7.660e-14
   820  958.309288608941642  2.259e-13
   821  959.068335612783585  1.378e-13
   822  959.787142864356156  2.486e-13
   823  961.294725664834345  1.897e-13
   824  961.825060162422687  1.375e-13
   825  962.507949781803632  1.411e-13
   826  963.930737180022220  4.940e-13
   827  965.174471392685859  6.787e-14
   828  966.058449220798593  1.438e-13
   829  966.533242453307935  6.314e-14
   830  967.656742088189617  2.124e-13
   831  968.760049816240212  2.543e-14
   832  969.785092051254082  7.254e-14
   833  970.938198200707689  2.999e-13
   834  971.727056157372772  1.108e-13
   835  972.612033658999280  7.092e-14
   836  973.632982243671790  2.561e-13
   837  974.507961170259478  1.576e-13
   838  975.535030414260632  4.643e-13
   839  977.065326228358003  2.043e-13
   840  977.501738088159641  9.215e-14
   841  978.631397187992548  4.753e-14
   842  979.018260477512285  1.834e-13
   843  980.612506257208565  5.919e-13
   844  981.788839817893404  9.224e-14
   845  982.304426851480571  2.292e-13
   846  983.505700736089921  1.916e-13
   847  984.371506423566871  2.412e-13
   848  985.478425919996880  1.082e-13
   849  985.893269375104865  7.547e-14
   850  988.187398103787473  1.456e-13
   851  989.355526739659240  1.682e-13
   852  990.329823895668937  9.535e-14
   853  990.777028049367118  1.721e-13
   854  992.269808242506315  2.454e-13
   855  993.560470970162555  6.910e-14
   856  994.064610962678671  9.144e-14
   857  995.089293542701853  6.301e-14
   858  996.008850590176280  2.605e-13
   859  997.062365980775667  8.797e-14
   860  997.988373483880196  3.772e-13
   861  998.968921593896539  2.124e-13
   862  1000.528826209218551  8.254e-14
   863  1000.911036811540725  5.466e-14
   864  1001.541090269410120  2.157e-15
   865  1002.799865030359683  1.584e-13
   866  1004.000415342879251  1.091e-13
   867  1005.119756097663071  9.730e-14
   868  1005.805231386310766  4.141e-14
   869  1006.700588317637767  1.243e-13
   870  1007.844850161654108  2.876e-13
   871  1008.466563105143791  1.834e-13
   872  1009.882244266586213  1.821e-13
   873  1010.725168031663088  8.528e-14
   874  1011.815627350498971  9.441e-14
   875  1012.623314409938303  1.315e-13
   876  1013.701721775241026  5.040e-14
   877  1014.020955690820756  1.601e-13
   878  1015.843134793874583  2.738e-13
   879  1016.862443583819754  1.621e-13
   880  1017.360273197732340  1.365e-14
   881  1018.226474894012199  1.956e-13
   882  1019.552943254378306  1.568e-13
   883  1020.225161544750904  1.561e-13
   884  1021.422633281180083  4.758e-13
   885  1022.434313083727943  2.390e-13
   886  1023.513247228180035  3.342e-14
   887  1024.263786608856435  3.613e-13
   888  1024.965329717243776  6.370e-14
   889  1026.068850349603736  3.733e-13
   890  1027.508244201347907  1.075e-13
   891  1028.146144607072074  2.182e-13
   892  1029.395707025505089  4.293e-14
   893  1029.845828289278643  2.161e-13
   894  1030.760522599457317  4.463e-13
   895  1032.369561057881356  3.334e-13
   896  1032.841880220254779  4.850e-13
   897  1034.084314732733219  3.024e-13
   898  1035.012533003035060  5.505e-13
   899  1035.943301210421396  2.773e-13
   900  1036.740567218946126  4.531e-13
   901  1037.485062958607614  5.744e-13
   902  1039.294499471365498  2.817e-13
   903  1039.903143644920192  8.132e-14
   904  1040.580791546795581  2.239e-13
   905  1041.570647439207960  5.386e-13
   906  1042.659643808923192  4.966e-13
   907  1043.532510322212829  7.363e-13
   908  1044.864585069399482  7.390e-13
   909  1045.622916946197847  1.130e-13
   910  1046.464991832951682  5.754e-13
   911  1047.742780523125020  1.261e-13
   912  1048.063287719564869  2.812e-13
   913  1050.471662181942293  6.278e-13
   914  1052.143257203600569  1.118e-13
   915  1053.054495978229170  5.067e-13
   916  1054.070313515576117  9.155e-13
   917  1055.496368549075896  3.576e-13
   918  1056.338597580831674  4.951e-13
   919  1056.973574937429703  5.258e-14
   920  1058.385002041041844  3.136e-13
   921  1059.045985259321697  2.319e-13
   922  1059.730544959495091  6.756e-14
   923  1061.027050951199044  2.036e-13
   924  1062.251434451063915  3.408e-13
   925  1063.036564735791444  1.794e-13
   926  1064.003835687378796  2.563e-13
   927  1064.586154773365934  3.004e-13
   928  1065.709361896567543  2.410e-13
   929  1066.892820612944661  3.607e-13
   930  1068.037699620467265  2.252e-13
   931  1068.784253033111099  2.811e-13
   932  1069.479598332649175  2.322e-13
   933  1070.696499989074482  8.863e-14
   934  1071.720819427598144  3.715e-13
   935  1072.205664611084330  5.929e-13
   936  1073.984942805255059  4.635e-13
   937  1074.553783375071134  4.103e-13
   938  1075.535615680116962  2.605e-13
   939  1076.129589327568965  3.108e-13
   940  1077.193791496713857  9.464e-13
   941  1078.705566144547220  8.052e-14
   942  1079.396640032566893  3.564e-13
   943  1080.160425447932994  2.006e-13
   944  1081.498052423582749  1.970e-13
   945  1081.898547571824565  1.393e-13
   946  1083.071939260649287  6.469e-13
   947  1084.228296885047030  8.468e-13
   948  1085.153107262939784  7.338e-14
   949  1086.212016503800896  2.956e-13
   950  1087.054275858402661  3.931e-13
   951  1087.864913964206380  8.290e-14
   952  1088.518851573553547  2.870e-13
   953  1090.321333637852831  1.240e-13
   954  1090.897860341901378  3.277e-13
   955  1091.990548289177468  2.973e-13
   956  1092.391553998078280  1.003e-13
   957  1093.922656807887279  1.921e-13
   958  1094.499403012653602  4.174e-13
   959  1095.644464656205173  4.434e-13
   960  1096.731139346624559  4.880e-13
   961  1097.883567675462018  2.631e-13
   962  1098.428198267896732  7.366e-14
   963  1099.184146283414066  4.805e-13
   964  1100.408854279288789  9.735e-13
   965  1101.473074643959762  3.262e-13
   966  1102.644803780057600  4.216e-14
   967  1103.518761474854955  2.170e-13
   968  1103.888078982475690  5.073e-14
   969  1105.297902700468967  1.860e-13
   970  1106.020508275283646  7.391e-13
   971  1107.468081299177811  5.809e-13
   972  1107.989738822486288  8.381e-14
   973  1109.163446157444469  3.273e-13
   974  1110.280293610102035  1.192e-13
   975  1110.752437540473238  3.129e-13
   976  1111.541221032520070  5.380e-13
   977  1113.303888878400585  7.911e-13
   978  1114.169234884177968  4.130e-14
   979  1114.529046469834384  1.208e-13
   980  1115.905285673465869  1.212e-13
   981  1116.415606105395909  9.489e-14
   982  1117.784368424098602  1.313e-14
   983  1118.656247704408770  5.373e-13
   984  1119.721905265606438  7.071e-13
   985  1120.720467808890589  4.924e-13
   986  1121.376370149051354  1.865e-14
   987  1122.438671794623133  2.629e-13
   988  1123.222073413021462  5.022e-13
   989  1124.429171512699895  2.470e-13
   990  1125.743723807780270  2.034e-13
   991  1126.320398051379470  1.141e-13
   992  1127.083280078729558  7.347e-14
   993  1127.902909434205640  2.880e-14
   994  1129.320059094536646  4.047e-13
   995  1130.283813040860650  3.108e-13
   996  1130.958362312339887  1.058e-13
   997  1132.200308299892640  6.348e-13
   998  1132.986075763794133  4.061e-14
   999  1133.850101252199920  2.420e-13
  1000  1134.588675706670301  6.504e-13
  1001  1137.206704379662824  2.167e-13
  1002  1137.563760330889181  4.193e-14
  1003  1138.678870177579256  3.430e-13
  1004  1139.503961016192079  6.834e-13
  1005  1140.454984697451209  7.804e-13
  1006  1141.895777280956736  7.162e-13
  1007  1142.687515114598227  2.731e-13
  1008  1143.239983292618035  2.606e-13
  1009  1144.511415316005468  8.684e-14
  1010  1145.452217735272825  3.146e-13
  1011  1145.986587859808424  1.607e-13
  1012  1147.431673145749073  2.629e-13
  1013  1148.392070813720693  5.462e-13
  1014  1149.509805895322643  1.507e-13
  1015  1150.016592261454662  9.686e-14
  1016  1150.596276369666157  3.912e-13
  1017  1152.343025048546906  8.148e-13
  1018  1152.965991145137878  3.272e-13
  1019  1154.167549835816772  7.090e-15
  1020  1154.800269766801648  4.052e-13
  1021  1156.019529291449771  2.918e-13
  1022  1156.517012274945728  3.289e-13
  1023  1157.761918345720460  8.655e-13
  1024  1158.716272907734265  1.297e-13
  1025  1159.892693799657536  5.262e-13
  1026  1160.706926737139838  3.214e-14
  1027  1161.553014589190070  2.850e-14
  1028  1162.314223208149770  2.873e-13
  1029  1163.209833230439926  2.070e-13
  1030  1164.919415723274369  8.073e-14
  1031  1165.422169844879818  2.140e-13
  1032  1166.174860844561408  2.654e-13
  1033  1167.197166297710737  3.822e-13
  1034  1168.304144967539514  5.771e-13
  1035  1169.039811769685002  5.879e-13
  1036  1170.026444541785168  1.384e-13
  1037  1171.457107974302289  3.574e-13
  1038  1172.078787393332732  1.646e-13
  1039  1172.842310532796091  2.153e-13
  1040  1173.818662165147543  6.413e-13
  1041  1174.616258690183713  5.464e-13
  1042  1176.262762846690066  4.036e-13
  1043  1176.707577052115084  2.541e-13
  1044  1177.855272289476716  2.629e-13
  1045  1178.533399672352516  3.096e-13
  1046  1179.466982001811175  1.225e-13
  1047  1180.522132909265792  4.852e-13
  1048  1182.141379849129635  6.150e-15
  1049  1183.746747248089605  1.061e-13
  1050  1184.482432314534890  1.607e-14
  1051  1184.939749174442795  1.858e-13
  1052  1186.017587898146530  8.973e-14
  1053  1187.536407141442396  6.375e-14
  1054  1188.301668592732995  5.238e-13
  1055  1189.230951382118747  1.509e-13
  1056  1189.713955080665301  3.331e-13
  1057  1191.058931135457669  1.569e-13
  1058  1191.882368306984290  5.843e-13
  1059  1192.821994600983089  3.686e-13
  1060  1194.220248869273519  7.424e-14
  1061  1194.674163203425451  6.053e-14
  1062  1195.736051332950638  6.439e-13
  1063  1196.717847427741390  1.052e-15
  1064  1197.278023936196178  6.210e-13
  1065  1198.680419084283585  9.840e-13
  1066  1199.817498919060881  3.609e-13
  1067  1200.638244170781036  8.738e-14
  1068  1201.193203751933879  1.498e-13
  1069  1202.119057869841527  1.696e-13
  1070  1204.403101534903271  3.910e-13
  1071  1205.197067321042823  5.324e-13
  1072  1206.141828938103345  4.864e-13
  1073  1207.364124781157443  3.204e-13
  1074  1207.881134526001006  2.292e-13
  1075  1208.589811279812011  5.348e-13
  1076  1210.108531604492555  1.674e-13
  1077  1211.162160983589956  3.521e-13
  1078  1211.812809577947974  9.808e-15
  1079  1212.696295972501503  4.160e-14
  1080  1213.655443918565197  2.491e-13
  1081  1214.350669747117990  1.647e-14
  1082  1215.998710974335836  4.659e-13
  1083  1216.475448303104713  1.070e-13
  1084  1217.509251337703745  1.685e-13
  1085  1218.544833950034899  3.298e-13
  1086  1219.149072035473409  3.062e-13
  1087  1220.836343598783060  3.633e-13
  1088  1222.582578320337916  5.384e-13
  1089  1223.447782274186693  2.880e-13
  1090  1223.925243372748355  2.714e-13
  1091  1224.715023066319645  5.621e-13
  1092  1225.964932067219706  2.875e-13
  1093  1227.048252128155809  3.843e-13
  1094  1227.987231708994159  6.624e-13
  1095  1228.860738770375065  2.638e-13
  1096  1229.688142926250748  5.636e-13
  1097  1230.882502802028512  5.893e-14
  1098  1231.258914266241391  3.525e-13
  1099  1232.586864822485722  9.132e-13
  1100  1233.802480198584135  6.025e-13
  1101  1234.438865793795230  5.259e-13
  1102  1235.612177901037057  1.426e-14
  1103  1236.251437398172811  2.828e-13
  1104  1236.860043898633876  6.038e-13
  1105  1238.413813543298829  6.832e-13
  1106  1239.530565701256592  1.822e-13
  1107  1240.056663465567908  3.583e-13
  1108  1240.882337026842379  4.955e-13
  1109  1242.143410001446227  4.473e-13
  1110  1242.835131121711811  3.952e-13
  1111  1243.714435133363622  3.106e-13
  1112  1244.949497401978988  9.060e-13
  1113  1246.092532214015591  4.908e-13
  1114  1246.673864689429820  3.097e-13
  1115  1247.596611879328748  1.772e-13
  1116  1248.218028863387417  2.786e-13
  1117  1249.712233156711818  4.385e-14
  1118  1250.562307350191531  1.367e-13
  1119  1251.547205455912945  7.747e-15
  1120  1252.520489160055604  2.484e-13
  1121  1252.932565138318978  1.901e-13
  1122  1254.259075466712829  3.721e-13
  1123  1255.168383993272982  4.071e-13
  1124  1256.138476626381362  8.025e-14
  1125  1257.126164474804000  7.349e-13
  1126  1258.693681728399497  1.974e-14
  1127  1259.719236663125230  3.344e-13
  1128  1260.539605968684327  5.987e-13
  1129  1262.279093186522232  5.426e-13
  1130  1262.866043820781897  1.429e-14
  1131  1263.280778980715468  1.907e-13
  1132  1264.625265809371740  5.321e-13
  1133  1265.524517694580027  3.355e-13
  1134  1266.191624226322801  6.111e-13
  1135  1267.695021177262106  6.564e-13
  1136  1268.227010222711669  9.962e-14
  1137  1269.615017955396070  9.884e-14
  1138  1269.964615070625541  1.786e-13
  1139  1271.112387371723571  4.449e-13
  1140  1271.800392836840274  1.660e-13
  1141  1273.185706247449389  6.924e-13
  1142  1274.259773069402854  3.389e-13
  1143  1274.912334418965884  3.927e-13
  1144  1275.747634400660445  3.923e-13
  1145  1276.447792894742634  2.612e-13
  1146  1277.905275641154731  7.802e-13
  1147  1278.672646115728412  1.754e-14
  1148  1279.531557986150119  6.622e-13
  1149  1280.719791019734203  5.007e-13
  1150  1281.505885705958917  2.546e-13
  1151  1282.404211207538538  2.142e-13
  1152  1282.843935157706483  3.465e-13
  1153  1284.586376397091499  1.654e-13
  1154  1285.263266710730022  4.805e-13
  1155  1286.436898550691240  2.516e-15
  1156  1286.821515577000355  2.013e-13
  1157  1287.892745237491454  3.646e-13
  1158  1288.876534158692721  4.798e-13
  1159  1289.930873707906812  2.556e-13
  1160  1291.064513001653495  2.173e-13
  1161  1291.792677675692630  4.187e-13
  1162  1292.532341192743388  9.001e-14
  1163  1293.926121511763768  2.812e-13
  1164  1294.244847648117002  1.175e-13
  1165  1295.272630455586523  2.884e-13
  1166  1296.951352899574886  3.965e-13
  1167  1297.393021995400431  3.486e-13
  1168  1298.321192849720546  1.124e-13
  1169  1298.989019304853400  1.437e-14
  1170  1300.019843319794973  4.142e-13
  1171  1301.336449607404347  3.377e-13
  1172  1302.159400525645879  5.124e-13
  1173  1302.877701705432401  6.462e-13
  1174  1304.163066809139309  4.244e-13
  1175  1304.794057635849185  3.337e-14
  1176  1305.492355227321241  4.594e-13
  1177  1306.760445635767837  5.110e-13
  1178  1307.750555043416625  3.977e-13
  1179  1308.758494787890868  7.261e-13
  1180  1309.721383536802932  2.532e-13
  1181  1310.278619721018686  2.334e-13
  1182  1311.102823242043542  2.124e-13
  1183  1313.608384727384873  6.147e-13
  1184  1314.304585484460858  6.535e-14
  1185  1314.863276469578295  1.562e-13
  1186  1316.262504666311315  2.497e-13
  1187  1316.852068703840132  1.916e-14
  1188  1317.822754434625040  6.136e-13
  1189  1318.779176874768609  7.409e-13
  1190  1320.269186096421208  1.856e-13
  1191  1320.788242143899879  2.871e-13
  1192  1321.418652620955527  3.111e-13
  1193  1322.468351401998916  3.347e-13
  1194  1323.413845440215709  9.465e-13
  1195  1324.677962387238040  6.158e-13
  1196  1325.515283471220300  2.055e-13
  1197  1326.434611889362031  1.355e-13
  1198  1327.056030046890328  1.131e-13
  1199  1328.204653359637632  7.127e-13
  1200  1329.009227508656750  1.351e-13
  1201  1330.071556992230626  7.046e-13
  1202  1331.159919922360814  2.651e-13
  1203  1331.931734066567515  5.733e-13
  1204  1333.128017158246621  1.931e-13
  1205  1333.643777953453309  2.360e-13
  1206  1334.161962949553072  4.186e-13
  1207  1336.560408161878058  2.466e-13
  1208  1337.501680088563717  7.673e-16
  1209  1338.421541375121706  6.031e-13
  1210  1339.262419639965628  6.946e-13
  1211  1340.323039886890001  2.795e-13
  1212  1341.087479803162296  6.431e-13
  1213  1342.362314154331216  3.759e-13
  1214  1343.185225613615103  9.457e-14
  1215  1344.273086744364264  2.142e-13
  1216  1344.604961478800078  1.258e-13
  1217  1345.860832061912106  6.899e-13
  1218  1348.065375054011838  6.672e-13
  1219  1348.945586550885764  2.896e-13
  1220  1349.455274899835103  2.283e-13
  1221  1350.319051588061257  1.409e-13
  1222  1351.436607649899770  1.480e-13
  1223  1352.487106010648404  4.534e-13
  1224  1353.322602070436460  6.025e-13
  1225  1354.290007464835298  7.742e-13
  1226  1355.415975133638085  2.697e-13
  1227  1356.158140333992151  6.860e-14
  1228  1356.724525021011459  1.554e-13
  1229  1359.271118527542740  1.559e-13
  1230  1359.951297024441601  1.761e-13
