# mod5_quad: first 1230 exact zeros of L(chi,q=5); col2=gamma, col3=|L(1/2+i gamma)| (dps40)
     1  6.648453344727715  7.894e-17
     2  9.831444432886670  4.788e-16
     3  11.958845626083514  9.838e-16
     4  16.033821128384236  1.153e-15
     5  17.566994292325557  2.666e-15
     6  19.540732622784752  4.321e-15
     7  22.227405454459412  2.218e-15
     8  24.588466217408197  4.979e-15
     9  26.776095948004141  1.427e-15
    10  28.461035100177522  6.059e-16
    11  29.707909350480964  3.826e-15
    12  33.000456006870515  9.665e-16
    13  34.728812978904806  5.942e-15
    14  35.868638371812274  1.055e-15
    15  38.129184721436530  4.227e-15
    16  39.560572946403184  7.917e-15
    17  41.842438545791694  1.139e-15
    18  44.031290061441695  1.108e-15
    19  45.427300082782288  1.760e-15
    20  46.492727159491409  7.593e-15
    21  48.345661821067843  1.720e-14
    22  51.087751926746492  1.857e-15
    23  52.125902231316971  8.577e-15
    24  53.830445195442167  1.044e-14
    25  55.589280335404808  4.931e-15
    26  56.838865942890990  5.698e-15
    27  58.386117485358383  1.330e-14
    28  61.138864751921744  2.693e-15
    29  62.132904720233881  7.669e-15
    30  63.709543060981147  1.013e-15
    31  64.637359665374575  2.338e-15
    32  66.747641845937807  6.623e-15
    33  68.590727924825003  1.529e-14
    34  70.115837159193504  4.035e-15
    35  71.605959479243012  1.950e-14
    36  73.350105431468265  1.269e-14
    37  74.293688438016574  1.126e-14
    38  75.534904117228109  1.970e-14
    39  78.072170864382343  3.985e-14
    40  79.786062490097933  1.320e-14
    41  80.567300856410696  3.269e-15
    42  81.923380893154118  7.743e-15
    43  83.699157001874113  1.122e-15
    44  84.952507103754968  2.744e-14
    45  86.809996679338767  2.290e-14
    46  88.281776599709829  3.357e-14
    47  90.715525933146978  2.863e-15
    48  92.450243253774403  1.298e-15
    49  93.394423937828023  2.414e-14
    50  95.970001646037701  3.353e-14
    51  97.331588252898072  1.847e-15
    52  98.227457869901073  1.048e-14
    53  99.838050807536547  1.107e-14
    54  101.187717096918604  2.511e-14
    55  102.605287941050008  8.613e-15
    56  103.666131079767766  1.461e-14
    57  105.973193797758782  2.551e-14
    58  107.297103637525964  2.228e-14
    59  108.498106624261595  7.127e-15
    60  109.550258607184134  1.473e-14
    61  110.636197672627858  2.705e-14
    62  112.615769945049450  1.552e-14
    63  114.230639872381957  2.438e-14
    64  115.578413982377072  5.801e-15
    65  116.635671759783804  1.835e-14
    66  118.371162306355259  9.751e-15
    67  119.561491625880009  1.348e-14
    68  120.281734191852763  1.447e-14
    69  122.061632283894141  1.892e-14
    70  124.242837148950358  6.171e-16
    71  125.281536169054476  6.599e-15
    72  126.398699378424567  1.355e-14
    73  127.320634828115232  1.059e-14
    74  129.048300094320894  7.787e-15
    75  130.197038266857760  6.984e-14
    76  132.086005303117531  4.838e-14
    77  133.030228388331949  2.207e-14
    78  134.924963894111556  1.610e-14
    79  135.874497690098394  3.072e-14
    80  137.201083466840629  2.983e-15
    81  138.035699031304915  3.942e-14
    82  139.410599595145726  5.261e-14
    83  141.946240551604916  1.025e-14
    84  142.524512432987763  2.689e-14
    85  143.961591123287320  1.436e-14
    86  144.948327613261711  3.290e-15
    87  146.384809609109425  7.083e-15
    88  147.879729103182456  3.360e-14
    89  148.679137698927292  4.030e-14
    90  150.562510671158265  3.120e-14
    91  152.114748550115394  4.588e-14
    92  153.287410499429342  3.262e-14
    93  154.490715695516371  1.585e-14
    94  155.242079999055818  4.409e-15
    95  156.499728543941501  6.350e-14
    96  158.400027041824643  1.081e-14
    97  159.872777573313613  6.065e-14
    98  161.246217561694095  1.036e-14
    99  161.767662597234647  2.803e-14
   100  163.757673728310834  2.214e-14
   101  164.612009393175640  1.526e-14
   102  165.784913265571220  1.555e-14
   103  166.898407662787861  8.386e-14
   104  168.854215261519158  1.440e-14
   105  170.432961762756207  1.184e-14
   106  171.343591376724532  4.611e-15
   107  172.110972629646000  1.698e-14
   108  173.559435026592126  4.055e-14
   109  174.638725563425055  1.246e-15
   110  176.356041320938203  5.783e-15
   111  177.725942057748000  1.471e-14
   112  178.792864986560005  1.939e-14
   113  180.242935135514045  4.728e-14
   114  181.569041019801404  9.131e-15
   115  182.383684767230307  2.425e-14
   116  183.797773185580979  1.797e-14
   117  184.362831326647267  4.824e-14
   118  186.896060680227123  6.732e-14
   119  187.945025987423122  2.239e-14
   120  188.959468674629932  3.405e-14
   121  190.139596763393200  2.732e-14
   122  190.970222276112082  3.482e-14
   123  192.823075408235098  5.826e-14
   124  193.536678639432836  4.501e-14
   125  195.096814688640279  7.784e-14
   126  197.861009507723679  5.660e-14
   127  199.091021706241264  1.663e-14
   128  200.245440845425009  7.198e-15
   129  200.754060140183071  2.705e-14
   130  202.194951442884104  7.732e-14
   131  203.843901944959299  5.844e-14
   132  205.746176520452593  2.271e-14
   133  206.161410093047095  1.829e-14
   134  207.457680078971748  1.033e-14
   135  208.625762407170726  3.278e-14
   136  210.301886303525407  2.053e-14
   137  210.677462194503676  1.992e-14
   138  212.231446511686329  7.634e-14
   139  213.520874140782610  9.981e-15
   140  215.446451451193326  6.187e-14
   141  216.340034149343126  8.654e-15
   142  217.198333964942435  1.241e-14
   143  218.446883100058272  3.037e-14
   144  219.262090216380386  5.167e-14
   145  220.787388392618851  1.213e-13
   146  222.466954263669038  7.336e-14
   147  223.525174845899784  4.408e-14
   148  224.590569554740227  1.143e-14
   149  225.952817446017548  2.610e-14
   150  227.050615239687005  9.761e-15
   151  228.270260668310527  3.145e-14
   152  229.129341118777631  1.317e-15
   153  230.065546722249991  5.630e-14
   154  232.350413570317016  4.177e-14
   155  233.278935916985091  1.735e-14
   156  234.585123423615897  7.466e-15
   157  235.278144084971899  2.187e-14
   158  236.319465106213357  2.396e-14
   159  237.750245985949306  2.073e-14
   160  239.018439318410969  1.298e-14
   161  240.079238596913399  5.912e-14
   162  241.829538192098113  9.351e-15
   163  242.471448437245556  5.709e-14
   164  244.278139951323084  5.017e-14
   165  245.093146542178715  1.599e-15
   166  245.941446142144088  1.790e-14
   167  247.049201975238077  5.901e-14
   168  248.192591633949121  1.163e-14
   169  250.256781270471805  3.885e-14
   170  251.241202786162575  1.831e-14
   171  252.442642867497028  2.302e-14
   172  252.878345551652018  1.700e-14
   173  254.699542811091021  4.517e-14
   174  255.481714351875866  8.205e-15
   175  256.795096008260941  9.735e-14
   176  257.827041964535056  1.180e-13
   177  259.225508443732906  2.333e-13
   178  260.901556909169699  7.304e-14
   179  261.835847243283467  6.488e-14
   180  262.725396395690780  2.912e-14
   181  263.939032865330432  6.169e-14
   182  264.589516593874862  1.276e-14
   183  266.018355838781133  1.826e-13
   184  267.866741832044113  1.713e-13
   185  268.768973015473307  9.874e-14
   186  269.920019932157288  8.192e-14
   187  270.976625227904947  7.207e-14
   188  272.112902814957977  5.056e-14
   189  273.510956389849412  5.969e-14
   190  274.294856491739722  6.588e-14
   191  275.085546418044942  4.045e-14
   192  276.844120467451319  1.658e-13
   193  278.525944666536191  1.355e-13
   194  279.301734724184030  2.202e-14
   195  280.495877666932586  2.891e-14
   196  281.260035209496209  3.034e-14
   197  282.170046555628574  5.612e-14
   198  283.934605185006944  6.936e-14
   199  284.614160744266258  8.620e-14
   200  286.569371563227207  1.153e-13
   201  287.122882957618117  5.236e-14
   202  288.495107861390522  4.895e-14
   203  289.896520866949970  7.278e-14
   204  290.738784962433158  1.859e-14
   205  291.684640555767430  3.354e-14
   206  292.632341445982206  1.050e-14
   207  293.853784417668692  6.374e-14
   208  295.797056425832693  1.676e-13
   209  297.105503126143617  2.412e-14
   210  297.387221347929881  3.314e-14
   211  298.752697401443243  6.922e-14
   212  299.766703022654610  6.769e-14
   213  300.999842876080265  1.477e-13
   214  302.128471244480409  9.242e-14
   215  303.260870220955042  4.976e-14
   216  304.461290831205019  3.196e-14
   217  305.999714987220216  1.779e-13
   218  307.013539187500953  1.068e-13
   219  308.192623933199911  4.083e-14
   220  308.829120788312309  6.379e-14
   221  310.232466361503725  4.092e-14
   222  310.590034607702819  9.785e-15
   223  312.830127982244505  1.514e-13
   224  313.861323105225779  8.533e-14
   225  315.037263592568763  3.030e-15
   226  315.963667983872028  7.504e-14
   227  316.806596971345584  1.694e-14
   228  318.444761629091261  9.660e-14
   229  319.181052542242412  3.938e-14
   230  320.240013459472607  4.126e-14
   231  321.213994841737133  5.520e-14
   232  323.066100804455345  9.352e-14
   233  324.066774852577566  2.974e-14
   234  325.543398101021069  1.904e-14
   235  325.973043555730328  6.308e-15
   236  326.910391695270732  4.653e-14
   237  328.168321637972326  1.137e-13
   238  329.298062232463849  2.032e-13
   239  330.711706206325289  1.134e-13
   240  332.158234769759304  8.888e-14
   241  332.829845358703039  8.400e-14
   242  333.994627357536103  9.902e-14
   243  335.452689871579935  7.752e-14
   244  336.262717770054849  5.515e-15
   245  337.161684690634559  8.562e-14
   246  338.287893368691414  4.145e-14
   247  339.178022250610979  2.954e-14
   248  341.260136091063146  1.170e-13
   249  342.424851633868855  4.361e-14
   250  342.827584986327224  5.093e-14
   251  344.238183749043060  3.987e-14
   252  344.925819771561351  7.480e-15
   253  346.175759487023413  1.033e-13
   254  347.491887628707616  6.593e-14
   255  348.451746214332445  4.566e-14
   256  349.812859184196554  9.202e-15
   257  350.862683200425806  1.640e-13
   258  352.386508648563392  4.797e-14
   259  352.968045139332901  2.861e-14
   260  354.419296586507016  3.594e-14
   261  355.084402872705652  5.378e-14
   262  355.734052088272847  4.791e-14
   263  357.410192222672208  1.317e-13
   264  359.035631100746627  1.862e-13
   265  360.001568878267847  3.988e-14
   266  360.990942354622746  8.993e-15
   267  361.802907373783000  6.135e-14
   268  362.888881768401973  1.221e-13
   269  364.347659790645253  3.373e-14
   270  365.155920460627442  5.665e-14
   271  365.955707062708768  4.840e-14
   272  367.609213762311811  8.654e-14
   273  368.621960947677053  1.512e-13
   274  370.452399681653446  2.220e-14
   275  370.654645704638085  1.892e-15
   276  372.053220727152848  4.164e-14
   277  372.565481248511162  5.413e-14
   278  373.888400974104741  6.006e-14
   279  374.957882755801450  6.707e-14
   280  376.661965624093625  6.091e-14
   281  377.695626851471900  1.070e-13
   282  378.531434358215733  9.729e-14
   283  379.520916881163146  6.816e-14
   284  381.083446401647279  3.186e-14
   285  381.612627330347550  6.520e-14
   286  382.900914097507325  4.328e-14
   287  383.746751145069766  3.513e-14
   288  384.672325084452666  5.275e-14
   289  386.801969081307618  1.226e-13
   290  387.531958092526850  6.345e-14
   291  388.626656578723100  5.334e-14
   292  389.464508963665821  5.053e-14
   293  390.381434921210484  3.273e-14
   294  391.408196134810112  1.504e-13
   295  392.703763383928788  9.622e-14
   296  394.000787282428632  9.510e-14
   297  394.890255146521156  1.491e-14
   298  396.438918531345905  4.879e-16
   299  397.043354077526885  8.358e-14
   300  398.487716553577343  3.994e-14
   301  399.606322305045751  3.131e-15
   302  400.127321866913746  2.654e-14
   303  401.239516726426587  8.832e-15
   304  402.125005668304425  9.971e-14
   305  404.072987993004460  2.855e-13
   306  405.073039075710369  7.204e-14
   307  406.236721114772990  2.311e-14
   308  406.901364734948345  2.122e-15
   309  407.732878228126594  1.072e-13
   310  409.163532112125154  1.640e-13
   311  410.299063692331856  2.751e-14
   312  410.914641976178245  2.029e-14
   313  412.460536646608432  1.619e-13
   314  413.429903523334872  4.844e-14
   315  414.811020219470038  1.992e-13
   316  416.054589607268213  2.256e-15
   317  416.809916534709657  1.711e-14
   318  417.578050743931101  7.390e-14
   319  418.779490116590239  5.447e-14
   320  419.446737221368608  9.009e-14
   321  421.020094498176093  2.930e-13
   322  422.677571644853344  6.305e-14
   323  423.376822068572324  7.536e-14
   324  424.129602404894001  1.473e-14
   325  425.550962972462173  6.600e-14
   326  426.298350797166904  1.087e-13
   327  427.625033611389483  4.632e-14
   328  428.553281357685648  4.601e-14
   329  429.251912095019009  2.925e-14
   330  430.575700070827452  3.660e-14
   331  432.271991299482977  1.598e-13
   332  433.271187016606916  3.457e-15
   333  434.057124624243954  8.565e-14
   334  435.084539181413561  7.645e-14
   335  436.077020622190389  4.858e-14
   336  436.594730309550926  3.171e-14
   337  438.466089763033949  3.270e-15
   338  439.169028446993764  1.829e-13
   339  440.800452861120618  8.864e-16
   340  441.522609011439272  7.342e-14
   341  442.581654897648775  1.010e-14
   342  443.751628663565612  3.864e-14
   343  444.966022621647824  8.400e-14
   344  445.654945792384069  6.479e-14
   345  446.504734903551878  1.115e-14
   346  447.504513719062572  4.078e-14
   347  449.106489685532495  2.820e-13
   348  450.578671195274069  4.135e-14
   349  451.352032589326996  3.665e-14
   350  452.391022678046909  2.068e-14
   351  452.850164433836028  4.735e-14
   352  454.283920978954825  1.954e-14
   353  455.324849755285243  1.407e-13
   354  456.280673551577763  3.480e-14
   355  457.543013016914927  1.464e-13
   356  458.657791913189556  5.409e-14
   357  459.696272341301153  1.779e-13
   358  461.063988250662987  5.609e-15
   359  462.036637359335316  3.580e-14
   360  462.741318521619860  2.575e-14
   361  463.729327362574281  3.213e-14
   362  464.759967194221304  7.224e-14
   363  465.494974741247802  1.119e-13
   364  467.788367576152439  1.144e-14
   365  468.192298278140754  4.027e-14
   366  469.389540666031053  3.028e-14
   367  470.375167252536187  6.623e-14
   368  471.065700138049351  5.487e-14
   369  472.601842243805777  7.993e-15
   370  473.230976293853757  6.495e-14
   371  474.740823437155825  1.314e-14
   372  474.939020706869940  5.000e-14
   373  476.784891341640844  2.526e-13
   374  478.099738958549551  1.231e-13
   375  478.895275247457619  7.407e-14
   376  480.063897598003336  8.710e-14
   377  480.918666024481013  5.050e-14
   378  481.404620124724602  5.176e-14
   379  482.734160193994967  9.074e-14
   380  483.942299254666921  3.012e-13
   381  485.302136037569937  2.521e-13
   382  486.351945181306633  8.658e-14
   383  487.494042289859067  5.632e-14
   384  487.947451479318374  1.415e-14
   385  489.524506106633964  8.337e-14
   386  490.489498941665488  4.276e-14
   387  491.299234558462558  3.236e-14
   388  492.096214125701124  8.627e-14
   389  493.234523016798619  2.530e-14
   390  494.621545112558181  5.292e-14
   391  496.232376628578720  1.635e-14
   392  496.938616046221682  2.205e-14
   393  497.599851094633266  1.748e-15
   394  498.743118701883418  1.460e-14
   395  499.520892556017543  6.765e-14
   396  500.779473169722621  1.771e-13
   397  501.799331244063694  1.670e-13
   398  503.010482029007733  1.447e-13
   399  504.307272020167488  4.353e-14
   400  504.854914892319584  1.018e-13
   401  506.547036564130508  4.529e-14
   402  507.233863906981014  2.162e-14
   403  508.142265263519221  7.194e-14
   404  509.730617534435623  1.453e-14
   405  510.881679146164799  1.654e-13
   406  512.739723344602226  3.314e-13
   407  513.838826458100925  1.836e-13
   408  514.664670967804000  7.165e-14
   409  515.462115956306548  7.674e-14
   410  516.645408988522945  1.894e-13
   411  517.249066065305897  1.256e-13
   412  518.861241429325332  7.656e-14
   413  519.571966992646026  1.104e-13
   414  520.408329517843185  3.555e-13
   415  521.869349047351079  4.204e-13
   416  523.031946158332858  6.761e-14
   417  524.065589875091518  3.315e-13
   418  525.315728612908174  5.775e-14
   419  525.876811278845025  2.196e-14
   420  526.812987781964921  6.159e-14
   421  527.621308097758288  1.423e-13
   422  528.834617645569210  3.680e-13
   423  530.233597797949869  5.326e-13
   424  531.487187486672156  1.354e-13
   425  532.509796397363971  1.741e-13
   426  533.070487050301608  2.120e-14
   427  534.166562671671500  3.234e-13
   428  535.521565999069594  8.076e-16
   429  536.442404209122060  5.226e-14
   430  536.942199446388827  5.020e-14
   431  538.430235667014585  3.209e-13
   432  539.008806759640720  1.835e-13
   433  540.978185512689606  4.563e-13
   434  541.782409028113648  2.252e-14
   435  542.932301333853388  5.523e-14
   436  543.414346675526076  5.483e-14
   437  544.453102059226694  2.117e-13
   438  545.498852880581353  1.237e-13
   439  546.394678018547665  1.519e-13
   440  547.798648491132099  1.054e-13
   441  549.073710701793857  3.004e-13
   442  549.682620637458399  1.535e-13
   443  551.087889881390652  1.703e-13
   444  551.844239812611931  2.236e-13
   445  553.119803129223669  2.444e-13
   446  553.945281286983572  1.016e-13
   447  554.843842765896397  1.562e-13
   448  555.634808512070094  9.000e-14
   449  556.582396689488064  4.587e-13
   450  558.685790598153631  2.660e-13
   451  559.181716741267110  5.683e-14
   452  560.405630694093020  7.058e-14
   453  561.217141292406836  2.320e-15
   454  561.955244420754980  1.718e-13
   455  562.938694321524963  1.891e-13
   456  564.439427220999619  9.426e-14
   457  565.029030198660962  1.772e-14
   458  566.111504775955268  2.468e-13
   459  567.596556618583918  3.491e-13
   460  568.288859618705146  2.666e-13
   461  569.659095717308105  3.163e-13
   462  570.730664362659695  1.357e-13
   463  571.368839073935533  2.693e-14
   464  572.387505595463381  1.540e-13
   465  573.003318071226431  9.461e-14
   466  574.258786241435359  3.884e-13
   467  575.566055531331472  1.027e-13
   468  577.159917807320539  1.491e-13
   469  577.715129523574205  1.426e-13
   470  578.546303299298870  1.608e-13
   471  579.484535759275786  2.292e-14
   472  580.907461878889762  9.305e-14
   473  581.417162906630324  3.241e-14
   474  583.189287969306861  1.917e-14
   475  584.685384841132304  5.673e-13
   476  585.819103462852127  6.582e-13
   477  587.453474539108129  6.198e-15
   478  587.928922221732023  3.822e-14
   479  588.722064130352237  8.805e-14
   480  590.029771583085562  4.183e-14
   481  590.458391404879080  7.842e-14
   482  591.526566687338800  3.386e-13
   483  592.985449353875765  4.831e-13
   484  594.170814860043151  8.468e-14
   485  595.089884267177354  3.004e-13
   486  596.142635799561049  2.269e-13
   487  596.936453686777099  1.177e-13
   488  598.170297810778266  2.986e-13
   489  599.080509103242548  1.330e-13
   490  600.117949737570711  1.126e-13
   491  600.829815115048177  1.170e-13
   492  601.542960603473375  2.733e-13
   493  603.278823679261563  6.421e-13
   494  604.603740977612119  2.516e-13
   495  605.306388411106354  1.245e-13
   496  606.441363181653060  1.614e-13
   497  607.145512110228424  3.885e-14
   498  607.725226585745304  4.646e-14
   499  609.280048342136979  1.782e-14
   500  610.078299629525191  2.778e-14
   501  611.150944070691253  3.236e-13
   502  612.394108181153911  4.920e-13
   503  613.420514306359109  2.630e-13
   504  614.295997809038795  5.679e-14
   505  615.528994651003245  2.420e-13
   506  617.035167014047374  2.319e-14
   507  618.059672003089759  1.528e-13
   508  619.221112880593751  2.681e-13
   509  619.903197950358731  7.913e-14
   510  621.890383243419706  2.867e-13
   511  622.801673865931207  1.500e-14
   512  623.410402691774379  4.161e-14
   513  624.528840484668194  1.825e-13
   514  625.185685961066042  1.285e-13
   515  626.517795482761699  1.792e-13
   516  627.399831640187813  4.420e-14
   517  628.297570786378060  6.318e-14
   518  629.479502400150068  1.012e-13
   519  630.238921857920104  4.937e-13
   520  631.835542098929523  2.966e-13
   521  632.874342189614595  1.380e-13
   522  633.588088765544285  1.705e-13
   523  634.722908046568932  1.412e-13
   524  635.348112797875046  4.067e-14
   525  636.292378884880691  2.001e-13
   526  637.096522031437871  4.944e-14
   527  638.773279436063717  2.499e-13
   528  639.752094758541830  3.941e-13
   529  640.924917824186196  1.856e-13
   530  641.540522606895479  5.546e-14
   531  642.673789568038274  2.440e-13
   532  643.476527957554936  2.336e-14
   533  644.882076289984752  1.765e-13
   534  645.563911753028378  1.099e-13
   535  646.282532901951413  2.278e-13
   536  647.277628729948219  4.500e-13
   537  648.810042120129197  5.488e-13
   538  649.919608872073582  4.510e-13
   539  651.098109100806369  1.365e-13
   540  651.838187543960998  4.777e-14
   541  652.402793839883998  1.206e-13
   542  653.588719465700933  1.871e-13
   543  654.288125403890490  2.747e-13
   544  655.825675724626535  3.015e-13
   545  656.409393805289596  2.274e-13
   546  658.026521067080580  2.290e-13
   547  658.902842700370456  1.650e-13
   548  659.415307983861680  4.351e-14
   549  661.161318832221468  5.190e-14
   550  661.686597793598025  6.578e-14
   551  662.719482144665790  7.493e-15
   552  663.508941942125830  7.957e-15
   553  664.508345226877850  1.278e-14
   554  665.192488555922296  1.839e-13
   555  667.083368755514925  6.286e-13
   556  668.123590376814718  5.733e-14
   557  669.037936659822094  2.063e-14
   558  669.470168541043790  3.134e-14
   559  670.786114632889394  5.548e-14
   560  671.482950775008021  3.932e-14
   561  672.596558682549016  1.258e-13
   562  673.782856586185062  2.808e-13
   563  674.527490132472394  2.141e-13
   564  675.644862155373175  4.091e-13
   565  676.865007922969994  1.447e-15
   566  677.974108502716490  3.453e-13
   567  678.885291896858917  8.189e-14
   568  679.859038854803202  8.111e-14
   569  680.719108989691335  4.168e-14
   570  681.418237026755833  2.840e-14
   571  682.234663912203132  4.244e-14
   572  683.566407656234560  6.315e-13
   573  685.195668915615443  2.742e-13
   574  685.727264982322822  6.852e-15
   575  687.015188694131552  1.914e-13
   576  687.702511931895174  9.531e-14
   577  688.361266711690632  2.346e-14
   578  689.896129757388167  1.958e-13
   579  690.785056568110122  2.779e-14
   580  691.314059619245882  1.778e-13
   581  692.466472797135566  3.730e-13
   582  693.538603118167657  6.384e-13
   583  694.871068059743038  3.693e-13
   584  696.086904705253119  1.745e-13
   585  696.801030695033546  4.382e-14
   586  697.898122718296690  2.924e-14
   587  698.270945203529095  1.608e-14
   588  699.328836580978987  2.549e-13
   589  700.608119011024314  3.397e-13
   590  701.268138453819006  2.044e-13
   591  703.146911674068519  9.311e-14
   592  703.544582855135786  6.187e-14
   593  704.737037360048021  1.868e-13
   594  705.508124325727522  8.850e-14
   595  706.810216686574790  1.080e-13
   596  707.680078475499158  9.158e-14
   597  708.399852124604308  1.369e-14
   598  709.586615208340731  9.041e-14
   599  710.025677027425559  4.205e-15
   600  711.306007209603194  3.718e-13
   601  713.153668235829741  5.013e-14
   602  713.779217090769180  6.918e-14
   603  714.547690530979366  6.284e-15
   604  715.606416758974660  6.294e-14
   605  716.365773987885973  1.437e-13
   606  717.164955692894296  2.172e-13
   607  718.416424556837114  1.530e-13
   608  719.551496357988981  2.895e-13
   609  720.236070433145869  1.087e-13
   610  721.608311531497407  4.331e-13
   611  722.552608554685321  3.898e-13
   612  723.484869820580229  1.211e-13
   613  724.797728261275665  9.599e-15
   614  725.310057816349513  5.532e-14
   615  726.509252071081733  3.060e-14
   616  727.036190548200466  8.768e-14
   617  727.799886227561615  2.662e-14
   618  729.424317617938755  2.829e-13
   619  730.577236327051878  3.077e-13
   620  731.722969979838240  2.045e-13
   621  732.586571953262705  1.007e-13
   622  733.009771996432619  8.240e-14
   623  734.185877939294073  2.606e-13
   624  735.306644512878393  1.822e-13
   625  736.258731688697253  3.640e-14
   626  737.110689434860774  7.640e-14
   627  737.909950502355287  1.596e-13
   628  739.357548412762981  5.143e-13
   629  740.162847339644031  2.798e-13
   630  741.661956766292406  8.256e-14
   631  742.421230655326895  8.219e-14
   632  743.164720823526523  1.245e-13
   633  743.846996933022069  5.600e-14
   634  745.287514187640340  3.011e-14
   635  747.071302506125903  2.604e-13
   636  748.340479809158069  3.914e-13
   637  749.471954669896149  8.934e-14
   638  749.864493517178971  1.455e-15
   639  751.083963116915243  1.989e-13
   640  752.037090234521770  2.885e-13
   641  753.064833708532092  1.586e-13
   642  753.945176289512005  1.115e-13
   643  754.834707261059066  2.569e-14
   644  755.633502888226417  5.703e-14
   645  756.547700760393013  3.142e-13
   646  758.915373242135502  1.235e-13
   647  760.107204073543130  1.850e-13
   648  760.912799985915399  2.560e-15
   649  761.777160954169631  6.165e-14
   650  762.354300645621834  1.441e-13
   651  763.687647893090684  1.776e-13
   652  764.761170955960665  4.424e-13
   653  765.665536525160633  1.873e-13
   654  766.968118759673985  3.254e-13
   655  767.687717076118815  1.037e-14
   656  768.910549046200458  1.834e-13
   657  769.558463504743600  4.355e-16
   658  771.093544274222609  7.542e-14
   659  771.604626792176987  4.463e-14
   660  772.098150737618653  6.291e-14
   661  773.393507485661985  3.312e-13
   662  774.180832239782490  1.444e-13
   663  775.871591547087519  7.176e-16
   664  776.939126977352316  1.658e-13
   665  777.623725880320990  1.021e-14
   666  778.585621349656094  1.196e-13
   667  779.145204452977509  1.804e-13
   668  780.298167858368856  3.664e-13
   669  781.582602496865775  2.199e-13
   670  782.063380626696130  1.134e-13
   671  783.223651268870526  1.813e-14
   672  784.436106453957905  1.218e-13
   673  785.178638807490756  3.806e-13
   674  786.567982469574758  3.429e-13
   675  787.666475199401475  1.141e-13
   676  788.186147892174290  7.559e-14
   677  789.210200269778966  9.628e-14
   678  789.992061015965305  1.424e-13
   679  790.865431850647951  3.330e-15
   680  791.694591975313529  4.986e-13
   681  793.423067595983071  5.602e-13
   682  794.393425580434155  1.948e-13
   683  795.196522514739172  9.499e-14
   684  796.003193460571310  2.395e-14
   685  796.988828782501855  1.828e-13
   686  797.971334905258232  1.732e-13
   687  798.899727854135563  1.641e-13
   688  800.002004374543731  6.200e-14
   689  800.749920255236475  6.377e-16
   690  801.323501576186459  1.738e-13
   691  803.092279572448774  7.327e-14
   692  803.995011693998890  8.827e-14
   693  805.256909637389640  1.494e-13
   694  805.763207408968242  6.459e-14
   695  806.771803094383586  1.568e-13
   696  807.577248512888218  1.108e-14
   697  808.193673153460054  1.221e-13
   698  809.570638317252815  3.884e-14
   699  810.659862457380541  4.511e-13
   700  811.580106073826414  1.726e-13
   701  812.970256532016037  1.171e-13
   702  813.548891168366708  1.481e-13
   703  814.269073614857916  2.872e-13
   704  816.295553065419540  9.747e-14
   705  817.364002289686709  9.308e-14
   706  818.190031903901172  2.112e-13
   707  818.892466722596396  6.234e-14
   708  820.219281603813783  4.539e-13
   709  821.629436067600068  1.883e-14
   710  822.781322716795103  1.286e-13
   711  823.279846167510186  2.254e-14
   712  824.144741189342994  1.803e-13
   713  824.965616891411742  6.827e-14
   714  826.017903823083316  2.098e-13
   715  827.055765875622342  6.566e-14
   716  827.848494323452883  5.695e-14
   717  829.166466677042763  2.999e-13
   718  829.930452888387094  1.736e-13
   719  831.054808613308751  2.479e-14
   720  832.088719590121286  5.332e-14
   721  833.662601455559752  1.013e-13
   722  835.054778453994572  7.009e-14
   723  835.447726237869460  3.096e-14
   724  836.471808382058725  1.400e-13
   725  837.322391196504555  3.302e-13
   726  839.129078709931264  6.268e-13
   727  840.154313875679577  2.529e-14
   728  840.452653986209612  1.247e-13
   729  841.993432855091783  3.874e-14
   730  842.294534654898030  6.959e-15
   731  843.323523506327774  2.262e-13
   732  844.708737855820800  1.685e-13
   733  845.405109269083482  1.919e-13
   734  846.106938110762258  1.878e-13
   735  847.245865073889263  5.852e-13
   736  848.373620980345549  6.830e-13
   737  849.781733145152884  4.318e-14
   738  850.318588016926242  2.162e-13
   739  851.645381802621273  5.892e-14
   740  852.157657344704148  4.298e-14
   741  852.970931309204047  2.221e-14
   742  853.697099605269159  2.200e-13
   743  855.056971064326603  2.183e-13
   744  855.912878313334659  1.649e-13
   745  857.372110376442038  4.461e-13
   746  858.250584484544106  2.374e-13
   747  858.962927033130200  1.030e-13
   748  859.804522697558355  1.790e-15
   749  860.999831850044529  8.413e-14
   750  862.011669461165866  9.697e-14
   751  862.768637787772604  1.542e-15
   752  863.428624116215587  1.575e-13
   753  864.580646476999277  1.492e-13
   754  865.361083020750584  4.558e-13
   755  867.024409885167074  6.297e-13
   756  868.047952030812667  1.256e-13
   757  868.781708180643591  1.190e-13
   758  869.475325876760735  2.077e-14
   759  870.298585738805400  2.424e-13
   760  871.560732965502098  1.062e-13
   761  871.885966664009743  2.637e-15
   762  873.532392155867001  1.040e-13
   763  874.189958313917487  3.204e-13
   764  875.522309986366167  1.841e-13
   765  876.232223332837179  2.825e-13
   766  877.310742816213974  1.934e-13
   767  878.409492561857633  1.716e-14
   768  879.242274728745656  1.085e-13
   769  880.069379762891913  7.962e-14
   770  881.008767637412234  1.072e-13
   771  881.803942301399616  1.072e-13
   772  882.302558597648726  2.173e-14
   773  884.350974104340821  1.203e-13
   774  885.061805229270135  1.436e-13
   775  886.134387800111199  2.965e-13
   776  887.099619288530334  5.621e-17
   777  887.447688034594535  4.384e-14
   778  888.645084230691850  2.787e-14
   779  889.524503899243996  3.322e-13
   780  890.789175833534046  2.239e-14
   781  891.426792940658629  1.949e-13
   782  892.226268102456061  4.300e-13
   783  893.744518053192110  6.835e-14
   784  894.464296570756233  2.029e-13
   785  895.653529181364547  2.852e-13
   786  896.697777838483375  1.818e-13
   787  897.543775603426752  4.825e-14
   788  897.945186778539096  9.270e-14
   789  899.058801058158451  1.081e-13
   790  899.855024221440999  4.013e-13
   791  900.976751498594240  2.823e-13
   792  902.347578402661838  1.508e-13
   793  903.513748291963225  1.323e-13
   794  904.057954017082579  7.043e-14
   795  904.922679358757932  1.609e-13
   796  905.835008119941108  2.010e-13
   797  907.049779955288500  2.604e-13
   798  907.886139154229568  1.040e-13
   799  908.546108384298918  6.112e-14
   800  909.669268401446971  1.681e-15
   801  910.376734558814633  3.940e-13
   802  911.605991154169260  5.377e-13
   803  913.284265433364112  1.141e-13
   804  913.706789020135602  6.157e-14
   805  914.482095861751873  1.831e-13
   806  915.713706152420059  5.466e-14
   807  916.092003250849302  7.347e-14
   808  917.066253473493134  4.938e-14
   809  918.197545679413452  5.295e-13
   810  919.205774958277175  5.725e-13
   811  920.620422264954186  2.603e-14
   812  921.064221245824797  1.142e-13
   813  922.298386782777698  4.778e-14
   814  923.199278187311506  6.339e-14
   815  924.032728432087993  9.272e-14
   816  925.173925617756936  1.006e-13
   817  926.028197984533563  1.349e-14
   818  926.683080419539124  1.159e-13
   819  927.355964392626106  2.574e-13
   820  928.600827579184738  4.671e-13
   821  930.077981623665551  6.404e-13
   822  931.135228918034500  4.788e-16
   823  931.750004578181915  1.521e-13
   824  932.718521011727375  8.376e-15
   825  933.894698106847500  1.966e-14
   826  935.723831520352633  1.837e-13
   827  936.167961187566902  2.104e-14
   828  937.218665379171171  3.296e-13
   829  938.268996724357180  6.088e-13
   830  939.976586470224447  2.387e-14
   831  941.521200773860869  2.827e-13
   832  942.374465175128080  4.449e-14
   833  943.023603256519550  1.394e-13
   834  943.803975545625576  1.007e-13
   835  944.811523657530074  1.485e-13
   836  945.439094586812189  9.648e-14
   837  948.266109109980448  5.913e-14
   838  948.986552318056169  1.352e-13
   839  949.923153936606695  1.359e-13
   840  950.385533411090478  1.350e-13
   841  951.589029770170896  3.499e-13
   842  952.639762612014692  2.589e-13
   843  953.300058230683021  1.954e-14
   844  954.441612069163625  1.812e-13
   845  955.272977317992741  1.190e-14
   846  955.935963845286892  3.317e-13
   847  957.512375732534110  1.867e-13
   848  958.460480538624324  1.434e-13
   849  959.573274497389207  9.523e-14
   850  960.140982348263378  2.050e-14
   851  960.963992279528043  1.538e-13
   852  962.080189233664555  1.064e-13
   853  962.443098366549634  2.185e-14
   854  963.588644143719193  6.273e-13
   855  965.166983963792632  2.685e-13
   856  965.731206947724900  2.038e-13
   857  967.036282062295072  1.892e-14
   858  967.795122238892986  1.563e-14
   859  968.513317064645776  2.425e-13
   860  969.613638641865919  9.617e-15
   861  970.703772994684641  2.249e-13
   862  971.466400950402658  1.354e-13
   863  972.211457562435157  1.353e-13
   864  972.947325025401938  1.617e-13
   865  974.062340574989435  1.102e-13
   866  975.638196354799220  5.277e-13
   867  976.363397997777156  1.368e-13
   868  977.554256991311377  1.047e-13
   869  978.132525116647457  5.439e-14
   870  978.788231904645613  9.859e-14
   871  979.731859900396444  1.785e-13
   872  980.770931752703632  2.141e-13
   873  981.934674513486925  2.709e-13
   874  982.456215750417755  2.113e-13
   875  984.046402098659769  4.254e-13
   876  984.704765971388156  1.277e-13
   877  985.535197733652808  7.231e-14
   878  986.874242051506485  2.182e-13
   879  987.596356333483186  4.417e-14
   880  988.663390532441781  1.245e-13
   881  989.165459306137677  1.386e-13
   882  990.062432426571831  2.613e-13
   883  991.060713641560824  6.083e-14
   884  991.809756109646742  6.455e-13
   885  993.842504616646124  8.109e-14
   886  994.228950617664282  1.737e-13
   887  995.211414393457062  1.103e-13
   888  995.850742761064225  5.084e-14
   889  997.085622687733462  8.490e-14
   890  997.511248008351799  1.830e-13
   891  998.835884616402950  2.891e-13
   892  999.840457616208255  6.269e-14
   893  1000.327976351191296  4.311e-14
   894  1001.646907040497922  1.135e-13
   895  1002.427158450588763  5.781e-13
   896  1003.970902767914708  3.133e-13
   897  1004.576906387005238  9.608e-14
   898  1005.482790500318856  2.149e-13
   899  1006.507048177702586  1.159e-13
   900  1007.170370240273883  1.007e-13
   901  1007.758383001756897  6.872e-14
   902  1008.805640572909510  1.276e-14
   903  1010.136973608169569  4.990e-15
   904  1011.210867009659637  2.545e-13
   905  1012.265963765087690  2.304e-13
   906  1012.996101453963888  7.179e-14
   907  1013.908793680615872  1.739e-13
   908  1014.533569309954942  3.801e-14
   909  1015.983215002203906  1.745e-13
   910  1016.588467652885697  1.847e-13
   911  1017.668938762938524  1.242e-13
   912  1018.022236026756786  1.676e-13
   913  1019.287720092077166  6.058e-14
   914  1020.490912978534993  3.525e-13
   915  1021.648046028461977  8.702e-14
   916  1022.653679266972517  8.854e-14
   917  1023.556534363227570  5.562e-14
   918  1023.846174183030712  6.982e-14
   919  1024.938427217510934  3.806e-13
   920  1025.859775931188096  3.329e-13
   921  1026.765689284345399  7.597e-13
   922  1027.820430054543976  7.844e-13
   923  1029.024130478330790  7.115e-13
   924  1029.894747994613454  1.625e-13
   925  1030.907321794983545  3.519e-13
   926  1031.454479252727651  1.499e-13
   927  1032.935601554190043  6.145e-13
   928  1033.753203466840432  1.812e-13
   929  1034.136189417519972  2.557e-13
   930  1035.445541066383157  1.091e-13
   931  1036.196846947082349  5.391e-14
   932  1036.578648164140304  2.182e-14
   933  1039.627656360891024  5.855e-13
   934  1040.204324192310423  1.327e-14
   935  1041.071348215878970  2.681e-13
   936  1042.047444396793708  2.084e-13
   937  1042.552483646403289  9.924e-14
   938  1043.779058089705359  6.276e-13
   939  1044.580849448254639  6.519e-13
   940  1045.890142856011380  2.181e-13
   941  1046.280095244051381  2.500e-15
   942  1048.776901204986871  6.924e-13
   943  1049.424873409030170  1.249e-13
   944  1050.658779749284122  5.538e-13
   945  1051.413945524901465  2.140e-13
   946  1052.224908506600059  9.114e-14
   947  1053.024764210079411  1.359e-13
   948  1053.557261258084282  3.359e-13
   949  1054.834626554185888  2.149e-15
   950  1057.299054627746727  4.164e-13
   951  1058.010817133446835  2.976e-13
   952  1058.837364422201063  7.961e-14
   953  1059.650293033083472  3.162e-13
   954  1060.367376782154224  4.107e-13
   955  1061.853880022185649  1.297e-13
   956  1062.407540857302138  3.074e-13
   957  1063.138570338113368  3.601e-13
   958  1065.260847414977661  6.788e-13
   959  1066.181334323697001  6.539e-13
   960  1067.729481418425621  3.530e-14
   961  1068.248722954493360  5.700e-14
   962  1068.987640341246333  2.592e-13
   963  1070.033803131387913  1.598e-13
   964  1070.513881642558090  7.553e-14
   965  1071.573824512287274  6.262e-13
   966  1072.541431772835494  8.548e-13
   967  1073.599895249147721  3.439e-13
   968  1075.082921072979843  5.656e-13
   969  1075.555534693718073  2.454e-13
   970  1076.329047312986631  1.315e-13
   971  1077.586157574647132  6.218e-13
   972  1078.350601996102114  1.106e-13
   973  1079.233474791318258  5.948e-13
   974  1080.407666926581896  2.125e-13
   975  1080.746674263469458  1.080e-13
   976  1081.817119897513294  1.432e-13
   977  1084.267807189092537  2.732e-13
   978  1085.277677977122494  9.175e-14
   979  1085.797487314084492  3.572e-13
   980  1086.850368599541525  2.718e-13
   981  1087.560569961522788  2.090e-13
   982  1088.348887348406834  3.364e-13
   983  1089.136532051909853  4.239e-13
   984  1090.535343430148487  5.691e-13
   985  1091.217708348691076  8.271e-14
   986  1092.108311948565188  6.268e-13
   987  1093.457139478156250  8.126e-13
   988  1094.128304126421199  2.992e-13
   989  1095.092813142620116  6.058e-13
   990  1096.198804766642297  1.440e-14
   991  1097.086210526821787  3.720e-13
   992  1097.875082723629930  9.408e-14
   993  1098.320825072616799  1.468e-13
   994  1099.522859212177536  3.565e-13
   995  1100.139196040423030  1.631e-13
   996  1101.914750149567681  7.394e-13
   997  1102.581618244100127  5.797e-13
   998  1103.928974798572881  8.014e-14
   999  1104.341299555565229  1.461e-13
  1000  1104.887699874649343  1.246e-13
  1001  1106.160470072343060  3.717e-14
  1002  1107.191841565078448  3.979e-13
  1003  1107.854038164642816  7.128e-14
  1004  1108.858493989922408  4.131e-13
  1005  1109.715524743891592  4.823e-13
  1006  1111.815014837569834  3.933e-13
  1007  1112.969224200563303  9.672e-14
  1008  1113.864383796771790  3.171e-13
  1009  1114.715696896950476  2.274e-13
  1010  1115.138135647423269  6.949e-14
  1011  1116.275919611894551  3.143e-14
  1012  1117.109464819812047  1.736e-13
  1013  1117.676475097107868  4.854e-13
  1014  1120.383020428384498  3.275e-13
  1015  1120.986329451430493  2.728e-13
  1016  1122.181887479445550  3.855e-14
  1017  1122.605432957263019  1.477e-13
  1018  1123.919203791428345  5.633e-13
  1019  1124.569501322058159  1.983e-13
  1020  1125.828175867135542  1.516e-13
  1021  1126.270673410797144  2.460e-13
  1022  1127.219060622039478  5.864e-13
  1023  1127.977138219063590  5.837e-13
  1024  1129.616049886089741  7.007e-13
  1025  1130.567562393812977  6.378e-13
  1026  1131.332302442943273  2.837e-13
  1027  1132.208115419788783  1.972e-13
  1028  1133.084930828517827  2.335e-14
  1029  1133.647794457933287  7.874e-14
  1030  1134.425024988538098  3.226e-13
  1031  1135.969688463329931  4.838e-13
  1032  1136.405692473248564  4.360e-13
  1033  1137.663287286699870  7.905e-13
  1034  1138.839984542687034  1.697e-14
  1035  1139.428005451623221  3.622e-13
  1036  1140.392630120307786  5.837e-13
  1037  1141.420466454108464  5.219e-13
  1038  1142.551251456161481  4.636e-14
  1039  1142.997047716829456  2.804e-13
  1040  1144.373747743424929  4.126e-14
  1041  1145.775932504501498  4.207e-13
  1042  1148.429092522488872  4.514e-13
  1043  1148.879961818971424  1.767e-13
  1044  1149.594371563902314  3.279e-13
  1045  1150.482084007040385  2.216e-13
  1046  1151.343552132788318  5.368e-13
  1047  1152.162275448962873  2.490e-13
  1048  1153.464581999287475  4.310e-13
  1049  1153.883223382210872  3.986e-13
  1050  1155.099106307676266  3.988e-13
  1051  1156.064818504366940  3.729e-13
  1052  1156.918171016699944  3.232e-13
  1053  1158.088960542575478  6.149e-13
  1054  1159.303337084975510  1.629e-14
  1055  1159.642489795383426  4.409e-14
  1056  1160.616348734983376  2.829e-13
  1057  1161.679117481176718  2.030e-13
  1058  1162.090280124707533  2.105e-13
  1059  1162.932329698222020  6.655e-13
  1060  1165.692261052196045  2.738e-13
  1061  1166.321511799652399  3.663e-13
  1062  1167.119590729135098  4.816e-13
  1063  1168.554206075469438  1.573e-13
  1064  1169.901496071739302  8.606e-14
  1065  1170.827818244443279  1.785e-13
  1066  1171.600455989286957  1.925e-13
  1067  1172.560323271721018  7.046e-14
  1068  1172.981390191410810  3.500e-14
  1069  1175.602848611048103  6.709e-13
  1070  1176.459663917879652  5.684e-13
  1071  1177.596910623047506  1.287e-13
  1072  1178.126459595166125  2.128e-13
  1073  1178.765682303151607  7.684e-14
  1074  1179.718676045451502  1.336e-13
  1075  1180.625820257851501  9.560e-13
  1076  1181.706444906464185  8.878e-13
  1077  1182.751262180921913  6.353e-13
  1078  1183.815604303119699  1.326e-13
  1079  1184.797034154770472  4.681e-13
  1080  1185.422348087522096  3.757e-13
  1081  1186.210491058576736  5.349e-13
  1082  1187.680187262270920  3.609e-13
  1083  1188.323785257929785  5.479e-14
  1084  1188.775028424669927  2.054e-13
  1085  1189.999022843403736  5.286e-13
  1086  1190.639037678683280  6.313e-13
  1087  1191.521022535955353  8.665e-13
  1088  1193.251893340709103  4.569e-13
  1089  1194.002680392713046  9.788e-14
  1090  1194.875899019956933  2.750e-13
  1091  1195.584512606486442  1.628e-13
  1092  1196.224695873708242  1.079e-13
  1093  1197.327711794756851  2.179e-13
  1094  1198.093098195422272  2.702e-13
  1095  1199.070758160544983  2.437e-13
  1096  1200.160817906343482  4.868e-14
  1097  1200.965909794987283  6.542e-13
  1098  1202.075874993051229  2.110e-14
  1099  1202.799828112979185  3.542e-13
  1100  1204.260091440429505  2.524e-13
  1101  1204.593872268404084  8.437e-15
  1102  1205.798257952146059  2.932e-13
  1103  1206.563156743295167  1.757e-13
  1104  1207.217326412859165  1.505e-14
  1105  1208.028425679462089  5.631e-13
  1106  1208.829866795931821  4.607e-13
  1107  1211.355814265713661  7.785e-13
  1108  1212.300141842501489  1.150e-14
  1109  1212.925221388530872  6.895e-14
  1110  1213.950164944460994  4.601e-14
  1111  1214.494588969682809  2.412e-13
  1112  1215.574034285117705  8.252e-13
  1113  1216.825364138718669  2.566e-14
  1114  1217.445584133773991  1.914e-13
  1115  1217.865177622241390  2.034e-13
  1116  1219.525749449253453  3.794e-13
  1117  1220.120096736936375  7.849e-13
  1118  1221.456848334024698  3.881e-13
  1119  1222.401491190098795  1.647e-13
  1120  1223.049250040166953  1.749e-13
  1121  1224.047515872502800  1.788e-13
  1122  1224.516632733569395  8.619e-14
  1123  1225.359931451477678  1.743e-13
  1124  1226.480946695804960  6.189e-13
  1125  1227.413112083205988  9.837e-13
  1126  1228.617241048032611  9.921e-13
  1127  1229.902782270598891  3.853e-14
  1128  1230.254102440296720  1.639e-13
  1129  1230.962343240493283  3.780e-13
  1130  1232.328179625063740  3.649e-13
  1131  1232.971838884426006  5.451e-14
  1132  1234.123536158578190  2.708e-14
  1133  1234.585635370863656  1.615e-14
  1134  1235.658703368776060  4.652e-13
  1135  1236.304145751732676  5.880e-13
  1136  1237.414232462314885  8.847e-13
  1137  1238.927801945321789  1.553e-13
  1138  1239.822159621458013  2.525e-13
  1139  1240.363149984263828  2.875e-13
  1140  1241.221738592075553  1.673e-13
  1141  1242.097076585799869  9.103e-14
  1142  1242.836486321912162  2.657e-13
  1143  1243.680922711997482  1.781e-13
  1144  1244.783937940826945  3.565e-13
  1145  1245.896708925279199  2.726e-13
  1146  1246.669291145579336  7.360e-13
  1147  1247.671998814104199  3.475e-13
  1148  1248.747757896575422  6.035e-13
  1149  1249.329548585574230  1.747e-13
  1150  1250.590220155639599  5.826e-14
  1151  1251.314783591636569  4.285e-13
  1152  1252.125109897081529  8.974e-14
  1153  1252.933046892559105  3.739e-13
  1154  1253.553625793859055  4.556e-13
  1155  1254.488829764660522  7.258e-13
  1156  1256.330610515603666  4.538e-14
  1157  1256.727067693582740  3.186e-13
  1158  1258.002652860138824  2.445e-13
  1159  1258.566051898279966  3.332e-14
  1160  1259.619873225698711  9.976e-14
  1161  1259.747022076452140  9.626e-14
  1162  1261.425232768126534  1.352e-13
  1163  1262.092421795951623  5.450e-13
  1164  1262.853884494930981  3.313e-13
  1165  1263.925478702064083  3.847e-13
  1166  1264.755567039535435  2.428e-13
  1167  1266.131296160251168  4.165e-13
  1168  1266.571384457561635  4.221e-13
  1169  1268.055506177149482  2.080e-13
  1170  1268.752991087706050  1.689e-13
  1171  1269.263867465602516  9.621e-15
  1172  1270.153474996399382  3.906e-13
  1173  1271.025805219935819  4.691e-13
  1174  1271.833665863368651  3.423e-13
  1175  1274.452437296387870  9.307e-13
  1176  1275.095965540845100  6.057e-14
  1177  1275.811529904504368  3.344e-13
  1178  1276.695393817261220  6.061e-14
  1179  1277.494184748282578  5.645e-13
  1180  1278.611002391799957  2.490e-13
  1181  1279.417691001209732  2.432e-13
  1182  1280.172886659926007  4.548e-13
  1183  1281.215855067960774  1.821e-13
  1184  1281.738356472628084  4.197e-13
  1185  1285.238216320080483  2.398e-14
  1186  1285.895778016728627  1.000e-13
  1187  1286.580297742606490  1.485e-13
  1188  1287.783488231218143  9.056e-14
  1189  1288.150998949959330  9.716e-14
  1190  1288.902555119336512  1.475e-13
  1191  1290.429718062314350  5.932e-13
  1192  1291.043297681109607  4.780e-13
  1193  1292.358318988252222  6.267e-13
  1194  1293.089665655747012  1.318e-13
  1195  1294.017988567100474  3.667e-14
  1196  1294.798428647993205  9.807e-14
  1197  1295.856046441293074  1.375e-13
  1198  1296.648830146764567  4.833e-13
  1199  1297.804832357606301  1.136e-13
  1200  1298.195674562696922  1.034e-13
  1201  1298.831208880854774  2.784e-13
  1202  1300.044764503844362  1.551e-14
  1203  1302.401467908704490  3.625e-13
  1204  1303.405663021363125  2.306e-13
  1205  1303.867061038440852  1.549e-13
  1206  1304.782066151201889  2.823e-13
  1207  1305.434939151580011  4.210e-13
  1208  1306.425965605449392  5.153e-13
  1209  1307.479195304759969  2.119e-13
  1210  1308.441554845684777  5.381e-13
  1211  1308.931278828559925  1.507e-13
  1212  1310.691070713814270  5.601e-14
  1213  1310.850535994977236  2.116e-14
  1214  1312.041700426341094  1.567e-13
  1215  1313.301329331080979  3.419e-13
  1216  1313.932888747516472  2.231e-13
  1217  1314.841221768671176  7.326e-14
  1218  1315.329628793018173  3.016e-14
  1219  1316.508070338495600  6.827e-14
  1220  1316.988776775222732  1.416e-13
  1221  1318.016575518637865  2.706e-13
  1222  1319.784640159243281  6.401e-14
  1223  1320.301774840378130  2.637e-13
  1224  1321.229303793344343  4.379e-13
  1225  1321.999495162446237  4.019e-13
  1226  1322.664174282773956  2.994e-13
  1227  1323.845802099088360  1.807e-13
  1228  1324.510139764848191  5.360e-16
  1229  1325.594430700932890  6.585e-13
  1230  1326.373104034593780  2.327e-13
