# L(chi3) zeros, ~50+ digit gamma_n, verified by |L(1/2+i gamma_n)| (PREC=192 bits)
8.0397371556814666817136232141729658027930  4.50e-57
11.2492062077729352497050256788632146486959  4.40e-57
15.7046191767216255651655508804327807582048  7.58e-58
18.2619974956931275689244140935948651201930  6.33e-57
20.4557708077424928534450258313131026704440  7.30e-57
24.0594148564934507745930535932129647862606  5.67e-57
26.5778687357745853145843509375340769341855  1.34e-56
28.2181645062333860931830297603107705648143  2.86e-56
30.7450402613824957378082418105061713503695  4.76e-56
33.8973889272594190176778740330052395794469  4.53e-55
35.6084126539386346548129101280317141916071  6.10e-55
37.5517965563646270198604464577036637576799  1.11e-55
39.4852072609293507673662926600393419070484  3.96e-54
42.6163792261575675743228068514800664471420  1.06e-53
44.1205729120722024420244045930969996263296  2.10e-53
46.2741180235131400851048716601411601663991  2.92e-53
47.5141045101173221149363569968595955002549  2.84e-53
50.3751386506362659828219173414494291477562  2.10e-52
52.4967495990607536672882221717895981369764  3.54e-52
54.1938431015519135786018683035347947508507  3.06e-52
55.6425587002162213738564033666295577893342  6.85e-52
57.5840563604491837814865894882262645076263  1.01e-51
60.0268574567159022352614907721736966737241  2.10e-51
62.2060781222821364868696458801356158614455  6.50e-51
63.1769927673391082911831183881181922206237  3.72e-51
65.2949255440837120331285381106466182219060  7.22e-51
66.6231346255329300596585374172857719563068  1.66e-50
69.5130229859799959341968373725478993409087  2.06e-50
70.8197986955471496367959721046036908415876  3.79e-50
72.6561490706966648568943575873857292904336  6.43e-51
74.0054285210041896933088088400566501351078  5.27e-50
75.6224069640307096832584766909751411335027  7.65e-50
78.2174812709266098430193390790621667499127  8.95e-50
79.6379757519078020164117484105041664801118  1.56e-49
81.6119876094714469223642343236395452317537  3.12e-49
82.4702525122219579464894764848141390311842  2.13e-50
84.4122866382934090878445527560049320670587  7.16e-49
86.3276462830141479391226407936643256118457  9.06e-49
88.6526172085393908232687442437282383543700  8.67e-49
89.6464027568417001125531326889610392304188  1.08e-48
91.3356103544330823325608964644512291376707  2.32e-48
92.7534643871191581751072587835742793555866  3.16e-48
94.3943587971633775779343178070362397646293  1.10e-48
96.8742520897853082683672743374510652912688  4.34e-48
98.1264549042419121314552499961790003751651  6.40e-48
99.5334892640586055101529186295704703478254  8.50e-48
101.3749634679000189575709414648865573954126  7.50e-48
102.1163618450649207904223937710227918390070  8.70e-48
104.7653754701645187606154386002322076634974  1.16e-47
106.2460618488763767402932981041387887050482  1.87e-47
107.9703161171381027412477748268200983566354  1.44e-47
109.1376039144917573778465148426271202099315  3.31e-47
110.5233510368133510283803968678643623008148  4.20e-47
112.1547718421999694747979533376203457756383  1.63e-47
114.2171482715642523558870148997459300840187  3.48e-47
115.8981424418431391092668391057254218909788  6.47e-47
117.3697509966053599712269253441062135278638  6.23e-47
118.2994183078976053629433836291597417408103  5.59e-47
120.2551822384944473304363057446145867875956  6.29e-47
121.2788415965073728815660262289143651799337  7.73e-47
123.8904906598096318670102934890498251696048  1.53e-46
125.0107835006040254387120271583890622436263  1.49e-46
126.3973122558350301306819034948925948954350  1.96e-46
128.0526771842361420518088462494504635657889  2.28e-46
128.9372369286237801512854378243000334048775  1.12e-46
130.8113699102385570294374268868041496933054  4.86e-47
133.0324496493005341621411718661009961458977  3.77e-46
133.9908626434153216415745783281997683127682  4.74e-46
135.8208912231495389399344098758698273121986  5.59e-46
136.8263732715500172523131297873071854492911  2.01e-46
138.0953595564688820925868983676560618427464  2.71e-47
139.9982800755045112555042838307376448423873  7.16e-46
141.6478471118487607306315846456999692345600  9.01e-46
143.6384771451267422340859702545066238173159  1.02e-45
144.2516639825884660045771382998440357294283  1.04e-45
145.9196295674467836538408047333564929223448  3.09e-47
147.2242302819567155903856798345550278277773  1.29e-46
148.6031369892638006181751497274404684920553  1.65e-46
150.7164895698127989474410857193607716010716  1.57e-45
152.3185291515903030422529108520577103794267  1.98e-45
153.1907164942600053653896276148854174978969  6.06e-46
154.8152161519251693336295729450460368315226  2.91e-45
156.1364808910072213185845438658594049005013  3.33e-45
157.1483812765944730160850556847470832182394  6.92e-46
159.7182524207504666341841239644763590719179  4.24e-46
160.5683146966258271868813131116566352385738  3.90e-45
162.4150755709671963676784061554680088108468  3.73e-45
163.4179519382985308007502648374082566685549  5.41e-45
164.6743265965582283365101759781761634840739  6.49e-45
166.0662525292756456311159035356529323459884  1.17e-45
167.8677285312811973824583961302033994556559  7.36e-45
169.5982845608166162817429631301836569608016  7.09e-45
170.8474830423991283164828105908526692392682  6.99e-45
172.3076302538303021209393414351168672205080  9.53e-45
173.0602336194162158907711877066893397553468  5.47e-45
174.9713599306700421616371119492900314558197  1.16e-44
175.9300818153842517534072421278193162923673  5.09e-45
178.2561676554760250513581367440969716879961  9.43e-45
179.5188334579215591348342378387774703131959  1.21e-44
180.4313868100308942716735245698240111632771  9.09e-45
182.1921165989120846744779587551636538167580  1.09e-44
183.0869005284911818845673247140079401724951  1.46e-44
184.4318195608085267310446005870251668184024  1.87e-44
186.4672549599504074913409625833808475577246  2.15e-44
188.0044327245106774804451414463746089942800  6.56e-45
189.0010671450208929252549030566354571702165  2.68e-44
190.6019247350436697516455366136774811720173  1.61e-44
191.6303966754947377808974727349015012156474  3.17e-44
192.7101972365183628420369620794217843097744  2.79e-44
194.6648641090389260821289638553905413342550  3.48e-44
196.1084583641506395618971685254599591544081  3.34e-44
197.6996064891581477035898678766676169176119  3.41e-44
199.0088587986378827634701153125380142921505  3.88e-44
199.6814231836026252932701021847194526663799  3.87e-44
201.5880066361766954868310997293131680598162  4.67e-44
202.3549007531268107055681265447664041840804  3.49e-44
204.3415668604349517349143422259936689479903  5.16e-44
206.0443497536688535685748357855867247535301  5.70e-44
207.1403025362675275257536093674048515306909  4.52e-44
208.2390056909817808534727913293752575100621  6.69e-45
209.6818124647466164052940046324566661997455  4.97e-44
210.8688075936374240526214801020858838421147  2.99e-44
211.9841347465174602317130121459551612842638  1.93e-44
214.5759364179034157715156283533601131340993  7.36e-45
214.9211261886521433849936528952997989516418  9.49e-44
216.7517455684529247981895372004529807391563  9.51e-44
217.9558099665120233704169974441139289499761  9.44e-44
218.8770692068810971804368213108541767597211  2.65e-44
220.2518653564464150263592646989098982347638  1.88e-44
221.8954062843736675119328764542313878606890  1.27e-43
223.5475874582478759878992275264072030948573  1.11e-43
224.8255684231272534581370925669438164490285  1.21e-43
226.1130457512890447076522026611843622907376  1.34e-43
227.1639548118533017206586165828423891043185  5.22e-44
228.3103629680669774031722936257662044047787  1.93e-44
229.8603207599580634198834848618114841261382  1.49e-43
231.1126667667876322201270735534543250930506  1.54e-43
233.2473278856436189789391140091068962240530  1.10e-43
234.0621858277234968753035772779150494498348  6.95e-44
235.1901836805952625563327252882844085098626  1.78e-43
236.6674232789310367436197002805882221604786  1.75e-43
237.7998475385192956680701649247919228473996  9.32e-44
238.7815192750406300412619213732200509249281  2.66e-43
240.9546216199247324994968611695241552833219  2.46e-45
242.1355516326779116056464825898105554216251  9.04e-44
243.4903222257243973550561895437054297793165  3.29e-44
244.4562201863482189074294829355247221961069  2.85e-43
246.3028244345012325694137356084214728822244  2.23e-43
246.4148964765635420564502046660079826742643  1.01e-43
248.3912475399704861853844792708333513847084  1.69e-43
250.1562857449092956154453584813455384633361  1.45e-43
251.2072964743793209505165669860672910844315  3.60e-43
252.9333508970165767079338336104755335358692  3.06e-43
253.6828259854901425818907542800586445189011  4.10e-43
254.7600877442307656889381771104607470605517  3.70e-43
256.4132882912837788985325574598236992169537  1.77e-43
257.2810845872236675028941791504533703094967  4.35e-43
259.2731974163285141651061791399083316556609  4.03e-43
260.6690222258145599439379853650322182492872  1.82e-43
261.7331900046248200393411973539969518900755  4.78e-43
262.8413603840734218853567786055169250363323  5.34e-43
264.0927251332627926952995177321194827950999  5.64e-43
265.4054916973185359223680163989665731733736  5.94e-43
266.3467688135146768972833080646699035219856  2.65e-43
268.5334048091926774847488883320171977209809  4.55e-43
269.7633475290296341083485863131233308390941  4.97e-43
270.4837926614863503655250388041261725018054  5.92e-43
272.4547001464764193018264259795582419496871  2.86e-44
272.8700991741168768320486818827595763678888  7.77e-43
274.2075890142926003649506533001413287885970  4.91e-44
275.7232034952076790856828405714850013089859  7.48e-43
277.3922645560363899395085267505834077707502  2.53e-44
278.5947831471114486859790051112394626165576  1.61e-43
280.0288754666972236324445718249439460608504  8.33e-43
280.8797118717170476356865653399116784773677  8.05e-43
282.2108843699329377523119208383701219464648  5.51e-43
283.1612291681609437960437190395944186087079  9.98e-43
284.7932055175675124621925975924162165521033  7.54e-43
286.0671767907198704912888282797169802499435  8.89e-43
287.9857252919451081598293781139335141067810  9.22e-43
288.7101028317685280899925280568047228285384  1.08e-42
289.8196313865012344778991489035294613483754  1.12e-42
291.1497160123117172640552885607773227110028  1.20e-42
292.4994004725639503355055535165866414646658  9.85e-43
293.1461579712300977481137921002197069596204  2.88e-43
295.4052734131898037342417925579322105239112  1.13e-42
296.5237835456866971017050104848832189006926  1.30e-42
297.6932534938650103381632150755234158459292  1.30e-42
298.8858526457194456506154807721056423925697  1.27e-42
300.0442411125083812648352801542775211337130  1.10e-42
301.1948498279908301652204813573560647041576  7.74e-43
302.1477938432665982986830512620830750222072  1.70e-42
304.2345987852476202685372773907812888754682  4.11e-44
305.2667177577765556448160965627393698681210  1.30e-42
306.5746401318227699294483598415771530523252  8.47e-43
308.0564168531856044037013873901932200287660  1.16e-42
308.5960260978264880519980651760660251285026  1.33e-42
309.9131659877852686282748697197151437631281  1.80e-42
311.3997126051290738758265509902410987599581  1.41e-42
312.4376700421881357931327127831875882531671  2.07e-42
314.5089851652463393255177944569843410237085  7.56e-45
315.2478008258449931126573074641962523795457  1.44e-43
316.7478679888822003771723258234406059733968  1.65e-42
317.4099901024864872313102276173142495753468  2.17e-42
318.9929013465492646343694594384915441706721  2.22e-42
319.8835539237630993931196061230996104835123  2.11e-42
321.2238504515910357705588994691536577068738  1.24e-42
323.0883700511469865649313041178238490898948  6.41e-43
324.4750728381284815843233326391118818094346  2.33e-42
324.8682277193277467563590277149747416512200  1.34e-42
326.6748998281159939080780831421868871321725  1.98e-44
327.6899126465102265555038849566560624238169  2.19e-42
328.3791490765487628242420571847085314953076  4.05e-44
330.0580762971752635714505637036740085710367  2.72e-42
331.7098350520466126253601305100624938640592  2.35e-42
332.7610858506377970711469968391148133555138  2.97e-43
334.2281266348673803722901227104030248210525  2.47e-42
335.1090404297041190915490485077334707930346  8.10e-43
336.2938791374743939019964500263203637859872  1.21e-42
337.3231175951790040445004482931280921652489  3.24e-42
338.6137336731561031870568314112670642033691  2.62e-42
340.1689127234458901547485815746011513852893  3.42e-42
341.4738184846500446666149592692742737573562  3.01e-42
343.0517875415860097094216222297198322754917  2.33e-42
343.7348357774241101922627080693644394996425  3.72e-42
344.7405616721934999750876009031168900134577  2.12e-42
346.4045593485783577835670300930593575239912  2.07e-42
347.0451340377145417337704021304834734327686  3.43e-42
348.4410964843466321875973534080255328971166  3.37e-42
350.5588437050002255540693642579170994411607  4.61e-42
351.1464325745365291818535459260229730853585  3.44e-42
352.4767895649890209385142536099064687418744  1.48e-42
353.7213052688793849509031729470439675889346  6.78e-43
354.6288089346319006675085405690791389165384  4.70e-42
355.9287153484598402463042525580997085830183  4.18e-42
356.8195839741266301492852755306979237392937  3.36e-42
358.9895043461209388458779187873723853950474  1.25e-42
359.7399114153344768673764895954926576468311  5.65e-43
361.1485286920981072881539816935303767954871  4.16e-42
362.2787269214394380935576520387012245167985  2.81e-42
363.5106319487382906845063104068247359545653  3.60e-42
363.9958106914321282714657074011701692605491  3.35e-42
365.8571277898014062064777126206150590267767  2.52e-42
366.8107222683149856309010782166467896767499  3.78e-42
368.5471338407268541785089984174850161081489  2.40e-42
369.8617681201649075235034598818861456925975  6.02e-43
370.6484770399847071984127888625137382747805  5.88e-42
371.8867143187088590098767490260237131118069  6.09e-42
372.9235154545270699115564096992619546572229  6.99e-43
374.1996509445462756040027168236816651039069  6.03e-42
375.1833251674472687272017064294591519665147  4.51e-42
376.9101424823472226888207644775997049153763  3.04e-42
378.4853660305566824520151251384932489505455  6.93e-42
379.1335701928066574399827003739151430527965  6.50e-42
380.2914994466508269592037662953470013289032  6.94e-42
381.6709343643993455503946423835757932796869  3.70e-42
382.7357738451545721017193800608226305446676  6.62e-42
383.3306100960119943604387268720468915110566  8.08e-42
385.4542926492754015043639204702278259903696  3.12e-42
386.5509105471780220494762208465341669941843  2.06e-43
387.8036899333275259770164569379834519690382  2.07e-42
388.9393896785549146514156119681167789226736  4.96e-44
390.1392963013306292534503277700834782629610  4.28e-43
390.8526475772122579441455259665698627463899  7.39e-42
392.2636723340820452507742697974066344801783  7.72e-42
393.3297825398181487972873719259646378362513  8.79e-42
395.1082825259670828883923627063201959834998  8.08e-42
396.0599582992547971453907465207642893266857  5.39e-43
397.6833541389148949725642726522464155871696  2.18e-42
398.3767316395665468780589028307129934687053  3.04e-42
399.2942534759463955074163013389609088480614  9.67e-42
400.8379150520003045611501678319134788021279  7.67e-43
401.7159887654716554668774664024602013496337  9.71e-42
402.9055408083916478010907842902709279105368  9.84e-42
404.9146957152481314917905426001771218133735  2.67e-42
405.7883600329932872346783837840585134129447  9.55e-42
406.6595956182007995133518603823493069823424  4.24e-42
408.1898880969338272785399483558220731224839  1.07e-41
408.9166420927018490959032271609715840122730  8.77e-42
410.2092779107518588167145841919772756818185  4.54e-42
411.1165524746463822285987719252643259598422  1.15e-41
412.9076154075646134663399292747078865486079  1.11e-41
414.4169483814212399196448854901518366162265  4.80e-42
414.9304043961193712616438364084103945911969  5.29e-42
416.5495947361271965390246921800729625063884  6.69e-42
417.5043557248394044731443520442344083211633  6.36e-42
418.3643952179477547107970906857006603748500  1.03e-41
419.4982943824516015932449756252166580459342  1.18e-41
421.1079180301291049886625893492259004745401  9.82e-42
422.1941392678897482104332228465296822068112  5.00e-42
423.7726249632606854894164518982869445694209  4.47e-43
424.9263560632156082133248089929097930946785  1.03e-42
425.5206364081910641741658071431281186353921  7.75e-42
426.9759941571629864215671531955021562065940  9.25e-42
427.8782342823582140462904368585212743773756  7.90e-42
429.1261527113034131549488796126740075881156  3.74e-42
430.2922889054932422040269419897118613273405  4.51e-42
432.1471581337812652685206732322778459900664  8.64e-42
432.9587521208625555290544472052457573654240  1.22e-41
434.3424536843312552762702710886732832087836  1.19e-42
434.8313584607932514113576968922980699988247  1.37e-41
436.6339390083898365121669387148751039211821  5.18e-42
437.2406337472781618582414320670011600318242  1.15e-41
438.2244251587216964708471921768892090935015  1.63e-41
440.3213875967476181206676821063640114974184  6.22e-42
441.2088228266107867900948103336471256773827  1.25e-41
442.3723845749648740523960466144711272563622  1.30e-41
443.6068608429422650744238951430144870021088  1.01e-41
444.6802931027254601357714096861867870395608  1.57e-41
445.4220885676530998502258951895072155792204  1.44e-41
446.7673243789394074252823452204697150828106  2.81e-42
447.9064252549600763398846694502095558281869  5.52e-42
449.5571842135444109807005696261069553527837  4.49e-42
450.6154162509052898660635551472400224240311  1.23e-41
451.8432215149324578836928542810775759040313  8.79e-42
453.0667255470175199139303931444380246515132  4.85e-42
453.6154706530795519759958465253383003653740  1.60e-41
454.9456885533144435839739291590492315292133  4.60e-42
456.3461171683534289756538696266482218541488  1.53e-41
457.0217267129592256276524850127264370024949  2.00e-41
459.0182586588230251680858055492739547575484  4.13e-42
460.1607090954940123196394571764962406680492  1.86e-42
460.9884986394364015749699138529556568750531  1.36e-41
461.9993049963656576499126373890048784042971  8.76e-43
463.6047524158301616869466208858630737904097  3.55e-42
463.9786741619343018262482039065818926965527  2.16e-41
465.3438329118085048834602696052650878605084  1.52e-41
466.7265730923343951911217152592203130454223  5.22e-42
468.4486648106179032851462335362291429174260  1.31e-41
469.1588573986386529621734953649582272231071  1.50e-41
470.2871255951251006843379773869850726223011  1.18e-41
471.6299209838351463190270805930045109571490  2.40e-41
472.4524553870889989069781259734381254878785  5.50e-42
473.3871490297167142567615941795646032958554  2.28e-41
474.6450841651777048659807479134392997097861  1.82e-41
476.4131186018024059536479350121134881214815  2.51e-41
477.0860289135917827496725308823984891093651  8.20e-42
479.0291998569226679282615821368195258371055  2.19e-41
479.3973997505261831717592362707163314267691  9.97e-42
480.6442433245705747893648975229303668097782  4.91e-43
481.6450039520016181099951779304701713471139  1.77e-41
482.9448002520980439433908026041348108294081  3.35e-42
483.7946268201109073122548072281209277199897  2.61e-41
485.4127811858150168870040687397956310056393  1.39e-41
486.8221516735848273308646990806023153489344  2.86e-41
487.8331710119405418133662857112667222270738  2.36e-41
488.8061504141686755210550637767627127191136  3.57e-42
489.7662810399685911314832155425474822138235  1.96e-41
491.0703306326949356134314265907174713058964  3.57e-42
492.1076379118260847359159331413062635315158  1.79e-41
492.8347757801157725113819289933403706109257  1.57e-41
495.0134207625413358708014456556570789894201  2.84e-41
495.8833454899823974163793205664392169334307  1.89e-41
496.7425360797046386007205049430404182223079  1.86e-41
498.3515120934006235835389804763094992981469  3.06e-41
498.9240138966046441110311552677465722611864  2.86e-41
500.1563926426789357290842778599050509109195  2.46e-41
501.0127306246829870066656543434752819101517  7.15e-42
502.5380248223956593534292814301876804101753  1.86e-41
503.8135531819040031413104061866286983437337  3.28e-42
505.2215339377752293435618089477797979568487  2.82e-41
506.0165919654559640959328471792676579016579  1.80e-41
507.3890990121651434105927871920632591872170  1.23e-41
508.2031188017498480529375045258939814586596  2.85e-41
509.0135516825147634409993320838348320971266  2.06e-41
510.6737424773482179204143320892540289774840  1.39e-41
511.3480645174797498925783026047471291658715  1.77e-41
513.0202932069243615980831300080904601657631  8.79e-42
514.4689749535045395868391809206915881818061  3.09e-41
515.3042176942764233723250826835197404300780  1.24e-41
516.0860823030057109111249002933112072268483  1.18e-42
517.4544049678404046690302897031464988870503  3.22e-41
518.6794575577559746229979970025759378341526  3.76e-41
519.1100183768177184021782884829858745747939  3.39e-41
520.7624337199770048350869323516277094581654  1.24e-41
522.2733604794607211230359907446224187149275  3.72e-41
523.4431049572825953444895209906502758762664  3.62e-41
524.2520994573979078237755461281148006114579  1.84e-41
525.4748184043414584754605525537651018574020  2.90e-41
526.5398414907120791203680529351448615653123  1.63e-41
527.5925834963743554474642794655959523899770  1.05e-42
528.2625037257043695522077451771923984453577  3.09e-41
530.0226100056633200623643760416365636147542  2.19e-41
531.3456483716764651516472235709368817903305  4.10e-41
532.2323061933818128098127157144073399973149  6.36e-42
533.6846642854942745409139348237369318292593  4.28e-41
534.7832910412032801818892483715301666480737  4.14e-41
535.0773188709124860956749467313818609772741  2.12e-41
536.7862321975938433951501499022557663828926  1.47e-42
537.5977896650461391586508044576607847156287  2.25e-41
538.8230999248308128396862266753657422694489  3.53e-41
540.4083522006577474333298244820868436053846  3.08e-41
541.5291796788548545100585744391645195586727  2.69e-41
542.7196322800789526593334296657851217072809  3.36e-41
543.3299926557815239555796520762079781465171  2.22e-41
544.7195844172088232112302192154224260662790  2.04e-41
545.5408240119936707463074936966550617145121  5.49e-42
546.9541296950657867533306990588432296148380  4.75e-41
547.5141489364162091138045939704033920048859  4.54e-41
549.8863727864124903970905708197268040752306  3.92e-41
550.3132294999228769807318142667343696181679  4.11e-41
551.4340204210081933618921019747145816865448  3.79e-41
552.7254813939120874097609055919856084139898  5.06e-41
553.7416710255736127977097852778634032194116  4.10e-41
554.5554248456961075367463867309512788591834  2.60e-41
555.5684887375562510233719859045750233800703  4.47e-41
557.0862667279514412673986944637378151368510  2.67e-41
558.3597202089014309178895904243773666869325  4.71e-41
559.5611310792139406705617456993865101083385  5.17e-41
560.6223167796622392113467710960525679928417  4.50e-41
561.6114366190000939778022441079954219293518  1.71e-41
562.7765338451267728446067534088961132328000  2.22e-41
563.4112343394521588673228984537365764406051  1.07e-41
564.7787487388099447951656794159125144389694  3.88e-41
566.0024181898542313478542168669094498629188  2.40e-41
567.1601141031264125943323418003054544432992  2.06e-41
568.7637842113446965079570416679488687817550  5.45e-41
569.6607891100117366076409548500145057465893  3.04e-41
570.4272355244301370408889540914676205710732  4.74e-41
571.5422304890752871116690526334748182598052  4.34e-41
572.8647418234379423539062921929641815587125  5.90e-41
573.6236313467124630750247046656002333282014  3.95e-42
574.6186005943403261868719962139227832267910  3.83e-41
576.6669519018190163338813207082974542345382  5.54e-41
577.2413641451125791600604869902794528812454  4.45e-41
578.8254824425303973140988704711038882707111  4.09e-41
579.2520994350059029269613428281955369186797  2.19e-41
580.7234625043572962939453484339742278770481  5.54e-41
581.6979306631191850212183651707344874101466  2.30e-41
582.4216573389029923860483894360482647826603  5.84e-41
583.7283233459834493633287761497294647566954  4.00e-41
585.4389309682226636653590828754987366457268  5.97e-41
586.3259725237723565655891186506582242239378  4.19e-41
587.3469651310184334747859156606803788333297  1.29e-41
588.8452106599484437660669329315977631424511  6.10e-41
589.4522122547767102408571551293728017216502  3.26e-41
590.2197733997987760514545565229777976842920  1.18e-41
591.8476275879386883207507602595854311916453  1.31e-43
592.5113093657920430071921809815378442318462  6.19e-42
594.0464235061286281185056739807516707778096  6.76e-41
595.3878348577767625963719163970597653793575  3.68e-41
596.5686306394250270491828341471872911096119  4.73e-41
597.2631725264031654732542012586536561107870  5.23e-41
598.5194541215006644716528856931228917683369  6.87e-41
599.2829299591681327337127383823268806924371  1.85e-41
600.6856315449810701114920132903280866263266  5.66e-41
601.3916876949544362580743684351550831501808  5.70e-41
602.7794142185645248612207113134645472524027  1.06e-41
604.5370003602297437383019240307155334606237  8.67e-42
605.3082026956367356855392207625700247485213  6.94e-41
606.0180255395150531006435347330079443356135  3.83e-41
607.4778097706593577733312725791291752201033  5.62e-41
608.5301879979211043565323645103222594046057  3.66e-41
609.1108188626574673661737635167872445963715  5.39e-42
610.3261160980714165966275208076381412562067  3.29e-41
611.8205017297251678659581902678749774064447  3.72e-42
613.1674106740179954560984181641918245736990  6.26e-41
613.9777797351013730082313780838730535528076  7.73e-41
615.4624891575917661098168263301420466227588  6.80e-41
616.0303285924098512515588424980963379558548  4.73e-41
617.2638063079505764243243422610030294844465  7.04e-41
618.1821551243407399680614229861284831590627  1.20e-41
619.1168800452857042710419771957180745014079  5.13e-41
620.7368778154445948704901255552578148632709  7.88e-41
621.6147330234616456457774671615241583962915  2.65e-41
623.2335231476163340921890336795972220520373  4.16e-41
624.0665798685338084544150998016784012619792  7.49e-41
625.0751564322204423859119610372811606697518  4.94e-41
625.8213476039693117331810337339864503344829  6.93e-41
627.2140459581235467047068629942189066067292  9.89e-42
628.2756475673508615627091003845434756546427  1.44e-41
628.8509939046310056774871390782921309762136  5.11e-41
630.9151680453488391958478076046398240310212  8.14e-41
631.8439283741527510368379034567012770691562  4.94e-41
632.8038271090159889875624033204375927502296  8.05e-41
633.9151554982466975830184772717685722306661  8.28e-41
634.8367875851349371121038943281903815609939  6.84e-41
636.0141220927648518429462972493442178381904  7.90e-41
636.8394511699794048142777802986051109157253  2.00e-41
637.8352162410553131237826175954028441451383  6.27e-41
639.5349536310770880985477618066788447282570  8.56e-41
640.8601425243898428323197002895598306820812  3.65e-41
641.3142273980366490496595545917183698622862  3.21e-41
642.9353193254099721904077937632602717558305  8.40e-41
643.7086090357347739354543520605550121754578  2.34e-41
644.6886211086911471884161613896924832490942  9.32e-41
645.4342277749353132796769350135428613941394  8.50e-42
647.1287069788668745985471257374085408287961  4.02e-41
647.7720098755977567218936103655888537283655  2.82e-41
649.5325606993842834760131732355921573050176  8.28e-41
650.4828324410362492681933829723803375968891  6.16e-41
651.5646526372131358187896680031394585558366  7.47e-41
652.4314158678589096895845693447852551678564  8.21e-41
653.3909604726604144686976146698830928934344  2.72e-41
654.6048833260269490218359995160691204777502  6.16e-41
655.4721564066804599596613779243986471254778  4.23e-41
656.6523173020637563348512201736029476580146  1.96e-41
658.1130222023188161866504565527375932657146  9.36e-41
659.4816164227058374203292042156185702651805  5.93e-41
660.3047366307787201790182451298158424689139  8.56e-41
660.8775471929871978197944980501713096006422  5.78e-41
662.6832732833052840451818859921996738411265  9.62e-41
663.1048200894569462408872582110247229906783  5.12e-41
664.1431885894008942508498545924612999864193  1.46e-41
665.2954801881133941642294532639634340199145  2.85e-41
667.1170933866885791182100954957419403735210  9.73e-41
667.7504550758482761862281949127682543650269  9.79e-41
669.0218895493720459332110539883141663921104  9.58e-41
670.1629193469657997914563512820394841867721  9.19e-41
670.9324986693508944084245226096831564899267  4.25e-41
671.9981891432242645912364777705466083496300  1.78e-41
672.9679327536605393467858320525163850617156  5.03e-41
673.9996126130247584441837185339145532694973  9.80e-41
675.5420274286742325632094229249903973578094  8.86e-41
676.5684655101175683091084796929197472889358  5.77e-41
677.7539452528048227026099449782018550183693  8.12e-41
679.1142482311373846052014815396531343222756  9.53e-41
679.4577304240191753084491436259474328653414  4.95e-41
680.6148319499675584102280379874176630976657  6.60e-41
681.8573956344983824739940963722586802932739  1.04e-40
682.8638155514852770596507760050687679454744  7.08e-41
683.6783715574975665658960494466051841635909  6.98e-41
685.5219309195127029709089676666784102310051  5.20e-41
686.6984289032649665333727881469427653968277  2.32e-41
687.1556949313100305058058432292827146838789  1.48e-41
688.5223614583667214153003660434516146759913  9.45e-41
689.5384548101426400187064187822073830310498  5.76e-41
690.3169227542557001108390760585168782482780  1.00e-40
691.6569437132778850133349260338112629849874  1.04e-40
692.2113381841707885403765496905676696020866  5.97e-41
694.2221906007831753415935950523860038313860  1.13e-40
695.0675033144298369465964067619445540065104  8.52e-41
696.1459920576557631023650564639742827981195  9.85e-41
697.0633412799832701188203222298933659986226  1.12e-40
698.3865354628259469292342981430841249392648  9.61e-41
699.1544272301559083773146043786986672717092  6.53e-41
699.7747478100384107581651053014011196836720  4.08e-41
701.3975632214916149910627733624579606851218  7.09e-41
702.4374689618244104898804146720730982709789  3.42e-41
703.6494570574709690055314166289784894669198  8.03e-41
705.1371707261352198881679266098677628755049  7.38e-41
705.6557244124729548317479078839109208836151  1.23e-40
707.0475730308377868573070902666082568248782  1.09e-41
707.4801038733355367657456671974053037823612  1.51e-41
709.0564863901216909394302390562877406181515  1.13e-40
709.6493876561047309742990352153169651266969  4.74e-41
710.9819196337145872389501292378674147485052  7.25e-41
712.2873050100931677114339547362042637434755  1.26e-40
713.6865762057861229829277185842589039622346  3.68e-41
714.5269683747456867236707132394293844873194  1.26e-40
715.3806343618823867189292140833351657934568  4.47e-41
716.3403504095114779314173081281636742410977  1.32e-40
717.8451907315223723841651721044544850027215  1.26e-40
718.2755061808348808397689951987596172216878  4.50e-41
719.2557667910561985989798472305044021159744  3.39e-41
721.1089710256133799883478511258222877041061  7.50e-42
722.1224237670195454824096664856712347037571  5.34e-41
723.0249893823063858004756206437822786207124  1.31e-40
724.1414192605914853623779368871476327386359  1.31e-40
725.3413364947927228818546313111124687660948  1.09e-40
725.9314610054100164615399938102286010293805  3.11e-41
727.0359844240180798220105733720820649666438  1.37e-40
728.1280482150449924038682458140358427578026  1.39e-40
729.2396983259437372601043664252104926592101  1.39e-40
731.0017594091248283474161789435220750391350  5.92e-41
731.3706074388291283539648122186277543538097  1.34e-40
733.0055188712262520336948089285780930840672  1.34e-40
733.8479071231663119280263091900653408066601  8.76e-41
734.4996221020519691208180873871549773655798  4.53e-41
735.6731395960382887771925181674189914188367  8.21e-41
736.8324802516314082275850733252713592702443  1.06e-40
737.7764204153643642714384063211331753242191  1.27e-41
738.9051723291419235065796834778822628860042  2.52e-41
740.7845072295829495360182606934933923989598  8.80e-41
741.2484751409866336710397751406440899100724  9.71e-41
742.1738853081238488692938721683639219248045  1.37e-40
743.4562505476215010241491925262723060973863  5.32e-41
744.2973415290655214061378090486454450790205  1.47e-40
745.3650409126463602322304045231796427919113  1.43e-40
746.1862055822076370417842810448395055825196  8.98e-43
747.4844843455826174571308463481096371814834  1.13e-40
749.1035679717973272584241340009851338175847  2.15e-41
749.9267784341526509951442557348863013962092  1.38e-40
750.8473130747977001096061386150887016359095  1.29e-40
751.9482260833402481051915494184152059654532  1.27e-40
753.0602147996005477844321147735404180365975  1.29e-40
753.9185753372820757421336744846398811333303  1.44e-40
754.5724758326966467269662221386883470463399  2.52e-41
756.1281914970878829299461633522570552949530  1.45e-40
757.4240554532332728959623137583986285918295  4.83e-41
758.2802182252336375209904741613122396100530  1.54e-40
759.7540227030243570388363851754149955169309  3.81e-41
760.6282770981918159164358485607713468330154  1.17e-40
761.2444429911981870904943966370402573057522  1.62e-43
762.5908272166265044382837912018495081991765  1.39e-40
763.3100550264148312456083789519245322964776  1.58e-40
764.6279540171485529931664972741950009884716  1.14e-40
765.4658399195164598047849209179385154409669  1.44e-40
767.1901423824595599263819858843270258024083  1.43e-40
768.0021656690959892154550674306934631655724  7.78e-41
769.3013029110764742750398717074739339697744  6.79e-41
769.8958429050248437042692155215692771981378  1.48e-40
770.8843454388088945894122677752797590839522  9.31e-41
772.1999669655394902854590820005743716141321  1.62e-40
773.1601292184248170114609423027520893116337  1.30e-40
773.6085763719094137144906795902890091234605  1.48e-41
775.6985221004328366624212421641421126121755  9.77e-41
776.6029726995279622555058228665804553106882  1.62e-40
777.5885002573485822490802245446885630522137  1.39e-41
778.4480186972737733001310037368861244031982  1.59e-40
780.0118153170835047604857159279251443710068  1.45e-40
780.2677418628217697152261908293077643548095  1.65e-41
781.4299093936495544455353981570610390435810  6.16e-41
782.5671197636647664362180287242095905266466  8.60e-41
783.6793335766672478419043629588921986176934  9.27e-41
785.2473522089781764659428629555919014931691  5.96e-41
785.9751149461528792419647615857737222855231  1.43e-40
787.2033396256100246780155566143057945868402  1.68e-40
788.1775821688510635190024131311610858305311  1.32e-41
789.1922411357444616856388767194399795373844  8.26e-41
789.7200634714278935122491070080167755644731  7.25e-42
791.1905583302416639182160120153777575140078  1.74e-40
792.1328133084700424434795426104951872704869  1.41e-40
793.2057338391309918966984630544631957789248  1.27e-40
794.7515276416047326296613699712691282701671  3.95e-41
795.8378695406058154701651381543266714115978  5.09e-41
796.5455736338162001093101928184360436131881  1.46e-40
797.3689606617934428540338806183317549112743  1.80e-40
798.8175792686610805221751995899300019524561  4.52e-41
799.4985044839909482427656873909989087002368  1.79e-40
800.3917836965076960375102486926765919332461  7.58e-41
801.6609761054925773515841020031696647768540  1.71e-40
803.0818930668000974124621268650337238535305  6.98e-41
804.3361961742036795648320002967780485153724  6.30e-41
804.9658868194199003669654230654812073820483  1.73e-40
806.0059841091561645349517462273387553905278  1.51e-40
807.3345945651177240835048943606995066527181  1.60e-40
807.8459029274137465495451487158137246420204  1.84e-40
809.1717466430555018708070960873636637393648  1.25e-40
809.6644491040838683699896419955103991164134  7.75e-41
811.8320481017787747956663527542683486849235  9.90e-41
812.1920792656544326259748444249768378248351  1.70e-40
813.5983140380647611688635461263930554960351  1.00e-40
814.8363220435619159093428286685905904371855  2.10e-41
815.4764687319181242320238412049079132500609  1.66e-40
816.4077885966892607510832479034416077089548  1.41e-40
817.4541943546967481211803776122805273654015  1.69e-40
818.5666645646980614545254954569457087500692  1.62e-40
819.4900185263512470347429493754802036888896  1.91e-40
820.8445076139046638411045751046486536915583  1.05e-40
822.2620411345026583664917272171345912496878  1.65e-40
822.9324768190595227480514065811868248420455  1.71e-40
824.2263725114888580428740157715645828398962  2.47e-41
824.7895447192018427457645782749472914022566  9.13e-41
825.8768526128052552279822348100826362775344  1.23e-40
827.2158224373358664976582121095905700163579  1.94e-40
827.7448231294202022243432286664735460978942  1.65e-40
828.9176996549267487926223445883411073778301  1.96e-40
830.8261103680654618444730923970442281163788  9.45e-43
831.4532825582916053583192172180619994110715  3.63e-41
832.2360632993281074758746612920421155808426  2.01e-40
833.6150908826182194955130491657076969529230  6.27e-41
834.3899321917643373118244744442046615147394  1.94e-40
835.5522947534417308542822431201410041288540  2.01e-40
836.0098582847601137890008911782643737710264  1.27e-40
837.4799265298590765991915752035057041099205  1.36e-40
838.7310231747385535603435195367958527429077  8.85e-42
839.8891421658978115385523080299578136973487  7.22e-41
841.0182901140903519804728330086173191212050  1.05e-40
841.7572000964498193162192874929018450907807  1.92e-40
843.0439030975674625168139777850674826815263  5.33e-41
843.8434523842728068948720129360488078364245  2.07e-40
844.4779211675936007217762374478813671676111  2.10e-40
845.9466045257740938000082718398657995303394  1.83e-40
846.8503853425246575794555862906610499491239  1.70e-40
848.1161386019675142106087078084006636387365  1.78e-41
849.3749141993481087690119690889054942982471  1.43e-40
850.5308625012066201679172655036229297751859  1.87e-40
851.3182858560692472039183846054554639874861  9.27e-41
851.8806078733263780513464559239732076895891  3.89e-41
853.5153448535441851950491162691452935324240  8.08e-41
854.1389287857235642339410689467202241650029  1.08e-40
854.9886454332468717188172608679718052173627  2.19e-40
856.3623575976723910826617501478567353832136  8.26e-41
857.8204516676711630452318021183281820748524  1.35e-40
858.7628642429161580337305405377486717803125  1.39e-40
859.6365592328240780115590710467085139253183  8.27e-41
860.6370802027576353955247696749865304566209  1.61e-40
861.6311401167167162837762552107676936673837  2.11e-40
862.7330614713258825416102297464797710999181  2.07e-40
863.4032481952453344953322938036912978899481  2.12e-40
864.4253139611600605849617924055590047907329  2.28e-40
866.0778724198237311166125771226331128385535  1.69e-40
867.2557977679246778849027815265566430819363  9.76e-41
867.7113912314701330568438480586387195584879  2.26e-40
869.4243658715523909564452047746404122575805  1.08e-40
869.9630623745787662521027045014286548526894  2.02e-40
870.9039279534106576212164701906359849419515  2.20e-40
871.7689637495170045354539779051789662177566  6.00e-41
873.1849372931628819416223061461873775587701  2.19e-40
873.7964314431511986593757465562383968657644  2.35e-40
875.4128819839741457643239409675606800461806  2.00e-40
876.3913904264608535748377868670276517555313  9.99e-41
877.8057975632865002270798139357281618597238  1.38e-41
878.1260611132679233959730844528692733700231  2.32e-40
879.4363866429915273171986759157253779466510  1.38e-40
880.2697642121314755935615798946718735859521  2.23e-40
881.2165699434624791230644422459596620312823  1.35e-40
882.6546276579918601071044788529661077965514  1.75e-40
882.9367662175147558506063411233947418328781  1.13e-40
884.9862021650770355369731074366925955506165  2.56e-41
886.0500103852549900849518929019382654276266  5.20e-41
886.4903606213843556903558691308342910443501  2.29e-40
887.7295241075715850421864313319691698944016  1.26e-40
888.7938073023511314884177625548120065309874  1.47e-40
889.7917997428082261178230374777157724748623  2.12e-40
890.4169716562444015468669166343552397621815  2.35e-40
891.4998737352183723310605116138810373703759  2.37e-40
893.1546273356171484772930771808546184183210  1.35e-40
893.9263092710542968837154007577988932153580  1.60e-41
895.3406240380287053722429377344698884380910  1.23e-40
895.9442780822350463116922153776008794164215  1.78e-40
897.1898121892648005265511090794676507925452  1.15e-41
898.0233347960587887304153612538645266024735  2.33e-40
898.8965183746390062577889136840629328776147  1.86e-40
899.8145732770229808469166436590113793937082  2.19e-40
901.1178461882276583501291101909283590406018  1.34e-42
902.2725211064735096530382751481457809508487  8.45e-41
903.3323337035685332708359102383590293577912  5.37e-41
904.6828560134566449373367862160992263448513  2.59e-40
905.4770575836091617370741391931248573744326  2.18e-41
906.2159102828407235439304599590113001365810  2.51e-40
907.1888457060289053587934640864910784009174  2.14e-40
908.4767663164280513381976600004379729942678  2.28e-40
909.2936146744497430867761590964382095358677  9.68e-41
910.0183328272632991413334537938693578812027  2.22e-40
911.9719595230666280706876582505576180454428  4.00e-42
912.6401137335830844182462466658970705862227  1.69e-41
913.8881330731993625301928587340796818047364  1.98e-40
914.5634256715809674655260267996385727417642  2.31e-40
915.6612881361191527616124557204735274147649  2.22e-40
916.6578665014642924922319639782315304444150  2.54e-40
917.6653981526862848277539664692030338270481  2.46e-40
918.2833983273549305719182978749737598495349  2.38e-40
919.7198008766656841027659796245561286777386  8.60e-41
921.2189430567522516231144086197324808038575  9.46e-41
922.0790037133813710742743701240283837389874  1.51e-40
922.7225182642769970123242177455495198868531  2.62e-40
924.3169298615094640071730664641589012115642  2.17e-40
925.0515202551441199311150565513081341810017  1.76e-40
925.4752905914472751567472980414553740677519  2.60e-40
926.9441078388910177262051170541455200885515  1.74e-43
927.8188151597915983229035127393918014796343  2.28e-40
929.0828234122019200682164920617997821151797  3.42e-41
930.2016677377835369944608129937470706225823  1.36e-41
931.5632436802709598195320815199880456069531  2.73e-40
932.2040673065957292296856278883117954931268  1.79e-40
933.2979530327805816152924563914590456704202  1.67e-40
934.0647200641804700265860501052603725171859  3.93e-41
935.1973695333508743377679822756981566238658  2.91e-41
936.0332948835355074716455386730860511874465  2.44e-40
937.2338231503482445903828162380609950308221  1.34e-40
938.1300351159512224126318739861983118359829  2.71e-40
939.8757819241412274451277506541888010701659  2.78e-40
940.6094731964044240844963770957251382979692  3.63e-41
941.4887807811081408234887419331360848592413  2.04e-40
942.2767249823005619183622203451849748411995  5.80e-41
943.7347207128328330818228520517695404076135  1.15e-40
944.3595487574863325236695150590015067941899  1.56e-40
945.1428272175800358259971257737636559692042  2.54e-40
946.3337466880346453870706940201885016265839  2.79e-40
947.9313340620183581427048285204065623971476  2.43e-40
948.7968318077002062225357511916064155617221  6.28e-42
949.6809978797909673889183605203690003612455  2.30e-40
951.0606377628507422824923604682927043422353  1.31e-40
951.5458215159980632507715690374105060346192  9.71e-41
952.6928266346553960863143535585645658831425  4.70e-42
953.7005309256842895572724859952308343804605  1.02e-40
954.3125066540761465109510844032205894645468  1.46e-40
955.8664605382454808676832699964531802731546  9.23e-41
956.9620439568682344091842670972743875839005  7.02e-41
957.9513826889784781230803051321162160793550  1.79e-40
959.2857540808413877061571041603745625208790  1.52e-40
959.9433908873621575217458044528513987976437  1.60e-40
961.0899696078645371076492715621292596144242  2.34e-40
961.5139838929672502161525132261348837562474  2.26e-40
963.0592763695673899315995508651160447109352  2.96e-42
963.9308973739743245404934145107995328539240  2.47e-40
964.5653002268966913236046804804219880082527  2.69e-40
966.5076139971614294480833008932329967616506  2.53e-40
967.2924407126569447119104992544327451003552  1.11e-40
968.2253798169344749470453036698092149355899  2.50e-40
969.2271588678808048026905646991816644979912  1.68e-40
970.0494697820222586125882998882706839002793  1.80e-40
971.2729884550159574391881766176932307820748  1.81e-41
971.9427530224841092241158432483079981687285  2.80e-40
972.9602286868556069302566887647564990152593  2.40e-40
974.0848602375804426876346390329024042437419  2.38e-41
975.8559953971539574808371601930587607708039  2.98e-40
976.2983417121830129461885708527458796031114  1.10e-40
977.3863153538661195329351162830563636134779  1.26e-40
978.4002506460377350857425959990260522840353  3.59e-41
979.7133794093729327595709679835510159376561  2.96e-40
980.0323729952236857205707721309151500194926  2.05e-40
981.0047757189270267905129512207566286980606  2.37e-40
982.4424412680766662540939087900984600442505  2.75e-40
983.3724918043081144703569464399858712590249  5.75e-41
984.6379578687552238668793153481599289218229  2.83e-40
985.7452643520626684068846995928326822020396  3.02e-40
986.7755141735005741308889163939053059184592  2.71e-40
987.5130132937347333464274352809560636232369  1.75e-40
988.5079760309537836476875963566714902892416  2.57e-40
989.3705241750265789887764167992163751866189  7.52e-42
990.5970163452638392955598836237090689259577  2.93e-40
991.2384329234069633925705025915974809706008  3.07e-40
992.7201501873716828693422811829296461714053  1.88e-40
993.7485809309355846741378103880936216167744  1.24e-40
995.2030390473339673147054919363635914048037  2.58e-40
995.8472566760265032013557020092557689035001  4.93e-41
996.3596017762251504184466019085398557331364  1.62e-40
997.9979867014642788158894503386971998128894  5.20e-41
998.5231520545732274647545909688162300225753  1.41e-40
999.7489080712333573782481683760749664813767  9.09e-41
1000.2194461549807948236765910184429321978365  1.56e-40
1002.0664239411946687743183336053721484629215  2.92e-40
1003.2593550806641416715513038199430040149356  3.27e-40
1003.7119690926423152373091004120841737996172  3.08e-40
1005.0647733742281622432066489809383684032998  8.52e-42
1006.1092001399959869193436307461861431326780  3.62e-41
1006.6330791433504782653770602953139503123762  2.20e-40
1007.9317831209365373333836437491262742267485  1.16e-40
1008.5608867196118987259812557254836343637491  3.17e-40
1009.7559463140719674956699711877361181518181  3.02e-40
1011.2104877039705628136734050445591495788164  1.98e-40
1012.0932799924298054956737524501824962733282  8.76e-41
1013.1530446913796801458920763738538195484525  1.07e-40
1014.2687157583064511257807047841932565491968  4.08e-41
1015.1708884236737516222824986894992445946944  3.00e-40
1015.7590747717302049376715457932037988486436  3.15e-40
1016.8551663020970050815576644370032665608670  3.00e-40
1018.1678368278606430845792081968764928284883  8.01e-42
1018.7450539398145141834253119542413707632030  1.12e-40
1020.0544191956648871708944974718326582400510  3.08e-40
1021.6987959945827212805270932035363385587961  3.36e-40
1022.2678419458753936180922530681824742988925  3.16e-40
1023.0807460026497116707956340522381773911741  3.33e-41
1024.2682823086936450910110130094335779483824  1.53e-40
1025.1358593523471044635153786024106186443362  1.68e-40
1026.0288322125051782921527687115040966298056  3.28e-40
1027.1280112905041069285940973883801862222288  3.16e-40
1027.7982101130720101679775077851610728159381  3.15e-40
1029.5653758947519282534650044411529116249250  6.07e-41
1030.4693306254959790533155662920960344637016  3.47e-40
1031.5348035191171059787139069227681476956796  3.44e-40
1032.1550793732232529184359067508217843704406  2.44e-40
1033.4204158548567661424563833849029145969496  5.04e-41
1034.4515770303410822316906709343696983384632  1.45e-41
1035.0245847147176249497192006658788766471617  1.42e-40
1035.8668123713398619142075867251086834305347  3.47e-40
1037.5714021103070069236208415870606623804533  3.57e-40
1038.2589966683966811670691396471259592558421  1.03e-40
1039.6848768209440438577881192316860677856790  3.51e-40
1040.4773743057237910962935892736737478187678  2.92e-41
1041.7473118523140620550915497897336256818198  3.06e-40
1042.2927878355049385162313653229593103887572  1.88e-40
1043.1829011700511868147727167092435428975262  1.12e-40
1044.4821603382772116533234860989650493644450  2.57e-40
1045.1115159380341162768461138568421921907332  3.42e-40
1046.3238630830781775772045807336005210894632  2.11e-40
1047.5769334134834600838553143885307822862316  8.80e-41
1048.7260067592660538591702240649156705527321  2.12e-40
1049.7614942905765973179317866486977531326384  1.63e-40
1050.7317425263043284093472170363593886343749  8.86e-43
1051.1815299443429850833888365087293692626997  2.95e-40
1052.5219075510498460510973813645783023534076  1.25e-40
1053.6428938155510414624779594162780277052943  2.07e-40
1054.1249807392107298608609856528025798753480  2.79e-40
1055.2215221974065161449107351442931051164459  2.34e-41
1056.9942418041267364681995002030835782931805  3.51e-40
1057.8143715582775667834118120150003892098818  4.35e-41
1058.5443101786629856765244609190321908349545  1.82e-40
1059.7220891340924961607676169659102249750392  3.21e-40
1060.6831829270317893177578538390949770767443  1.87e-40
1061.6709472676979309420028673663624585340305  5.33e-41
1062.1530930547892602108413226243902731170579  2.29e-40
1063.5903791862539553923629152354936500633900  2.81e-40
1064.3203593383841009772728700316866459558239  1.79e-40
1066.0586756124912034583271033196872205285690  2.41e-40
1066.7089267706772021178502649632306118383630  2.50e-40
1067.7224760567747834505830862294832042714758  1.70e-40
1069.0574346349636620098339558130212400512635  3.68e-40
1069.5449593579837902514900754150034941289987  3.13e-40
1070.5444783758575316617857140687064845522622  2.38e-40
1071.4292320998277619838217247959547029887641  7.86e-41
1072.5955593030833175852597140963376527917155  1.03e-40
1073.6465390754106383484862854718268742919622  7.57e-41
1074.5639979721050456547706725547389961372442  1.85e-40
1076.3574635081320224060149136378511953349424  5.11e-41
1076.7795865723758308792941828814990636385354  4.17e-41
1077.6962573691042950903000473480009305913152  2.74e-40
1078.6827418221518104444258037218569763169080  2.79e-40
1079.8138407894123199025113731150525153173665  3.49e-40
1080.5103280040552172013271083829958532603167  2.34e-40
1081.6048216813301941848732122565122936770011  1.89e-40
1082.4191112786000341278543980017087830263971  3.68e-40
1084.1155983519577824966122175754412503852784  3.71e-40
1084.9400596125162094373668470721696752393520  5.87e-41
1086.0628906898257817791441181187929147629918  1.60e-40
1086.6657157331121557037938248508080668737407  8.51e-41
1087.8127398667779927385033717798435452378603  2.26e-40
1088.9239800055164056659270557917272053334236  2.91e-40
1089.5838574460537332269229321437873828283233  3.42e-40
1090.3240046411015085678558767842098320934719  2.43e-40
1091.7761341011229290475648015959379047537597  2.74e-40
1093.3355570798847310559448060625439329707926  3.86e-40
1093.5379588158526087105727194434011513225005  2.08e-40
1095.1703424879845195112188096129892242552800  3.23e-40
1096.0035068997269197590645628443238117278427  3.47e-40
1096.7343322314837198387585700160688087469068  1.99e-40
1097.7542378290998080398275534883538199851158  2.63e-40
1098.5453439516858798334289010571431143938115  2.07e-41
1099.8504922362757014595769034370505114560380  3.62e-40
1100.4991874118292869320561123662699269584355  3.07e-40
1102.0231682290602748422248713316803840767764  3.91e-40
1103.0684859899991154500284093655395583154742  3.80e-40
1104.0794703497869695145307789821461486339021  3.35e-40
1104.9349938678510418390294992607732533107595  9.21e-43
1106.0260466275500931468077526577151205818699  5.25e-41
1106.3672067489068462240575157263190363090010  3.88e-40
1108.2534084973973505138592945776679678446124  2.30e-40
1108.3870006675617410369696373625608975876324  3.77e-40
1109.4567440706374618770812160043419896735338  3.80e-40
1111.1366129593336397884341629263131436327517  3.71e-40
1112.2052798264717396190965041056858157286412  3.75e-40
1113.0584318005738866090039245038899681011850  7.50e-41
1113.6578833965964662931127697252279284571644  1.44e-41
1115.1274395358760023034544663173694030701397  3.84e-40
1115.8975306380270884175576248851505482698783  2.05e-40
1116.4825768776464686237846815957761965675642  3.87e-40
1117.6725725752561512303218703817158360796888  3.66e-40
1118.6898808492211245993460382900216380427957  2.49e-40
1120.0196455034107216279635877946600901699820  3.11e-41
1121.2242154612492446475059843924183407408129  2.33e-40
1121.8358307110830814692723066321200697683017  1.81e-40
1123.0611364804133485304922074412635462281060  3.93e-40
1123.9831781024466321754256585292170477252555  2.23e-40
1124.7704696670732655489591535314384289538504  2.77e-40
1125.5865413606830551690940891958838162455790  3.15e-41
1126.6441361224976827586981102073620599364581  2.48e-41
1127.8851117784172215913947065327814151905604  3.38e-40
1128.7624420306955948073107787609821831468795  1.85e-41
1130.0692097329662088492973147036236701505699  3.96e-40
1131.2790249091896413280691471795897537921952  3.86e-40
1132.0028149342396056123264182612776929435189  1.34e-40
1132.6212534769261632913152201740539652445064  8.56e-41
1133.8181920522190448982104837721670750640033  3.25e-40
1134.9603465348940980149388045330172700067641  4.06e-40
1135.4876391517237391455774114958380016030184  4.01e-40
1136.5787058116767811045511098453882023834623  3.81e-40
1137.9406886627123173125815968522474824255674  1.23e-40
1139.1416888266270958718070488096999376987339  3.50e-40
1140.2552288114441415589885494196413770751926  3.97e-40
1140.6074818341814510674593727244631463244523  7.28e-41
1142.0739131511183930308006842048941615133867  4.18e-40
1142.6272173465170871671706263748809457625900  2.56e-40
1143.9156226338139720749947102630134694756545  1.89e-40
1144.5504740705733164412172009501404005521993  1.76e-40
1145.3589227997058600032558167782742393516605  3.09e-40
1147.2337869509196254773428748387259798698214  3.85e-40
1147.9556660682184809942805109704827456989713  4.35e-40
1148.7682055169135767564667085489207515402369  1.39e-40
1150.1660654587593340812401015118167050572919  3.97e-40
1150.8763137832351802778970827532138150365352  1.21e-40
1151.6822201629118852801451664745289819853359  3.89e-40
1152.6164337996327311983967229643668982607612  1.99e-40
1153.5500483457090093469685758383615344716510  5.89e-41
1154.7851334181918973310007461600808283133218  2.90e-40
1155.5677843600574360070986713832346941285490  2.48e-40
1157.1573435502160375010114654926801647472303  4.02e-40
1157.9290715318207038435868655441967469869446  2.37e-40
1158.8781375201663462757091223780621841212405  2.18e-41
1160.1255801745694767204139095733167342244286  3.57e-40
1160.3406430191735983005330859809323373433930  3.90e-40
1161.6960302507310702973497143678612007018316  1.47e-40
1162.6323069098821577259859248904902401235970  1.08e-40
1163.6173980338614685731644538115098331871797  2.45e-40
1164.3883193745870636861527514151080420479841  9.12e-42
1166.3426979063210577276732916968953521187659  3.03e-40
1166.7812492413694831432304333004178757984762  4.41e-40
1167.9083036917383372055651566634090849434543  4.43e-40
1168.5069162939124108200217916995639410406204  2.16e-40
1169.9614703123329299212688631236169513850988  4.40e-40
1170.5759869109394105088808104278027586357201  4.39e-40
1171.4306362106401513288439462664920204132126  1.35e-40
1172.3146526553776698649442173392753005470158  2.29e-40
1173.7898110778645820525566591892766038555001  4.52e-40
1174.8256099259898222688377747407419347329988  4.45e-40
1175.8772990867234143656698734188151801725268  4.42e-40
1176.8464625726538893635289443278735218919982  3.66e-40
1177.5825472338518074094434169272503191471400  4.55e-40
1178.9182141242651171722265740942524048390789  3.07e-40
1179.3974236930094631257786847559353211489274  1.44e-41
1180.2765166876768311692364076784036312253828  3.49e-40
1181.5112870561180649528369376825506361093855  8.85e-42
1182.5169809391727666392367534160739660569795  1.16e-40
1183.8102448308122779299529247003583336669428  3.52e-40
1184.6086895518646250923073705504760985353538  4.63e-40
1186.0431204392395786887419605699301464814797  4.48e-40
1186.7816197754813182336135012731596071678108  4.27e-40
1187.1708801638722246844975879836705382907184  4.31e-40
1188.5077878807219458792706828567038310446506  4.15e-41
1189.6919306456359880143100087026580207586184  3.01e-40
1190.0901905989751703531313925125082436805562  2.08e-40
1191.3197446776626214558976310797147433255481  1.75e-40
1192.6813153167795834505052666858878260718274  4.44e-40
1193.9494913873893870732090364761020631138909  9.62e-41
1194.5066019677938269394899634781534963115820  2.21e-40
1195.6130163005181168667730842916622323922652  3.15e-40
1196.3960675350033828448251222339656097631268  4.71e-40
1197.5154243957934456176985338534529767762760  4.65e-40
1198.2723113530657521621169252592323029978363  1.43e-40
1199.3458282172906553298104088270370323956410  1.85e-40
1199.9491914417134960404191220999920117579751  1.05e-40
1201.8677644062960024287772414553960507618871  3.05e-40
1202.6130750785052882902211820902252117191889  3.70e-40
1203.3526268077374235292785127250214854725099  4.71e-40
1204.5610366953749310401853104452621464698688  3.96e-40
1205.5749786027524509798920056198852653929473  4.38e-40
1206.3863746517375543804815309006395859175878  3.33e-40
1206.8707399862769590272269378439870431495012  9.33e-42
1208.3549341343568323035832750771712332590960  5.18e-41
1209.0607022270526909056523726171923024966708  1.99e-40
1210.4368868504190804691245088798342798787040  4.36e-40
1211.3936686950470468594880046684517882449390  4.79e-40
1212.7132028640962512604601743307590142317143  1.39e-40
1213.3302868229902124474188684424223194668579  3.10e-40
1214.2616247290651554558753629704771246204148  5.57e-41
1215.3201072553713530808874510587918898863052  6.89e-41
1215.9487675194267714764148434465218933347857  4.28e-41
1217.1212714321627992912759734198395087191501  3.01e-40
1218.1613761967477530815599298357587398709161  2.77e-40
1218.9145517341358556890996098714938298351972  3.53e-40
1220.5538958824618051740240604584766160460064  4.31e-40
1221.7158870288675688370921479492025625107077  2.60e-40
1221.9669525633093498234312693888798008252617  2.99e-40
1223.1875437621810746793118840528527812724861  4.87e-40
1224.0938807194450608664856904358185652926820  3.39e-40
1225.1858003727685581795601665401320834691973  3.99e-40
1226.0995402401503163068812227717212441351149  1.40e-40
1226.4103789732191425267265665713756997944491  4.69e-40
1228.3384465562982430450748942965259376518498  3.93e-40
1229.1544252266905279992359492623011932277929  4.78e-40
1230.3223874966318453921347191583197654860410  3.34e-40
1231.1212462991886563692682275890583261022822  4.48e-40
1232.1298480846958167297969278167813283421019  3.96e-40
1233.0278155401679190925386489860996386274124  9.67e-41
1233.9903355224412217193899946826783058626020  4.88e-40
1234.6594251492647967795587904829479389070917  4.28e-41
1235.7178738262075674582530665079376247897631  2.42e-41
1236.9295583259396459802541106528080408270011  3.31e-40
1238.1919528959269819956578990053266490932081  4.82e-40
1238.9086717293552448634756375939339386404417  6.88e-41
# 1062 zeros up to gamma=1239.0 ; worst |L| = 4.884e-40  (all on Re=1/2 by construction of the search)
