# L(chi3) zeros, ~50+ digit gamma_n, verified by |L(1/2+i gamma_n)| (PREC=192 bits)
1236.9295583259396459802541106528080408270011  3.31e-40
1238.1919528959269819956578990053266490932081  4.82e-40
1238.9086717293552448634756375939339386404417  6.88e-41
1240.2283821365025644632887916013858186861163  4.86e-40
1241.1122613215496791736565850384059010830855  2.32e-40
1241.8052219681163359564642019651768289296632  3.93e-40
1242.5471100679579412994471739803871203774407  2.78e-40
1243.8474638272489008967284946208192699257519  2.89e-40
1244.8352424920132129597253820754779491668461  1.54e-40
1245.3150396725557924223970100521463454135562  2.23e-40
1246.9458646141405242288520562568665037827735  3.47e-40
1248.2882434218590876943157941015445268484483  4.77e-40
1248.6846521433091144837505214529913150608281  2.90e-40
1250.0457978531488751242290138450235223121757  4.21e-40
1250.4985023078539383053175194251197090070424  4.84e-40
1251.7639607385825252087345592155333057029225  3.85e-40
1252.6077273993337301355473939745439306647923  4.89e-40
1253.4335265517742165247250584764153408738024  9.49e-41
1254.3548640422425144214559149844480353588616  2.12e-40
1255.6755424950100990450214845262099641453844  3.93e-40
1257.2097126251921199038317857351205148553492  7.25e-41
1257.6202193473008952991933383241310911102285  4.31e-40
1258.4035726336277390472068345346459865464043  3.86e-40
1260.1241023488847489833452222694269986834532  4.21e-40
1260.2940741077722175693319478549935974889058  8.10e-41
1261.3369955158843093311106816338994924665940  9.44e-41
1262.2082333457279217414871379047906704806122  4.25e-40
1263.3771432157523227336182846476897695194207  5.20e-40
1264.5171448750209477019234242475432752493604  4.73e-40
1265.5659073124240384379683322363371583313008  4.71e-40
1266.6376056942219371664243062496902417531184  4.41e-40
1267.7538391599884587312691754683488422567780  3.27e-40
1268.3772110442187800941246954069627779522032  1.81e-40
1269.2294894124989638313086429925729002760640  5.18e-40
1270.5852460809660746901960500443440541530875  1.08e-40
1270.7828007255067017596354840106841434813562  4.83e-40
1272.3961302776450002293893700189326574668017  5.19e-40
1273.0104028680141586389955070011105055795206  2.86e-40
1274.4182256340571685926437906085744946974639  4.74e-40
1275.6134792121600323647899849097127764665733  4.86e-40
1276.5273543445840272603378617465391675385424  4.84e-40
1277.1672606956639063551987873652457078335173  4.98e-40
1278.0117466734818629498845587166052643343387  1.34e-40
1279.3572171029781169278610130409018723932454  5.15e-40
1280.0255106440068714610293613151229701683620  6.87e-41
1280.8099603852165607508145285261806324013676  2.94e-40
1281.7978013251217651903144745166575201196506  1.55e-40
1283.6164865448318157746575063582883853538725  4.49e-40
1284.1087821732430379952402457075478556276617  5.16e-40
1285.1326017785253737366246149493425218076665  4.98e-40
1286.2270158385528387433619301643208809124704  5.21e-40
1287.0625113151128227904474237254371357414477  2.28e-40
1287.8764532864773482305319736570716718312790  5.18e-40
1288.9420522124590920903466547575452441877062  5.26e-40
1289.5880425148382845296577987046330359213822  2.73e-40
1290.6975279475799788406661529318983299246950  1.23e-40
1292.2237044077964981178316882079677433123424  4.48e-40
1292.8684887683092193544370189235799563622692  4.48e-40
1294.1102601107007187945921321604216998880965  3.54e-42
1294.9484336069340323433830563884693982386621  4.62e-40
1296.0304759454737765956431605662607844236418  4.04e-40
1296.7449890038742779497229737298919098749494  3.23e-40
1297.3122152668161773011993985022873062361875  1.67e-40
1298.8802935781811285641857706485007020303925  4.04e-40
1299.5293497549429008975841685570963290445288  4.35e-40
1300.3743480791739423468916118003218488373485  2.67e-41
1302.1828827766832638959292881278468697467972  2.98e-40
1302.7235898094415611946043167998525770723347  5.04e-40
1303.9335106526764718186647411446416207576016  4.78e-40
1304.4891276219858171038142375325137504928141  5.46e-40
1305.5392070832190868525330586813223970891812  5.43e-40
1306.6313242608855992330698556377418514082863  5.15e-40
1307.2804324217652281372263955864439309684272  2.71e-41
1308.3156950701052577607110342181657324129064  5.16e-41
1309.2455128577234642314330253327767649513709  5.39e-40
1310.7444605245939699274275070269251426926594  5.36e-40
1311.7930397211889467716816120591488106351670  5.34e-40
1312.5296943511388662792390945642232755237863  4.75e-40
1313.2282534802033057703947283931174935937178  2.06e-40
1314.6399216208819616719203057956360511529850  4.39e-40
1315.3347408488332523068944902348118263494352  2.49e-40
1316.0267341963455235588262025697671157986152  3.79e-40
1316.9278607454538380059410878591221964643673  2.89e-41
1318.2638059541061143507285028815598716536495  5.49e-40
1319.4069260091235516581641607429769652230086  5.03e-40
1320.2561435142343108939511852425159092525329  4.66e-40
1321.5011907191196291644874097582864833804861  4.92e-40
1322.2887399787663391921296730380332390898095  2.03e-40
1323.2470832605910805623102233346444925172044  3.97e-40
1323.9358402895252981863008843697871305356539  3.10e-40
1324.9082639608618006341981005513384981655866  1.35e-40
1326.1164702927729673318042397525312439609676  4.79e-40
1326.5753818024641692746365306321465525502796  1.06e-40
1328.2521481942619140946853648995215378259982  5.27e-40
1328.8980205887287943645742786138873996966185  5.46e-40
1330.4676559793968301714019616766704814382392  4.17e-40
1331.0424175358771446583249817493207877187540  5.54e-40
1331.8778266726664709599230835108647079369634  3.22e-40
1332.6942035283438888296297644068428804662563  5.66e-40
1333.9268542852165358847951512515827203794259  3.57e-40
1334.7421769313629335416481737282670963732159  5.47e-40
1335.4519587733707722141448038313584816667709  1.66e-40
1336.5090904953257439710164899282685719523480  1.27e-40
1338.3229982053148315539085574360810670347618  2.42e-40
1338.8458296125929066434811989296097182517745  4.69e-40
1339.5775788012305095744128280295602387331452  5.66e-40
1340.9270928264485916255766314289204103179029  7.15e-41
1341.6748882082382027040666290686776199295026  5.64e-40
1342.4083102554747713722274272783803316421071  1.90e-41
1343.6252868612990352256128915462040750797478  4.37e-40
1344.0833693310974817545683376008009267076679  1.53e-41
1345.4149753340348181598233497022162375697646  5.67e-40
1346.7129830312414589312945582142774033851037  2.29e-40
1347.6700274371237353617797658812910827211906  4.20e-40
1348.5126913429198481567603132103768079770342  5.48e-40
1349.5527446468310798325530902068515446483112  5.45e-40
1350.6309355013722317908697250506752204352650  5.59e-40
1351.1686525422735808460792158033674375532719  4.90e-40
1352.0184904292274829393391535998434647316518  4.55e-41
1353.1655803661021526015877852858440940860673  3.22e-40
1354.3021182428769611434156668214496686043624  4.99e-40
1354.9496170282721413058637259525886681398518  5.28e-40
1356.4752960181531248869559575472283850234740  5.63e-40
1357.6069062109417645732934925701838239586569  4.44e-40
1358.1987487485130311709001214387609976177194  5.64e-40
1359.0152378369158655897037563186428085429695  3.50e-40
1360.1729571915184376792794617148294468450273  5.39e-40
1360.8792757458966147914327979971088260392274  5.84e-40
1362.0275158800356150140470383925348686568905  4.93e-40
1362.6292237384942743531249858561243820723450  2.07e-41
1363.8070077720394051734360612095532075614028  3.45e-40
1365.2613628538407348775113147669493249694604  2.49e-40
1366.1277869610095768388899631566333640726618  5.54e-40
1367.0754642113390989982062468777113854944055  5.61e-40
1367.8012265818892048159949929674783947956326  5.65e-40
1368.7466194130617345144059435178826458941937  5.70e-40
1370.0346845425075686708992340601969873415199  3.01e-40
1370.6023070422095784149684862509845198482189  1.47e-40
1371.0994806855081789630974824444448907897846  2.36e-40
1372.7848523404909334042991080565490378208095  2.07e-40
1373.7331829064437217896205106416636192053396  4.27e-40
1374.9363525634125526563304785511860908042229  3.35e-42
1375.5259396041811014201170115982135667218291  4.61e-40
1377.0162277984449168728771760409311417396977  7.50e-42
1377.4551228102826535098219647974271994312530  4.87e-40
1378.3982564611566991848921950572674021084809  5.87e-40
1379.2229221427819231591398748362504193532688  3.55e-40
1380.4961949172551203286042838552481207911869  5.72e-40
1381.0057893884390609886123942572606980776079  5.60e-40
1382.4349012104413140558938345864708901249745  5.25e-40
1383.5597947679091965319106481965932579799945  5.82e-40
1384.4086901003172435829168239385493007729501  2.97e-40
1385.8025677689340103539217628904982268947862  5.74e-40
1386.0661749825510175825465762417063177873390  3.02e-40
1387.0609952471389134874170202685925817380990  1.86e-40
1388.1259707802602596503927521982653565808840  3.77e-40
1389.0682521185449819312769583701570271824074  5.49e-40
1390.0411993729035457857998803815393378968987  5.96e-40
1390.5882534016119881652319170966081436857044  4.07e-40
1392.5342116309041395197738937599765130878006  3.40e-40
1393.1934763904405309538955509781649021039458  5.68e-40
1394.1436895436549479237629772255516812205126  5.82e-40
1394.8129438912779505719779292283878671606261  6.03e-40
1396.1154845531996606365191940384748854621894  1.32e-40
1396.9865992371179935521491198843537475140592  5.20e-40
1397.4056373045057436189102403704062200086431  5.24e-40
1398.7268218262020580432134920806172590401317  3.95e-40
1399.4731889093823924133900185691329681046858  5.08e-40
1400.9102157739150314137296068930960846819126  9.69e-41
1402.0819795746992267695230988189980020925376  2.98e-40
1402.6366899236201147771635668844457792347991  5.70e-40
1403.7821192622153788103118729967815882057958  5.85e-40
1404.8421953931229654726936326107966358353912  5.65e-40
1405.4203442430657785924326801278834121379618  6.09e-40
1406.4586167588903008849112014963055356779818  6.07e-40
1407.1188464143911521556102106543179438439491  1.35e-40
1408.4314193787703851826882133776778422376529  5.47e-40
1409.4705701918503784894884387478985004791985  5.48e-40
1410.2923095100702847167773578147262172122678  5.33e-40
1411.8559256915963411796160075509760869845661  2.54e-40
1412.5925986327947522890665702306204805594671  5.34e-41
1413.1021277649432016010265277267980008417713  3.45e-40
1414.2996756139036147524716997278588901479957  5.97e-40
1415.0866028408947330424197884924638537541638  5.10e-40
1416.1335773339461102022452098251184706465053  4.88e-40
1416.9680444111220735649122157640550672874252  5.79e-40
1417.7578066872842104621943744061976455712223  3.92e-42
1419.3633487574987847289486446258516803047904  1.83e-40
1420.2511735259257729077969502117813172827644  5.26e-40
1421.2026323667944472684644171039968698977033  6.03e-40
1422.1484096288528455162206579850126648826124  6.60e-41
1422.6935186425447673346933382320354909532991  4.43e-40
1424.0601917914526373518542239925603859154522  3.93e-40
1424.7617699218299988445538024271263362681666  4.33e-40
1425.5921146805959655206385425900798397911264  6.13e-40
1426.3259556245181520694825841550110269224525  1.71e-40
1428.0798629524625326471434041091569876958360  4.14e-40
1428.9029549738794223473331454509793304171530  2.09e-40
1429.6621942653487360071260402678513447911059  6.10e-40
1430.8656551317011250156499260473217719913035  4.75e-40
1431.7146339240233402558389975977187396497754  1.32e-40
1432.7400033096227009725222074724562726474016  1.01e-40
1433.0697216682706441835058278779386749774954  1.28e-40
1434.4289861026630238190508272299951135462718  6.12e-40
1435.2351892236680503876509026751735234837917  4.85e-40
1436.3184558969652899343274627903951235610291  3.71e-40
1437.4508236970288979093028112715016370366522  8.54e-41
1438.7698069066670928232794193505760702668610  6.14e-40
1439.2426632254694865641880006135668759018677  6.25e-40
1440.5246590091897252701995300156627213931980  1.75e-40
1441.3558532630764615681734554199334803269474  5.99e-40
1441.7286709755803920988001198013533583832225  3.36e-40
1443.1778679147307547079017233392309122351522  3.12e-40
1444.0835211681991026334050021604435856726125  5.77e-40
1444.6373931379707163336103292804383599314325  6.44e-40
1446.0299430862292771435027594107912651408209  6.14e-40
1447.3673739258355974437725252378497972271559  1.53e-40
1448.4197674189112563674130920695661055865460  9.59e-41
1448.6610281323387176929735820874756089513409  5.48e-40
1449.8353311093366709261722125135111527913578  6.23e-40
1451.0346682155282997674422164515586062350762  3.40e-40
1451.7618242804227794404878871203729291507434  5.40e-41
1452.3119194425867470054992522773931934103226  3.85e-40
1453.5526164495372877904286858376045810061487  6.35e-40
1454.5821198935087624971604713761537542239131  6.34e-40
1455.9298575215430944506030990812729934512635  5.63e-41
1456.8744123752744193118735978543275789218466  2.21e-40
1457.4539427998792134445775735182011598115086  3.70e-40
1458.9280570528145583839831045812927318642076  2.56e-40
1459.2172646958957444659272846966571445156424  5.46e-40
1460.7377359378926181140756982252251751151948  2.00e-40
1460.8586090920661058931771316422865965175502  5.16e-40
1462.1011367787406260241726674039272554333823  6.02e-40
1463.3019526134250879019422380791772193266091  2.18e-40
1464.3951469785513672923021124275447454067588  2.49e-41
1465.2078570851809634551929803369994344937154  5.84e-40
1466.6320116072028515270781216519325187280862  4.75e-40
1467.2848022689459560390605673445316425709289  5.63e-40
1468.1279219533323808666852921337246928784407  7.02e-42
1468.7725440530130206313344028154265703420112  6.02e-40
1470.1289663731220540434706498381431357278614  2.10e-40
1470.8171557479395618007859898331307730822685  5.71e-40
1471.6277320492276112642774192833103390245967  6.00e-40
1472.8004027279038586222512617188154854772499  2.81e-40
1474.1397535108331815090466721502679966860046  5.07e-40
1475.1527145059419721384743226340023037465043  5.57e-40
1475.8012993831332964699124869639632346713562  5.16e-40
1476.8147863092106464420887229804929502976324  5.47e-40
1477.6456689101758777717943300306565762431325  1.00e-42
1478.5715344274410257603634342128337437887867  3.33e-40
1479.6086393428097178544381216007711850894333  3.16e-40
1480.2929402324294491583139438133558897960686  5.12e-40
1481.1038349627224014547212722026008203642148  6.47e-40
1483.0886366488751740659061995580668493282982  6.54e-40
1483.4484079190257703479449899080716249055869  5.45e-41
1484.3738334310968332580613425841215051718731  2.87e-40
1485.5821359107064213752607439284488846281675  2.82e-40
1486.4115290893292747586311336103070978071984  3.56e-40
1487.2233390605465553082854080270662687688812  6.48e-40
1488.0814235872947448926597052283650374204191  3.33e-40
1488.7639754066794549470191719887517830965004  5.09e-40
1490.3501485409296328252492448408965295727925  3.29e-40
1490.7415264269868614298844002826491085767296  2.90e-40
1492.3986768329444430961097592478337370856711  2.88e-40
1493.1342136103848141823265302744473610141082  5.61e-40
1494.1505334484652190844623240623500102746953  5.81e-40
1495.0195309930407149907773758277284363117960  6.97e-41
1495.8949229167486058304423053246513921317046  4.14e-40
1496.6091517559276323093391236165617340471817  5.10e-40
1497.5968657856024097505665657907813220388540  2.99e-40
1498.8626062551285111989307092358221953809945  6.30e-40
1499.2594759655410465186233187522812621147819  4.26e-40
1500.7460528056333099488209839188954589670335  1.09e-40
1501.9442274115188986012201833601827139735171  4.22e-40
1503.0254136802470091021729918166372483350802  5.40e-40
1503.3243210509071785405228154567131817591268  4.44e-40
1504.3583937424407305041145170303178928371963  4.32e-40
1505.6477356775996949858932693030139789578679  3.87e-40
1506.2370502879718371586278258839523383670921  6.67e-40
1507.1384616690487815205377248767734390127893  5.19e-40
1507.8678580242428054947282945159558357564750  6.69e-40
1509.4801264153543813969103947934843518849097  4.87e-40
1510.3473954427883661290792916516372611598476  2.47e-40
1511.3672279801302124616885747660519400686585  2.16e-40
1512.3026138139651432753311742960173914694202  9.87e-41
1512.9815900908523282378223850897951211160090  6.29e-40
1514.2695452980957216190916987830780213786973  3.80e-40
1514.8035365348374784189631327577876122460186  5.97e-40
1515.6757420048196638389044291403298690660307  6.45e-40
1516.6536893492744555644304729569777083404092  5.73e-40
1517.7324101914808773230965286031909614121997  6.39e-40
1519.1646148785166903629121397891191614843757  1.02e-40
1519.6538756651735303914916562876845604055561  3.52e-40
1520.9176293054706107144594410518518838612287  4.09e-40
1522.0590008886439433120273562942033858035330  6.41e-40
1522.6073988605951370955131968569207169162519  6.30e-40
1523.1543940041978102587453047948678555823738  6.86e-40
1524.6200046879474108667540675118510539022707  3.82e-40
1525.3061620633460062556176888417069729425245  6.19e-40
1526.1606573856989397468226445773075572467559  6.15e-40
1527.2648891742246243098715017763375567642704  6.76e-40
1528.6306819544906659021411772791989937547863  4.62e-41
1529.6121559997492356866243091923033603097536  1.12e-40
1530.3074855997970165987789869296241526238736  1.21e-40
1531.1468571805774680760541905085496200997866  4.78e-40
1532.2860745582977619471176439664349095904227  1.45e-40
1532.8587546711538092288939994004747325113547  3.26e-40
1534.0168536744255751593781121779103200157966  1.17e-40
1534.8834817141164760779190794653796287340602  4.14e-40
1535.4724154415183561834609989629288755910902  2.03e-40
1537.3330406265200876411328104795332480245648  6.78e-40
1538.0575910377995329552572099932399766931617  1.26e-40
1538.9638687797250411421663286081356739998699  4.85e-40
1539.6142133486707851785952545819828190728778  4.34e-40
1541.2060930858985430317996707104087696092257  1.00e-40
1541.4128929191596071546688286554910304886806  6.35e-40
1542.4651655161286452033734053796294677566378  6.60e-40
1543.2269269887905643879887847746262782815841  6.41e-40
1544.4259317174690737653090086337390168487225  2.03e-40
1545.5237163698714748768668164602579450135301  4.27e-41
1546.5031518821850289201851739824180337000862  1.23e-40
1547.6081652735774118503223180261877092038553  1.48e-40
1548.6205561395619424203055565867638572993169  9.74e-41
1549.2148493989132302894156521399833862190571  1.43e-41
1550.3174979898332936991921848589551401259920  2.49e-40
1551.0014792205671977354079147933157928131352  6.80e-40
1551.9575045893828714951734952652825623406973  6.84e-40
1552.8761137586639418176193617704374639247114  1.74e-40
1554.0753362698128860891808290035888810429243  4.14e-40
1554.7487707566172455337423818967615369080806  6.41e-40
1556.5127078679020387470715394128603273951722  3.55e-40
1556.9205689905426996610587201413581537332514  3.68e-40
1558.0345158849843084361389969308264801949176  8.00e-41
1558.6758973280451300571874758138709762924203  2.70e-41
1559.5576040346063779271747038168359387242538  4.89e-40
1560.9750919749984370095525762429170827429240  6.65e-40
1561.3788163727031998853997678632406389418544  6.54e-40
1562.0337130352549613156337924422697307540212  6.97e-40
1563.6377487217283405157487212689375879073616  5.38e-40
1564.8690099350568232994031727167627728702453  1.03e-40
1565.4208192590369328670269791759482401622628  1.57e-40
1566.6720663853598532645753563421141046652424  5.63e-40
1567.2559059086470393085764764875951692971694  6.76e-40
1568.3791218276482560444270908541685611901084  5.11e-40
1569.2415749611359968175294098697259901180713  2.60e-40
1569.9017495188164666979392833776750790229446  7.04e-40
1570.9026824689712161567487081106808760366572  7.05e-40
1571.8761358203138786153008793517899517535330  6.74e-40
1573.2730238535117802860947623152815979415388  1.32e-41
1574.2155092414030519721759546060521318959408  2.71e-40
1574.8371042729876973904573037219192028313965  2.90e-40
1576.2858978125267535615462379142981264579486  7.16e-40
1576.8937214405502392935425958309289156275449  2.66e-40
1577.6162782006183221320423460713413033993847  7.59e-41
1578.4366691768792741871498345672273620285056  5.74e-40
1579.6575071673534033390014503362803440407691  4.45e-41
1580.5342811903830428250481634906325484667714  4.51e-40
1581.2340069430306590481432308498586042202908  5.19e-40
1582.7651970461679682503972459360662219999158  1.63e-40
1583.8136525354179860729394487755921546279656  2.44e-40
1584.4854652774467486950939738224741507955750  4.01e-40
1585.4976128995154606626996669238774412656040  3.62e-40
1586.1459130555221081124417450046966832435632  6.98e-40
1587.2990352101035162737883022439991232064680  4.70e-40
1588.0751361831450644065075002732695912260491  2.87e-41
1588.9259794986444108348630075112661634656558  5.35e-40
1589.8668037930954099807847196452279430579384  6.83e-40
1590.9847951354804346270197028713462691875090  5.05e-40
1592.5080779102892992497714372196496292456853  7.18e-40
1593.1723717959019530647243840469807577085449  5.56e-41
1593.6625914544484504109744799793467905102298  4.98e-40
1594.9536382490789553852662100107542375198692  4.06e-40
1595.9568502338847491952091302302724555743244  3.40e-40
1596.6064505363971685710319824723937236802777  7.05e-40
1597.3070441923238119145253598711187287439569  6.21e-40
1598.3959535646407331729910510165420088582660  4.63e-40
1599.5320052977046026497277105708702524929297  8.73e-41
1600.9290523419960716403764277740748916741280  7.23e-40
1601.2475254525596063137717299954765169384099  7.01e-40
1602.8225695504367551343846803973325755585910  6.07e-40
1603.5283573911615923218369255496880444243534  7.32e-40
1604.0653980964970743364699692830652653780727  6.32e-40
1605.4583085350374788365500226735169535804552  5.33e-40
1605.8022523671491325819667681670733802054706  4.19e-40
1606.9697132135992100071531185792052479042528  9.42e-41
1607.9614638564820428096486504559948821804348  2.24e-41
1608.9731275954584858405902443272739998157204  6.41e-41
1610.1259452888450716127033800297177287420452  3.96e-40
1611.1786217530861264603790434964732902431024  4.83e-40
1612.2229451837852099233891223813989418722027  5.38e-40
1612.6847520665525963481934703498930370527543  6.48e-42
1613.6201692106745511811974277505176207673055  3.08e-40
1614.6297272761937991654511287426543623548159  3.50e-40
1615.7543534807615184910170976928558177921515  1.32e-41
1616.2717713227124939201952903905181212567927  3.70e-40
1617.1057752247686385284651070079806745272882  7.35e-40
1618.9416832403436350587617667744373492710911  4.25e-40
1619.5508002556244394930966191232016255413733  3.87e-40
1620.5155280469290404154590805968857171000747  1.89e-40
1621.2905818279471844934507653811440681793113  6.08e-40
1622.4876634269708954747055987105015668472643  7.60e-41
1623.0759807843061979497255064383343638868236  2.07e-40
1624.0055231301240766998997089661544810691178  5.03e-40
1625.0571500031241057193841299751513945004743  4.15e-40
1625.5270275866260630695380117874362696756014  7.33e-40
1627.1547968883251187739112917107249377787222  2.35e-40
1628.0585878560099077231701642595407817711058  6.66e-40
1629.1309755770776830871308604588735963502991  7.32e-40
1629.7744698834526644012340240977662136323934  3.96e-40
1630.9932296299959725555233673401167913361375  3.08e-40
1631.7889916343733965421556091488068963192091  4.78e-40
1632.5703845032283951812725146893045599523418  6.57e-41
1633.0727273527127687580522351890784640154821  4.24e-40
1634.9113124746689586616498136388223248933434  7.52e-40
1634.9659894973925700598524479717982495059921  7.21e-40
1636.3471137087542419040695873493104594048794  3.89e-40
1637.7105129179787627557988225017102088696729  1.88e-40
1638.4884181160102901192544896701339731155413  6.51e-40
1639.4901225556038976119283663868277088024191  6.08e-40
1640.0672119913670777972816604384480439343344  7.12e-40
1641.0393602319964820897759770968687807774415  3.40e-40
1642.1265871726626405271816200591153503074071  5.44e-40
1642.8311571822005647278581474545782385166599  5.37e-40
1643.6654704066969450390949231464048492626453  7.33e-40
1644.7947883381041155646079920080891811883475  6.89e-40
1645.9352013779858323045757620637259905333647  4.11e-40
1647.2802736613499027511653275477674993582735  6.48e-40
1647.8466914367920911970195303196284124829446  5.27e-40
1648.5214633642492837781606817608182198564887  6.21e-40
1649.6780731269390473409979578412962769035764  2.15e-40
1650.6838216873470510343197656783742752367617  2.66e-40
1651.3694848598857303847871535351362252256133  3.58e-41
1652.0841421949415993304845366980547225727368  7.52e-40
1653.0719268992120875988280498220839546073152  7.36e-40
1654.6782846070358398863599355008026212046235  7.09e-40
1655.2476568264247305673766282239725549979344  6.22e-40
1656.3968056682402925022328415871145455648198  7.72e-40
1657.2484008768561059245914950509321476510485  5.15e-40
1658.4024867637099473833418603508039245137456  7.56e-40
1658.9143492190855020390172541683620858806655  6.84e-40
1659.7091638941526231229053610820970082253166  2.10e-40
1660.9776710332598032856999725177814202555934  6.40e-40
1661.4821151337550347384894125342997931589389  7.56e-40
1662.6891954905895666397583764573296840656067  4.74e-40
1663.8870540574900441971679632251858026847163  1.69e-40
1664.7582827731050685875792064964708054518148  3.76e-40
1665.9081768973337411868175987395892524808929  1.02e-40
1666.7900866007549287903886915178441131779170  7.67e-40
1667.5128609118797412238017681816086817054144  3.85e-41
1668.1361585067445078402077534962508517322608  3.47e-41
1669.5372626924027235346981707620179184953509  9.16e-41
1670.0156752346320868261746885217247303546879  5.75e-40
1671.3668542299613739852799541140720637434531  5.70e-40
1671.6165690329051208830037138116605452919743  6.75e-40
1673.6376121511828573276458544878191095352425  7.00e-40
1674.5195529916364940319450501352347880540602  7.41e-40
1674.7448911858211099280343997313720667871880  4.90e-40
1676.1286015101023425293145491410476165333169  7.10e-40
1676.9860046088763032504512364174874796062751  2.57e-40
1677.7209446049603295602569728301840244058931  6.76e-40
1678.7737259161369043858614087934367231722176  6.94e-40
1679.3640958621801230486095533421233727532277  6.81e-40
1680.4286562016071373543911148095110776940048  5.77e-40
1681.7070385127113186656227371048397746215496  3.48e-40
1682.8578493647214611706915156371264643754697  7.01e-40
1683.5413516464278222482877298091204515740894  4.03e-40
1684.5530170103852880879606516096811947225042  7.76e-40
1685.3848200309996913283338529801181775560883  3.55e-40
1686.5519387682810383879030890200629032599605  7.33e-40
1687.0270352325520923545496199285978714235430  3.69e-40
1687.7418487983237078719136822155148189199965  6.75e-40
1689.1149093413597157350916677464803237921701  5.34e-40
1689.9589173865761177795464098919484649900180  1.02e-40
1690.9573562916147248889067902563187299041053  1.76e-40
1692.1137782733823186495353109935352734288025  3.52e-40
1693.3634994474501220346100723774070300268962  7.75e-40
1693.7460488196530138767225851958644064185372  3.33e-40
1694.7363329398368554584752677849585121914252  2.30e-40
1695.5543626490706858388061163994239454051600  5.05e-40
1696.6187613986877485667281566451855509042624  3.52e-40
1697.4075852616688718289328644070710298327805  2.89e-40
1698.2380424925179488450813153563565176270679  4.24e-40
1699.2584698195150761139516450034595963900590  4.12e-40
1700.7270866441302904509508178689456553646476  7.78e-40
1701.4427237542574019794054539279801232059120  1.55e-40
1702.5119470008728981489295906691247504906466  3.47e-40
1703.2729683670341591873422968543356161053640  7.31e-40
1703.8462403852428060146637590804369135699114  6.85e-40
1705.3146828729537584048291454476290930137487  7.37e-40
1705.9433140040993944999017075150332769588701  5.31e-40
1706.4654860981910141268838474475365195882776  7.48e-40
1707.6104921254720072947423480863273636120973  4.48e-40
1709.0504687014270331795829273664539647000910  7.94e-40
1709.9951337004762726757088511408914737986343  7.28e-40
1710.7272509968110750593974746611372426596337  2.07e-40
1711.6804228428122107304426644476024548120062  7.92e-40
1712.9058011551379359040433433222704469183563  4.99e-40
1713.4326018537893957516294605970500639406862  5.73e-42
1714.1522499655165822957174896281732042283828  7.78e-40
1715.2109467389375646766419873967764351514517  5.23e-40
1716.2925867351106363424548879175766987071491  6.91e-40
1716.8730606022574992970034329014240144702258  7.26e-40
1718.6188109475036705657251058371060166733342  4.64e-40
1718.9866967509257738802876005868961536338626  5.39e-40
1720.3711922183847204414417873529394664853808  7.07e-40
1721.2065856860800534079711035645868712277399  1.50e-40
1721.8386897962725073319364440783265384114057  1.99e-40
1722.8716897560363625147288762375656103637682  2.64e-40
1723.4812200602390173837318314071040755723122  2.27e-40
1724.8032214367790924448119754797059588557174  1.32e-40
1725.4831233238906197622933941299708479661598  1.07e-40
1726.2598769178850163643153704464833739788497  6.99e-40
1727.8183676606490575956587285826430940868337  7.99e-40
1728.9123951877808244635093504371484809692908  7.04e-40
1729.5375251094951155871796147401680575185488  7.18e-41
1730.1146247415603829826112176102033192593253  1.01e-40
1731.5132911212184584915086067214374023074257  7.85e-40
1732.1434871301960017799932506603314280239733  1.09e-40
1733.0598083080628773779121558257462349791401  4.72e-40
1733.7651004406624358967496257254970578149418  1.66e-40
1734.8110796417887545183942343807447617576536  4.10e-41
1735.9915945758207276748264640797728137561804  5.71e-40
1737.2783774817003003431560428704240486714550  6.71e-40
1737.8947701229463787665570918948844300489724  1.13e-40
1738.8384826016828700135615575586638884780708  1.72e-40
1739.7881531213407366468554735112481592516243  8.08e-40
1740.7721973113657023785034790701709803715436  7.80e-40
1741.3624474220822094920161931801615492992102  6.02e-40
1742.4534420639734144259964437237581604648577  3.60e-40
1742.9258221212539638176712849905442693800082  7.57e-40
1744.5768884841719458114474448319568712145539  7.41e-40
1745.2606483263810361713118767446007760502811  2.63e-40
1746.2446431023335713465580046867691932608809  1.41e-40
1747.7615238997165273953537827640429587956810  3.29e-40
1748.0422507176601530911920157790958988895918  6.92e-40
1749.0851576528541098416998871922053632701796  7.45e-40
1749.8420116381441684688328396683883684451632  1.25e-40
1750.7660747878829627384615070150731810730580  4.62e-40
1751.8518240690994620572352538960622415415527  1.99e-40
# 539 zeros up to gamma=1752.0 ; worst |L| = 8.084e-40  (all on Re=1/2 by construction of the search)
