# chi3 zeros, gamma_n; |L(1/2+i gamma)|<1e-11
8.039737155681466518
11.249206207772935784
15.704619176721624996
18.261997495693126581
20.455770807742492678
24.059414856493450685
26.577868735774586639
28.218164506233385680
30.745040261382495572
33.897388927259420655
35.608412653938636083
37.551796556364628543
39.485207260929350070
42.616379226157569349
44.120572912072205440
46.274118023513139519
47.514104510117320501
50.375138650636266391
52.496749599060755997
54.193843101551912866
55.642558700216220302
57.584056360449181966
60.026857456715902117
62.206078122282136178
63.176992767339108070
65.294925544083710633
66.623134625532927089
69.513022985980001067
70.819798695547149237
72.656149070696670833
74.005428521004191111
75.622406964030716381
78.217481270926612069
79.637975751907802646
81.611987609471441374
82.470252512221961183
84.412286638293409169
86.327646283014146888
88.652617208539396643
89.646402756841695236
91.335610354433086400
92.753464387119151979
94.394358797163377517
96.874252089785301223
98.126454904241910526
99.533489264058601975
101.374963467900016667
102.116361845064915315
104.765375470164514127
106.246061848876379941
107.970316117138096956
109.137603914491762680
110.523351036813352266
112.154771842199963316
114.217148271564255424
115.898142441843134520
117.369750996605361593
118.299418307897610703
120.255182238494441549
121.278841596507376721
123.890490659809628937
125.010783500604020446
126.397312255835032602
128.052677184236131325
128.937236928623775611
