# mod7_quad: first 1230 exact zeros of L(chi,q=7); col2=gamma, col3=|L(1/2+i gamma)| (dps40)
     1  4.475738283728683  1.760e-16
     2  6.845491712491377  5.111e-16
     3  11.160184543119529  1.219e-15
     4  12.489603343033135  1.323e-15
     5  15.112882258743769  2.411e-16
     6  16.802876475728855  2.796e-15
     7  19.611878056690031  9.314e-16
     8  21.899913703318322  1.091e-16
     9  23.162971799736578  9.448e-16
    10  24.498847555356328  3.726e-15
    11  27.361477519001284  4.899e-15
    12  29.178879666363471  1.929e-15
    13  30.721899644547577  3.200e-15
    14  32.475887591542076  3.780e-16
    15  34.111240783037339  2.676e-15
    16  35.311847458977972  1.058e-14
    17  38.364637336031365  4.611e-15
    18  39.482578746661922  1.494e-16
    19  40.710328651653917  4.058e-15
    20  42.304857587642651  1.964e-15
    21  43.931854287427143  1.425e-14
    22  46.194327427405817  3.343e-15
    23  47.298585340276695  1.131e-14
    24  49.235894262416259  4.489e-16
    25  50.983099434947910  3.738e-16
    26  51.296631458426788  2.264e-15
    27  53.246556716448666  8.486e-16
    28  55.639330768799354  6.630e-15
    29  57.012687073640308  7.499e-15
    30  58.281923096111640  2.588e-15
    31  59.206201945628543  3.284e-16
    32  61.356287385982718  1.117e-14
    33  62.324608617365776  1.369e-14
    34  64.103261131230511  2.750e-15
    35  66.126640192126246  1.330e-14
    36  67.149320310242672  1.613e-14
    37  68.614855143819568  1.106e-14
    38  69.618030821396559  1.521e-14
    39  70.829902336758536  3.620e-14
    40  73.406720929511621  4.359e-16
    41  74.547140922263750  8.748e-16
    42  75.465732176025938  5.315e-15
    43  77.242745429812629  1.913e-14
    44  78.494846517302307  1.967e-14
    45  79.582509767098514  1.745e-14
    46  81.064150238779774  8.537e-15
    47  82.874742376284985  1.488e-14
    48  84.700627931748400  9.443e-15
    49  85.594741477040856  8.289e-15
    50  86.478453083226029  5.243e-15
    51  87.825015272948974  7.583e-17
    52  89.576403137471885  2.354e-14
    53  90.984722411012996  4.466e-14
    54  92.779639034816967  2.007e-14
    55  93.443685425392559  1.084e-16
    56  95.220606704034580  7.497e-15
    57  96.356298690370920  1.136e-14
    58  97.665110120174717  6.662e-17
    59  98.198032230371012  1.021e-14
    60  100.935985080969999  3.420e-14
    61  102.039107553870267  2.117e-14
    62  103.050247098165613  1.628e-14
    63  104.265426368321158  1.768e-15
    64  105.427501287707628  2.444e-15
    65  106.763444277516427  1.168e-14
    66  108.378725340935148  3.511e-14
    67  109.603524242230932  1.094e-14
    68  110.977035782058024  4.292e-14
    69  112.804420712861216  6.230e-15
    70  113.396267143104723  1.145e-14
    71  114.589857621377533  9.359e-15
    72  115.675510415557241  8.075e-16
    73  117.171903423055397  3.783e-15
    74  119.253834890074856  1.729e-14
    75  120.200035385450022  1.853e-14
    76  121.286240022851729  9.225e-17
    77  122.148499092479724  1.591e-14
    78  124.138259395241562  1.455e-14
    79  124.801568020388899  3.276e-15
    80  125.951146805688353  8.221e-15
    81  127.736292005880273  3.777e-14
    82  129.341141261872792  5.834e-14
    83  130.226074822938472  7.658e-16
    84  131.668862178255040  6.799e-15
    85  132.429291655567766  5.122e-15
    86  133.302911510976401  1.899e-14
    87  135.156722029647028  1.549e-14
    88  136.995379746301353  3.456e-14
    89  137.519301386864697  6.995e-15
    90  139.057029172718785  3.533e-14
    91  140.258865698566865  1.575e-15
    92  141.420014990652106  1.362e-14
    93  142.531248432634669  1.540e-14
    94  143.584901603925971  2.376e-14
    95  144.820532539012731  4.824e-14
    96  146.967847415506128  6.345e-14
    97  147.998796532597737  1.694e-14
    98  148.780646492736167  7.871e-15
    99  149.746569640419125  2.016e-15
   100  151.121020490104684  5.313e-14
   101  152.414119774019468  4.060e-14
   102  153.557427765201282  3.702e-14
   103  155.404984301241910  4.119e-14
   104  156.054399213862041  4.023e-14
   105  157.468475587424848  7.473e-14
   106  159.051220835730732  1.085e-14
   107  159.617059070885063  2.288e-14
   108  160.755071582812263  7.903e-15
   109  161.604939574087410  4.542e-14
   110  163.954925047149089  6.327e-14
   111  164.789401322035872  5.598e-14
   112  166.267829802595912  7.789e-15
   113  166.844330671604979  2.117e-14
   114  168.155086438802527  2.634e-14
   115  169.228960137500593  2.985e-14
   116  170.829894022391585  3.244e-14
   117  171.524109205333417  4.620e-14
   118  173.006387330568060  6.132e-14
   119  174.617045945606520  8.271e-14
   120  175.792239121414468  1.087e-14
   121  176.640610762733388  3.314e-14
   122  177.550970233198598  3.487e-14
   123  178.929980419827814  4.619e-15
   124  179.578976034003972  3.556e-14
   125  181.687932340372640  4.044e-14
   126  183.039887399171306  4.626e-14
   127  183.755510414274141  2.572e-14
   128  184.662396252807270  1.075e-14
   129  186.265786932745186  4.659e-14
   130  187.441310178864853  2.056e-14
   131  188.048576007561991  2.156e-15
   132  189.286584788612601  9.742e-14
   133  190.836408498741775  5.916e-14
   134  192.329556964348257  3.380e-15
   135  193.425976810479256  1.337e-14
   136  194.518974544360503  2.413e-14
   137  195.354611872834880  1.608e-14
   138  196.039200453602831  1.170e-14
   139  197.792863396352800  6.296e-14
   140  198.971780750117688  7.545e-14
   141  200.315973355083173  6.938e-14
   142  201.343829788951808  5.417e-16
   143  202.684144417263781  3.903e-14
   144  203.578909057586941  4.586e-14
   145  204.859930502788444  5.071e-14
   146  205.962218390611270  3.005e-14
   147  206.560618751490438  2.728e-14
   148  207.849393800275607  5.171e-14
   149  210.045646176894451  7.340e-14
   150  210.991326157374004  6.430e-15
   151  211.445137827249738  1.525e-14
   152  212.919994793045447  1.001e-14
   153  213.678166237590659  4.230e-14
   154  215.222130364642055  3.709e-14
   155  215.910533227550530  6.236e-14
   156  217.558383970613676  1.715e-14
   157  218.672691448068861  6.273e-14
   158  219.655441419082280  5.956e-14
   159  221.417008577357677  7.843e-16
   160  221.993468186255996  2.495e-14
   161  223.152296950959766  2.245e-14
   162  223.736469254910560  3.896e-14
   163  225.084458540573024  4.343e-14
   164  226.679493853843042  4.979e-14
   165  228.048902060026535  4.671e-14
   166  229.061351647886084  6.114e-15
   167  230.081227900797927  2.578e-14
   168  230.712120496568303  2.738e-14
   169  232.305648956792396  3.006e-14
   170  233.352528479718643  8.256e-15
   171  234.361103499844148  5.300e-14
   172  235.106117589420165  2.742e-14
   173  237.132110244007436  1.206e-13
   174  238.103421147785440  1.951e-14
   175  239.348309663568813  2.983e-14
   176  239.913879889125553  1.570e-14
   177  241.314917504666624  3.073e-14
   178  241.886737728898311  3.370e-14
   179  243.092759404177031  6.772e-14
   180  245.006212905188022  6.298e-14
   181  245.859729995763189  3.762e-14
   182  246.970127342687618  3.502e-15
   183  247.777040083555562  4.198e-14
   184  249.446856670064847  3.835e-14
   185  250.165419309680658  2.736e-14
   186  251.013510056137363  2.370e-14
   187  252.279796401166607  6.926e-14
   188  253.135187356276134  5.629e-14
   189  254.927042056990899  1.272e-13
   190  256.182647799402616  1.078e-13
   191  257.247613119399318  5.658e-14
   192  257.831215570576148  3.648e-14
   193  258.699892425618543  6.929e-15
   194  260.068026085302392  1.268e-14
   195  261.381232033319691  1.562e-13
   196  262.143397352738077  1.763e-13
   197  263.725681352136633  9.506e-14
   198  264.768163346789777  3.864e-14
   199  265.817490926026721  5.839e-14
   200  266.938416287677796  4.648e-14
   201  268.150903120867611  2.608e-14
   202  268.999102194599288  1.017e-14
   203  269.588525825874626  1.638e-14
   204  270.802782433717312  8.350e-14
   205  272.884293829440935  1.166e-13
   206  273.756874179584031  1.556e-14
   207  274.524348301696136  9.687e-14
   208  275.675347953980008  4.198e-14
   209  276.694631882849706  7.327e-14
   210  277.576129659461969  1.134e-13
   211  279.047141423815276  9.584e-15
   212  279.678685565448347  2.105e-14
   213  281.258507351030289  1.453e-13
   214  281.957109358258606  9.838e-15
   215  283.956892146266796  2.402e-14
   216  284.458786481475784  2.251e-14
   217  285.612693651620248  5.917e-14
   218  286.279743084777522  4.188e-14
   219  287.359342275546453  1.185e-13
   220  288.491883672455231  1.773e-13
   221  289.787510780624189  3.234e-13
   222  291.414260894363849  4.235e-14
   223  292.253525354516171  1.626e-14
   224  292.936425059994519  7.100e-14
   225  294.066030891766445  1.132e-13
   226  295.410721038675945  8.422e-15
   227  296.552231312512674  2.076e-14
   228  297.019893905816048  6.666e-14
   229  298.060106607414866  1.150e-14
   230  299.724317619209671  1.617e-13
   231  301.149441180118686  8.680e-14
   232  301.828416672839182  2.696e-14
   233  303.178748117819964  3.692e-14
   234  303.724013073472520  2.691e-14
   235  304.769553390289161  3.440e-14
   236  305.626362908672945  6.100e-14
   237  307.264406408499497  8.867e-14
   238  308.341157743553822  5.103e-14
   239  309.337174466117290  5.127e-14
   240  310.482080734387068  1.519e-13
   241  311.532390355936343  2.389e-14
   242  312.903872994967912  1.736e-14
   243  313.332610340183578  3.578e-14
   244  314.567654392992949  4.943e-14
   245  315.659736344245914  8.765e-14
   246  316.165124151822965  9.151e-14
   247  318.302557832854347  8.212e-14
   248  319.433558976206825  7.064e-15
   249  320.186162787309911  6.312e-14
   250  321.005711659454107  5.616e-14
   251  321.804536822177738  1.148e-13
   252  323.446678097378140  3.022e-14
   253  324.010811440424163  9.301e-14
   254  325.215176207242507  1.070e-13
   255  326.378230321989065  2.281e-13
   256  327.792459732979069  1.668e-13
   257  328.479349328927185  1.026e-13
   258  329.895768479523667  5.559e-14
   259  331.197083263486093  1.706e-14
   260  331.366329339867605  9.354e-15
   261  332.643762877918959  6.942e-14
   262  333.252219908919358  9.884e-14
   263  335.007050323858493  1.837e-13
   264  336.419130674274243  7.475e-14
   265  337.119997049480730  4.294e-14
   266  338.317113797777608  4.756e-14
   267  339.177475891816414  2.857e-14
   268  339.992782023630696  3.006e-16
   269  341.378163123567049  8.871e-14
   270  342.285714101926203  1.074e-13
   271  343.271647848196778  3.935e-15
   272  344.064562655984275  1.946e-13
   273  345.693158974921573  9.126e-14
   274  347.204205627868532  4.447e-14
   275  347.736712078353321  9.028e-15
   276  348.508494710496279  7.705e-15
   277  349.919091279357474  3.364e-15
   278  350.265177584100286  2.669e-14
   279  351.656369848589350  1.057e-13
   280  352.705050288545976  7.272e-14
   281  354.426436893521441  1.049e-13
   282  355.217568491838847  2.609e-14
   283  355.792726173533140  1.009e-13
   284  357.178912652080669  3.930e-14
   285  358.356844362323784  1.028e-13
   286  359.273426716486654  5.817e-14
   287  360.023849759676239  1.143e-14
   288  360.803582536127124  1.638e-14
   289  362.224166881447957  1.488e-13
   290  363.578233830858323  3.020e-13
   291  364.867814409234029  4.194e-14
   292  365.691781180839769  6.530e-14
   293  366.548920141456392  5.052e-14
   294  367.435579208695970  1.609e-14
   295  368.122090448055872  1.467e-14
   296  369.843152329847896  1.029e-13
   297  370.542396839622882  3.619e-14
   298  371.644432922152532  1.092e-13
   299  372.950499853699796  3.814e-14
   300  373.927752393590993  1.673e-13
   301  375.135346708192628  2.951e-15
   302  375.898070108048671  1.870e-14
   303  377.060690551290406  7.634e-14
   304  377.835141505731940  8.648e-14
   305  378.722754125008066  4.900e-14
   306  379.491163611393802  2.504e-14
   307  381.826011722324893  6.149e-14
   308  382.195457389972319  1.214e-14
   309  383.825903955834121  6.384e-15
   310  385.235386241872334  1.627e-13
   311  386.353406730001552  5.591e-14
   312  387.153030206319443  4.991e-14
   313  388.179357425456942  2.601e-14
   314  389.337096893969317  2.726e-14
   315  390.381521288935687  1.957e-13
   316  391.605741709073584  2.423e-13
   317  392.819336858075758  7.703e-14
   318  393.935993236136085  3.328e-14
   319  394.529961097994999  8.491e-15
   320  395.103196766616691  6.773e-14
   321  396.463309659967251  2.866e-14
   322  397.343552270770601  1.487e-13
   323  398.927342896247524  1.679e-13
   324  399.807019572146203  5.238e-15
   325  401.198076218768449  1.423e-15
   326  401.713621241388353  2.131e-15
   327  402.593217377919927  1.213e-13
   328  403.971185169786793  3.114e-14
   329  404.961460409168808  8.604e-14
   330  405.826212560184331  6.862e-14
   331  406.438829547417527  1.143e-13
   332  407.661134523047622  2.207e-13
   333  409.671521377374347  7.612e-15
   334  410.052732587019761  4.110e-15
   335  411.236458446969152  5.244e-14
   336  412.028037662050963  2.797e-14
   337  413.058614357674230  9.216e-15
   338  413.739276000490861  1.994e-14
   339  414.871372391117404  1.897e-13
   340  416.166697495348728  1.497e-13
   341  417.396170382119124  1.338e-13
   342  418.320246037117727  6.208e-14
   343  419.046511586733459  1.427e-13
   344  420.561702238043893  8.224e-14
   345  421.442344273643869  8.313e-14
   346  422.224940756106264  1.735e-14
   347  423.165859772471720  2.506e-14
   348  423.988006259468818  1.376e-13
   349  425.054918114577617  2.165e-13
   350  426.367166542079076  3.742e-13
   351  428.075579804861150  9.833e-14
   352  428.520550025670843  6.181e-14
   353  429.472465422876098  1.510e-14
   354  430.241260275684454  9.043e-14
   355  431.188585175426681  5.824e-14
   356  432.596756865115310  4.483e-14
   357  433.577068612437927  8.163e-14
   358  433.985634590674238  9.716e-14
   359  435.717065759980756  2.469e-13
   360  436.630004348418765  8.610e-14
   361  437.709764060468558  1.846e-13
   362  438.841843004514487  5.207e-14
   363  439.600036370369651  7.201e-14
   364  440.745772642832378  5.900e-16
   365  441.320782212287099  2.715e-14
   366  441.947136706587401  3.924e-14
   367  443.705917239819485  7.691e-14
   368  445.057977617796894  3.917e-14
   369  445.904679509622497  4.438e-14
   370  446.576523341038978  3.843e-14
   371  447.864149431227986  9.816e-14
   372  448.525259230231200  7.608e-14
   373  449.848394086673920  1.107e-13
   374  450.452434079832301  6.997e-15
   375  451.863416539051798  4.925e-14
   376  452.307825503644665  4.332e-15
   377  453.632187733047942  4.600e-14
   378  455.097268334255716  1.574e-13
   379  456.275786990873655  5.485e-14
   380  456.871082322075438  4.166e-14
   381  457.652645364966077  1.469e-14
   382  458.519151710363587  3.051e-16
   383  459.658430295651556  1.670e-14
   384  460.573215109128455  2.025e-13
   385  461.724655467511411  2.600e-13
   386  463.196281976305727  3.789e-14
   387  463.903960420132080  1.118e-13
   388  465.086003784607328  3.893e-14
   389  465.447399346493114  3.871e-14
   390  467.283636572652711  3.447e-14
   391  467.904207011121002  4.780e-14
   392  468.545178733267676  2.010e-14
   393  469.625308474606129  1.151e-13
   394  470.356766293910312  9.255e-14
   395  472.277221621164017  5.364e-14
   396  473.125938438618732  1.575e-13
   397  473.984531990419157  2.500e-14
   398  475.211283552125963  2.377e-15
   399  475.672748428565853  4.478e-14
   400  476.546124042573069  1.087e-13
   401  477.711433024154871  2.074e-13
   402  478.849814196851014  1.613e-13
   403  479.925976006961491  1.548e-13
   404  480.773153125524516  1.285e-13
   405  481.913920178500746  2.363e-13
   406  483.125512172483127  7.832e-14
   407  484.110460068961345  3.495e-14
   408  484.906803229951436  9.285e-14
   409  485.826129591401013  6.357e-14
   410  486.660556016528005  4.188e-14
   411  487.675713451510944  1.152e-13
   412  488.328708526998867  6.763e-14
   413  490.261708556985297  2.455e-13
   414  491.318076544758469  9.915e-14
   415  492.019075571716257  1.893e-14
   416  492.639772120094790  2.213e-14
   417  493.726936923148742  1.164e-13
   418  494.879786124679754  5.975e-15
   419  495.881835920857156  1.002e-13
   420  496.689885008736098  8.100e-14
   421  497.411457078274964  1.081e-13
   422  499.073265800768922  5.929e-14
   423  499.688679089088907  9.205e-14
   424  501.148381826018351  5.652e-14
   425  502.071689073550488  8.336e-14
   426  502.894233539214667  5.813e-14
   427  503.864615136999419  3.664e-14
   428  504.253641641456284  3.654e-14
   429  505.371252109078512  1.363e-13
   430  506.882488511695499  3.000e-13
   431  507.813389833542431  1.747e-13
   432  508.974707831795001  4.006e-16
   433  509.982776942592864  1.765e-14
   434  510.550261564644131  4.016e-14
   435  512.048881095606930  7.290e-14
   436  512.330278090659817  2.308e-14
   437  514.410871078368245  2.331e-14
   438  515.310995854948942  2.806e-13
   439  516.316173573635751  2.362e-13
   440  518.050953395877627  5.110e-13
   441  519.197016479012291  1.336e-13
   442  519.638564949679335  1.213e-13
   443  520.556265201483370  1.540e-13
   444  521.518821079568397  9.524e-14
   445  522.440314597801716  6.193e-14
   446  523.321014773058323  5.385e-14
   447  524.421042994679510  5.621e-13
   448  525.628942024901903  3.053e-13
   449  526.854102725836242  2.541e-14
   450  527.446317480575658  1.424e-13
   451  528.425206878376002  3.078e-14
   452  529.869566945982342  1.298e-13
   453  530.621433373883406  1.415e-14
   454  531.391297872259543  1.367e-13
   455  532.064562254438101  8.509e-14
   456  533.159283346407960  4.107e-13
   457  534.140292910096264  3.849e-13
   458  535.820179885349944  1.937e-13
   459  536.526379010123378  2.161e-14
   460  537.716260250688265  1.859e-14
   461  538.502320882879189  6.787e-14
   462  538.928268433897642  4.997e-14
   463  540.080589773436373  2.934e-13
   464  541.562344103152896  4.157e-14
   465  541.981250532747367  1.629e-13
   466  543.232119275999707  3.429e-13
   467  543.933841204962846  5.892e-14
   468  545.562460540517463  9.600e-14
   469  546.362000181788062  4.255e-14
   470  547.308851461320955  1.986e-13
   471  548.330567659729695  1.400e-13
   472  549.047730788006106  9.114e-14
   473  550.017015981296936  1.443e-15
   474  550.645524797025132  1.662e-13
   475  551.673083966230251  3.241e-13
   476  553.512899762417305  2.009e-13
   477  554.418468573095765  6.668e-14
   478  554.860056644923475  1.462e-13
   479  556.092631616109884  1.065e-13
   480  556.801383700673910  1.522e-13
   481  558.110565805903207  1.849e-13
   482  558.923422235207340  1.176e-15
   483  559.568560248390781  1.161e-13
   484  560.803623995903422  2.784e-13
   485  561.575321141358245  3.786e-14
   486  562.837617174249885  6.792e-13
   487  564.102732243662672  5.616e-14
   488  565.337290242515564  9.505e-15
   489  565.677814037400026  9.293e-15
   490  566.631141054687305  9.435e-14
   491  567.406671956248260  4.620e-14
   492  568.316348079029922  3.418e-13
   493  569.836269459632604  6.807e-14
   494  570.283876434477293  2.160e-13
   495  571.861836081465185  4.929e-13
   496  572.754573460412871  2.808e-14
   497  573.583489718037868  2.371e-13
   498  574.412358837052807  1.401e-13
   499  575.624714587181529  6.002e-14
   500  576.532425768088274  1.629e-13
   501  577.467524911401370  9.234e-14
   502  578.128721582251160  4.436e-14
   503  578.683108563359497  4.788e-14
   504  580.533558038525257  3.151e-13
   505  581.721021153951369  2.581e-13
   506  582.588185347574040  5.162e-14
   507  583.184624238289871  1.537e-13
   508  584.201951104786417  1.516e-13
   509  585.336623446271574  1.094e-13
   510  585.623217719759282  6.557e-14
   511  587.084825801995180  2.183e-13
   512  588.086110954493847  1.531e-13
   513  588.975382414726596  2.662e-13
   514  590.259932289382164  1.970e-13
   515  590.759414052246939  2.947e-13
   516  592.391866999387162  1.932e-13
   517  593.147127072626972  2.569e-16
   518  593.951480335529482  6.500e-14
   519  594.596549127224307  2.808e-14
   520  595.785202348869689  7.679e-14
   521  596.347257688988179  1.146e-13
   522  597.570855799952596  4.723e-13
   523  599.001374745241947  2.610e-13
   524  600.211144860133800  1.720e-13
   525  600.733735248277412  1.495e-14
   526  601.698570870228309  1.024e-13
   527  602.186730117735465  4.784e-15
   528  603.718655339910924  3.420e-14
   529  604.540999152743666  1.805e-13
   530  605.502530941810505  5.007e-14
   531  605.964912500611604  8.167e-14
   532  607.366179516685747  1.598e-13
   533  608.556081960149982  5.734e-14
   534  609.685847174536434  1.138e-13
   535  610.332642485151041  3.277e-14
   536  611.630807920082134  1.510e-13
   537  612.266298864600572  3.307e-14
   538  612.791539374040667  9.633e-14
   539  613.875731476790065  1.992e-13
   540  614.786003211200637  4.692e-13
   541  616.497047721985837  1.310e-13
   542  617.096755059000657  3.143e-13
   543  618.099683498437230  3.020e-13
   544  619.052062246670062  2.758e-13
   545  620.000619082461753  1.309e-13
   546  620.870931591042790  4.117e-14
   547  622.034176138946123  1.892e-13
   548  622.553104635119098  2.675e-14
   549  623.739593451837891  2.891e-13
   550  624.413663427476877  2.391e-13
   551  625.367938105226472  2.916e-13
   552  627.702265947883802  1.273e-13
   553  628.761394221628848  1.083e-13
   554  629.608172229848151  7.982e-14
   555  630.057863284311679  1.079e-13
   556  631.414006429730762  1.761e-13
   557  632.311493480717218  1.415e-13
   558  633.147659389504270  1.673e-15
   559  634.312381107055444  1.865e-13
   560  635.627264640471253  1.186e-13
   561  636.231574578299160  4.612e-15
   562  637.118136983052182  2.839e-13
   563  638.381082131733137  3.283e-13
   564  639.318762464008501  2.703e-14
   565  640.160622577548338  8.107e-14
   566  640.719114106064580  8.050e-14
   567  641.502575636840561  6.835e-14
   568  642.677615973686557  1.024e-13
   569  644.251441990793410  4.267e-13
   570  645.024185999173483  2.286e-13
   571  646.143276957834928  1.125e-14
   572  646.715297213415738  1.393e-13
   573  647.824013145562049  3.993e-14
   574  648.338714610811962  1.551e-13
   575  649.463349471257970  2.327e-13
   576  650.731738692091881  3.281e-13
   577  651.426419160472847  2.439e-13
   578  652.177984150434327  7.482e-14
   579  653.492607301570615  2.334e-13
   580  654.511164826666800  4.799e-13
   581  655.827540577690229  6.637e-14
   582  656.449839434406499  1.129e-13
   583  657.010942413150474  1.165e-13
   584  658.288420770404286  3.721e-14
   585  658.988148071751539  1.571e-14
   586  659.565930901833781  1.699e-13
   587  660.924094309279667  5.382e-13
   588  662.299405746317234  4.460e-13
   589  663.491092095351519  9.961e-14
   590  663.877404769367217  1.090e-13
   591  664.638680000951354  1.011e-13
   592  665.816324416123507  3.267e-13
   593  666.982195273280013  6.163e-14
   594  667.659344857869200  7.420e-14
   595  668.499795033140003  1.751e-13
   596  669.306457659366060  7.226e-14
   597  670.362609734253283  3.834e-13
   598  671.707252863981466  4.655e-13
   599  672.570793835064592  7.066e-14
   600  673.930904474430463  6.404e-14
   601  674.452518354367498  1.364e-14
   602  675.231155274268417  5.548e-16
   603  676.143241211051873  1.176e-13
   604  676.659114651148911  5.176e-14
   605  678.270611175641761  2.530e-13
   606  678.954234373645932  4.369e-13
   607  680.228989981237874  3.002e-13
   608  680.975577624552443  6.814e-15
   609  682.273855279358372  1.963e-14
   610  682.816127167896752  2.150e-13
   611  683.863559260001807  2.496e-13
   612  684.945406688859066  2.140e-14
   613  685.728025325348540  3.359e-14
   614  686.498727624101434  2.027e-13
   615  687.412415012496695  3.037e-14
   616  687.973272755364633  2.128e-13
   617  690.087903180093349  3.928e-13
   618  690.794276020160282  2.701e-14
   619  691.519932950946099  9.077e-14
   620  692.300811168003747  1.061e-13
   621  693.358463669774551  1.039e-13
   622  693.925306894590221  2.202e-13
   623  695.315351223678363  1.768e-13
   624  695.812857094309493  8.960e-14
   625  696.948126627514625  1.658e-13
   626  698.365557047142147  2.208e-13
   627  698.696868750772978  8.626e-14
   628  700.039672594089780  5.144e-14
   629  700.994191026652175  2.425e-13
   630  702.257891149194847  1.415e-13
   631  702.692403916310127  8.831e-14
   632  703.529040964457636  5.433e-14
   633  704.206348480295787  2.396e-13
   634  705.380294089853919  1.380e-13
   635  706.283735078487325  4.688e-13
   636  707.780802814985805  2.104e-13
   637  708.614621786637485  1.758e-13
   638  709.603589731017792  4.429e-15
   639  710.352301847611670  8.617e-15
   640  710.920799049480365  6.064e-14
   641  712.058267857110991  2.708e-13
   642  713.267227477356869  1.443e-13
   643  714.103255891342428  1.998e-14
   644  714.590593409796384  2.020e-13
   645  715.620291664616161  3.127e-13
   646  716.997665869976572  7.120e-13
   647  718.123163799506870  1.968e-13
   648  719.079445302150816  1.967e-13
   649  719.605063189796397  3.939e-14
   650  720.853623908321424  6.726e-14
   651  721.311397499251257  5.624e-14
   652  722.446015757490613  6.458e-14
   653  722.789805558122794  6.226e-14
   654  724.486536078425729  1.490e-13
   655  725.508506019521747  1.961e-13
   656  726.520112162656801  1.288e-14
   657  727.223231294425545  2.343e-13
   658  727.935635599296120  3.061e-13
   659  729.394671162957934  2.846e-13
   660  730.086577554013729  1.727e-14
   661  730.713540456833243  3.596e-14
   662  732.340800794148095  9.313e-15
   663  733.534961774615226  2.247e-13
   664  734.635616389182701  8.193e-13
   665  736.056943680522977  5.290e-13
   666  736.936533810725678  2.967e-14
   667  737.763863728362367  8.159e-14
   668  738.171037176705340  1.255e-14
   669  739.118276524829412  1.679e-13
   670  740.194762737560495  9.730e-14
   671  741.129016308820042  4.644e-13
   672  742.700197623755912  1.774e-14
   673  744.442259000183299  2.588e-13
   674  745.033680019903045  2.502e-13
   675  745.866093509728898  3.218e-13
   676  747.059122282871499  1.463e-13
   677  747.887431127798209  3.058e-14
   678  748.950355383805913  9.634e-14
   679  749.362181322942092  6.208e-14
   680  750.260209622557682  6.049e-14
   681  751.001286192713906  3.257e-13
   682  752.774946064259211  2.252e-13
   683  753.896323519056068  7.617e-14
   684  754.263951750181377  8.509e-14
   685  755.397385650030401  1.780e-15
   686  756.264218752172724  1.874e-13
   687  756.893783609409752  2.274e-13
   688  758.009296538450940  2.257e-13
   689  758.883158485735407  1.413e-13
   690  759.856139965708849  1.337e-13
   691  760.805618091495148  1.716e-13
   692  761.620509138084117  4.177e-13
   693  762.684819786346452  3.044e-13
   694  764.194974221640905  2.381e-13
   695  764.657786973839279  3.905e-14
   696  765.719750635165951  1.630e-13
   697  766.314895133691721  1.149e-13
   698  767.052449331956836  7.139e-14
   699  768.192050170987841  1.179e-13
   700  768.914756207934147  6.136e-14
   701  770.030522263743592  8.012e-13
   702  771.973337450078589  2.935e-14
   703  773.095014846658046  1.900e-14
   704  773.791619512155989  1.492e-13
   705  774.590869329616908  2.999e-13
   706  776.180181392029453  4.819e-14
   707  776.618257293649322  5.721e-14
   708  777.249848910049991  7.410e-14
   709  778.256054631905386  1.150e-13
   710  779.221679211771402  4.774e-13
   711  780.687753792721196  3.644e-13
   712  781.541884596255841  2.725e-13
   713  782.479613664693943  5.097e-14
   714  783.277317082970853  1.411e-13
   715  784.236601042721759  3.378e-14
   716  784.776366086938310  3.230e-14
   717  785.457157605375528  9.085e-14
   718  786.866353405544828  4.368e-13
   719  787.801999434985419  2.478e-13
   720  788.858206412521781  4.522e-13
   721  789.714690246443524  7.070e-14
   722  790.603542852047212  1.974e-13
   723  791.707300092503715  2.080e-13
   724  792.510882150537896  3.869e-16
   725  793.520584988282280  1.316e-13
   726  794.108880752146206  7.639e-14
   727  795.221430843418148  2.071e-14
   728  796.015803883688477  6.556e-14
   729  796.414098867406665  8.547e-14
   730  799.421431828185405  2.586e-13
   731  800.207498494975312  2.109e-14
   732  800.792709006547511  7.537e-14
   733  801.385830356901124  1.871e-14
   734  802.668934982585483  9.225e-15
   735  803.346840283518986  1.558e-13
   736  804.556341685354823  5.921e-14
   737  805.126736803941526  2.309e-13
   738  806.181368033580043  5.299e-13
   739  807.387923060907610  2.759e-13
   740  808.375115293801741  2.221e-13
   741  808.882900098210030  1.190e-13
   742  810.541146318325218  1.815e-13
   743  811.024000809481436  7.098e-14
   744  811.800751032838093  6.918e-14
   745  812.688335857146058  1.286e-13
   746  813.236978025047620  1.873e-13
   747  814.259454736609882  6.292e-13
   748  815.821001129110414  6.335e-13
   749  816.562172110768074  2.541e-13
   750  817.651549502449484  1.700e-13
   751  818.575959707650668  3.580e-14
   752  819.099422250710518  1.605e-13
   753  820.106033898942201  1.929e-13
   754  820.943132640461613  8.568e-15
   755  822.078444011803867  5.032e-14
   756  822.944349984464338  4.651e-14
   757  823.629287188437957  7.836e-14
   758  824.374666846575565  2.116e-13
   759  825.750263419771045  5.256e-13
   760  827.177271150388151  2.079e-14
   761  827.616234589968599  4.963e-14
   762  828.621347877336802  8.520e-14
   763  829.242569649928669  1.421e-13
   764  830.271314234028523  2.181e-13
   765  830.917477033781438  1.997e-13
   766  831.895187344877172  3.750e-13
   767  832.774527797110522  8.244e-14
   768  834.396313794201319  3.883e-13
   769  834.979197538029780  2.124e-13
   770  835.999302857884345  1.507e-13
   771  836.483775204540621  2.126e-13
   772  837.748755176244572  4.065e-13
   773  838.785696191608395  6.576e-15
   774  839.521885865733452  1.553e-13
   775  840.325815567846234  1.007e-13
   776  840.795906571758792  1.411e-13
   777  842.224698811597250  2.286e-13
   778  842.847894792472061  5.838e-13
   779  844.596078915272074  4.333e-14
   780  845.114763759104108  2.445e-13
   781  846.153423114657016  1.901e-13
   782  847.077524310440481  1.293e-14
   783  847.431857396056444  2.100e-14
   784  848.227484820936070  1.323e-13
   785  849.632119671137502  3.773e-13
   786  850.497011415740189  1.175e-13
   787  851.222680342624699  3.093e-13
   788  852.319892747849394  9.660e-14
   789  853.364311811648463  1.881e-13
   790  854.272030176633507  2.229e-13
   791  855.296594424908335  6.993e-15
   792  855.966435190206766  1.483e-13
   793  857.020371201431090  2.389e-13
   794  858.295386925824801  8.004e-14
   795  859.315559875253143  1.315e-13
   796  860.143178754326527  7.429e-13
   797  861.983227593457400  3.155e-13
   798  862.806932991181270  1.261e-13
   799  863.263559811394884  2.082e-14
   800  864.313905867416224  1.962e-13
   801  864.983578720079890  1.516e-13
   802  866.104009682030437  1.909e-13
   803  866.886555339570236  2.940e-13
   804  867.746001261137280  7.718e-14
   805  868.748627732648742  2.002e-13
   806  869.495152356219364  1.947e-13
   807  870.729520331410754  4.973e-14
   808  871.418483872933848  2.268e-13
   809  872.768799207337793  3.529e-13
   810  873.765593790676007  1.072e-13
   811  874.770962478495676  3.260e-14
   812  876.069802976833785  3.576e-14
   813  876.585973385428588  1.335e-13
   814  877.763062326651834  5.526e-13
   815  878.886363381883825  5.696e-13
   816  879.823461929574705  3.177e-13
   817  881.113675834056721  3.164e-14
   818  881.684951124045142  7.972e-14
   819  882.336226674672503  1.418e-13
   820  883.263580814312263  7.465e-15
   821  884.554757258440304  1.491e-13
   822  885.170183543815710  1.362e-13
   823  886.157976025350081  1.250e-13
   824  886.793626318080783  5.322e-15
   825  887.371504818205949  1.191e-13
   826  889.235822845005941  2.683e-13
   827  889.969675592320868  2.807e-13
   828  891.037013224801740  2.322e-13
   829  891.645723346538716  1.055e-13
   830  892.541734470075653  2.103e-13
   831  893.348026294749616  3.715e-14
   832  894.165794492904183  1.216e-14
   833  894.789394746451649  4.531e-14
   834  896.246653170442301  4.328e-13
   835  897.048853026683105  4.255e-13
   836  898.641599585421545  2.745e-14
   837  899.913605398259506  4.306e-13
   838  900.794220367891512  1.929e-13
   839  901.937659288781902  2.107e-14
   840  902.483052377142371  1.258e-14
   841  903.153488805657958  1.857e-13
   842  904.309106606089927  2.332e-14
   843  904.893314747490422  1.804e-13
   844  905.822793791832055  3.374e-13
   845  907.329469295790318  8.895e-13
   846  908.451949883060024  2.565e-13
   847  909.169046129869230  1.060e-13
   848  909.624041370354234  5.405e-14
   849  910.805944975420857  3.862e-14
   850  911.089159288872793  3.230e-14
   851  912.678243262054252  1.720e-13
   852  913.834696800229494  8.607e-14
   853  915.160462403315250  4.280e-13
   854  916.258418878141811  5.334e-13
   855  917.088239854098106  3.891e-13
   856  918.230726562549648  2.566e-14
   857  918.835145533449918  2.478e-13
   858  920.099807404394141  1.894e-14
   859  920.724864148803135  2.256e-14
   860  921.325578016935197  5.636e-14
   861  922.039591799811205  8.762e-14
   862  923.042623970735463  5.848e-13
   863  924.423662380891642  5.060e-13
   864  925.606185981660019  3.322e-13
   865  926.249288065234850  3.921e-14
   866  926.912116677477798  2.141e-13
   867  928.229126345043596  2.578e-14
   868  928.593755010353334  1.405e-13
   869  929.646026330049494  3.361e-15
   870  930.693450602968483  4.262e-14
   871  931.441375778752672  1.715e-13
   872  932.286965055485780  2.942e-13
   873  933.133602949698684  2.521e-13
   874  934.047292637620899  4.713e-14
   875  935.543618923598274  3.737e-13
   876  936.912212071322188  3.728e-14
   877  937.891195623559724  8.968e-14
   878  938.583372142146231  9.457e-14
   879  939.471929324307553  3.199e-14
   880  940.423860770675446  7.167e-14
   881  941.234578659157592  3.996e-13
   882  942.395737381590266  4.719e-13
   883  943.528422988908233  4.870e-13
   884  944.924732644841470  3.001e-14
   885  945.795645287902744  1.082e-13
   886  947.260890263269062  9.801e-16
   887  947.800504338401993  1.547e-13
   888  948.783627795261282  2.374e-14
   889  949.341711637300250  3.914e-14
   890  950.072192926398543  6.502e-14
   891  951.157373069439927  7.221e-13
   892  952.684156819383247  5.327e-13
   893  953.338695850104500  2.185e-13
   894  954.396698858592117  8.401e-15
   895  955.248503584210653  5.595e-14
   896  955.865317767504280  1.019e-13
   897  956.564802371057453  1.904e-13
   898  957.536346933635059  1.474e-13
   899  958.398516801798564  4.989e-13
   900  960.123504484242403  1.556e-13
   901  961.197836391471924  5.515e-13
   902  962.545257170427476  2.832e-13
   903  963.011891120544533  9.691e-14
   904  964.530824940168372  2.119e-14
   905  964.835673724678941  1.055e-14
   906  965.802375683327227  1.872e-13
   907  966.657561877435910  1.154e-13
   908  967.595540583517959  8.024e-14
   909  968.020754431553542  1.356e-13
   910  969.061429677296132  3.465e-13
   911  970.925456574060604  3.486e-13
   912  971.366539771381440  1.413e-13
   913  972.390446941897039  2.014e-13
   914  973.010066450178783  1.336e-13
   915  973.597246401330608  2.213e-14
   916  974.971584526092897  4.123e-14
   917  975.660869293110295  2.643e-13
   918  976.650059958941824  9.266e-14
   919  977.173149174293485  6.097e-15
   920  978.294885051493225  2.770e-13
   921  979.339558664202400  2.132e-13
   922  980.243897617813218  4.949e-13
   923  981.278677041884976  5.465e-13
   924  982.436921013124447  1.523e-13
   925  982.930737573943816  6.255e-14
   926  984.230838539658862  4.373e-14
   927  985.156203213414415  4.059e-14
   928  986.415075850282051  4.498e-13
   929  987.326694196266430  6.590e-13
   930  988.466686245229425  3.865e-13
   931  989.418277430611170  2.553e-13
   932  990.101135324195866  3.263e-13
   933  991.249139389913466  6.134e-14
   934  991.666662333930731  1.601e-13
   935  992.706829000443349  3.348e-13
   936  993.853850527048508  5.411e-14
   937  994.617961491297365  5.686e-15
   938  995.136041696874827  2.065e-14
   939  996.045387936445309  2.565e-13
   940  996.966724315613760  6.980e-13
   941  998.668217889028710  1.454e-13
   942  999.449390083478193  7.753e-14
   943  999.946053313718721  1.016e-13
   944  1000.822499934675761  1.000e-13
   945  1001.736087924664957  6.024e-14
   946  1002.573845404688655  1.712e-14
   947  1003.089128623604324  5.382e-14
   948  1004.548711171894638  6.017e-14
   949  1004.924546207563026  2.293e-15
   950  1006.667962804657691  3.390e-14
   951  1007.056972700970050  2.140e-13
   952  1007.937297056354964  3.978e-13
   953  1008.900283751989377  8.095e-14
   954  1010.083193605309248  3.221e-13
   955  1010.822600008178370  1.673e-13
   956  1011.710918884287594  8.336e-15
   957  1012.018087188167215  2.200e-14
   958  1013.276030353072883  2.951e-13
   959  1013.801333139943495  2.978e-13
   960  1015.158398110337203  1.423e-13
   961  1016.270235985540353  4.707e-13
   962  1017.309394123007451  2.760e-13
   963  1018.138227622800514  1.232e-13
   964  1018.619149567869044  8.736e-14
   965  1019.504556097387535  6.722e-14
   966  1020.195815191176393  5.686e-15
   967  1021.491464161649674  3.353e-14
   968  1022.341549259638555  1.949e-13
   969  1023.040457738999748  1.519e-13
   970  1023.777226793323052  1.537e-13
   971  1025.034297796016745  8.473e-13
   972  1026.188654235600779  8.497e-15
   973  1026.774356089039429  6.814e-14
   974  1027.875798219658236  6.329e-13
   975  1028.754419063576961  5.982e-14
   976  1029.242208497872980  1.406e-13
   977  1030.365657395439030  3.082e-13
   978  1030.975701222893122  2.620e-14
   979  1031.420438363961921  3.559e-14
   980  1033.261884328828501  4.501e-13
   981  1034.188437841254199  6.021e-13
   982  1034.963465316465999  1.281e-13
   983  1035.747439341690551  3.153e-13
   984  1036.476289325873950  2.781e-15
   985  1037.429773799153509  1.444e-13
   986  1038.565526092344498  2.349e-13
   987  1039.083974980177118  2.504e-13
   988  1039.931137089954973  1.240e-13
   989  1041.113420088555586  1.035e-13
   990  1041.508709108828270  4.305e-13
   991  1042.699183231721690  5.134e-13
   992  1045.007068499900470  5.826e-13
   993  1045.726692124815600  2.565e-13
   994  1046.880951657886953  7.608e-14
   995  1047.909021370871869  4.218e-13
   996  1048.873823016627739  3.979e-13
   997  1049.795182312203679  2.851e-13
   998  1050.737371091801151  2.823e-13
   999  1051.723724579820555  7.825e-13
  1000  1052.942024497974444  8.003e-14
  1001  1053.557301103861391  4.070e-13
  1002  1054.274567801426883  5.639e-13
  1003  1055.246514887261355  7.998e-13
  1004  1056.273594614810236  7.697e-14
  1005  1057.621546754390238  5.175e-14
  1006  1058.556355559840085  3.666e-13
  1007  1059.182019388202889  5.385e-13
  1008  1060.568711267172830  2.208e-13
  1009  1061.957245420675235  8.567e-13
  1010  1062.729911521070562  1.884e-14
  1011  1063.068096613505986  2.633e-13
  1012  1064.416575470573434  5.897e-14
  1013  1064.973692663696738  2.863e-13
  1014  1065.603382541084557  9.894e-14
  1015  1066.612014373541570  7.106e-13
  1016  1067.646904215667746  4.890e-13
  1017  1068.563505108674462  4.847e-13
  1018  1069.378441721162972  8.168e-13
  1019  1070.578893821195607  2.693e-13
  1020  1070.941169069927128  1.249e-13
  1021  1072.486439065092327  8.004e-13
  1022  1073.684743641238128  1.499e-13
  1023  1074.906731316374817  2.582e-13
  1024  1075.488619518515179  2.516e-13
  1025  1076.195325737142866  5.146e-13
  1026  1077.335292029317770  7.292e-14
  1027  1077.942522817123290  2.187e-13
  1028  1079.662405242103205  7.546e-14
  1029  1080.434561014781821  2.412e-13
  1030  1081.184056172303372  1.197e-13
  1031  1081.743858335640653  2.277e-13
  1032  1082.613274068049350  4.650e-13
  1033  1083.503863008789494  6.845e-13
  1034  1085.092237313653186  1.034e-13
  1035  1086.237377552877206  2.616e-13
  1036  1086.713077054474070  4.631e-13
  1037  1088.263800370619947  4.437e-13
  1038  1088.953412331330128  1.681e-13
  1039  1090.101013002257105  8.280e-13
  1040  1090.916062409799679  6.172e-13
  1041  1091.775287058591402  2.909e-13
  1042  1092.624675895198379  1.483e-13
  1043  1093.116305058347280  1.776e-13
  1044  1093.896286635217393  4.178e-13
  1045  1094.782931564373939  2.494e-13
  1046  1097.127946939203184  8.638e-13
  1047  1097.816356935710928  4.393e-13
  1048  1098.846913215555105  1.350e-13
  1049  1099.658325986806631  4.961e-13
  1050  1100.333725158338893  1.500e-13
  1051  1101.595989032064836  7.512e-15
  1052  1102.011993868627542  3.944e-13
  1053  1103.114354398233218  2.740e-13
  1054  1103.878252074255897  5.711e-13
  1055  1104.777182131968175  1.025e-13
  1056  1105.108703473950982  4.667e-13
  1057  1107.007988387498017  8.358e-13
  1058  1107.815682063205941  8.201e-14
  1059  1108.741196901086596  4.086e-13
  1060  1109.482013753313822  6.498e-14
  1061  1109.758100095255941  6.816e-14
  1062  1111.007008975646158  2.719e-13
  1063  1111.766574397515342  5.890e-13
  1064  1112.708481126917604  1.734e-13
  1065  1115.594059398448508  4.872e-13
  1066  1116.533214286485418  1.796e-13
  1067  1117.130918009880816  1.019e-13
  1068  1118.047684854655699  5.152e-13
  1069  1119.440738173471573  3.431e-13
  1070  1119.980319064487048  8.867e-14
  1071  1120.482551911054770  1.200e-13
  1072  1121.453421825330452  4.089e-13
  1073  1122.101739027068106  6.984e-13
  1074  1123.095499106060515  8.171e-13
  1075  1124.647895507858948  5.365e-14
  1076  1125.227181867240688  5.566e-13
  1077  1126.369395680089383  2.662e-13
  1078  1127.006887376296618  3.429e-13
  1079  1127.797096656794793  1.410e-13
  1080  1128.552990244262446  2.439e-13
  1081  1129.193707574641849  2.685e-13
  1082  1130.636305180189538  5.855e-13
  1083  1131.252524006213207  6.918e-14
  1084  1131.961654077177855  6.338e-13
  1085  1133.816530456772625  9.658e-13
  1086  1135.246561028035785  1.650e-13
  1087  1135.840338229854524  2.832e-13
  1088  1136.876991790123611  1.871e-13
  1089  1137.295118519070002  2.409e-13
  1090  1138.433135623977705  6.277e-14
  1091  1139.113910767570133  2.446e-13
  1092  1139.681022833904080  2.381e-13
  1093  1140.679229542042322  2.810e-14
  1094  1143.376572316642068  3.321e-13
  1095  1143.738584906400774  7.820e-14
  1096  1144.391979641184207  1.049e-13
  1097  1145.285323701678408  5.766e-13
  1098  1146.347279983157250  2.600e-13
  1099  1147.126350103722416  6.515e-14
  1100  1148.171233651038165  3.972e-13
  1101  1148.769446088351515  1.901e-13
  1102  1149.331656704210900  1.229e-13
  1103  1150.618740194643351  6.984e-13
  1104  1153.713113450133505  3.718e-13
  1105  1154.380692207101220  2.502e-13
  1106  1155.131768566152004  1.228e-13
  1107  1155.901204942985714  1.561e-13
  1108  1156.462599101990691  8.011e-15
  1109  1157.291515941063153  4.403e-13
  1110  1159.342059962071971  7.703e-13
  1111  1160.223759364641182  9.011e-13
  1112  1161.451617849842023  2.919e-13
  1113  1162.103947275497376  3.999e-14
  1114  1163.059390558466248  5.902e-13
  1115  1163.734437543355170  5.131e-13
  1116  1164.845216507203531  1.501e-13
  1117  1165.544282807445370  2.249e-13
  1118  1166.577872686664932  1.918e-13
  1119  1167.103207166060201  2.496e-13
  1120  1167.682969448431322  3.684e-13
  1121  1168.732331823451432  7.582e-13
  1122  1170.471987347854792  8.365e-13
  1123  1171.140893407906333  5.566e-14
  1124  1171.731890784333245  3.134e-13
  1125  1172.724314120720919  1.704e-13
  1126  1173.306597358953468  3.950e-14
  1127  1174.193564653114663  4.310e-13
  1128  1175.259812392916047  1.207e-13
  1129  1175.719524289585706  3.804e-13
  1130  1177.889125575371281  3.912e-13
  1131  1178.576621554767826  7.640e-13
  1132  1179.805305322236791  3.400e-15
  1133  1180.251713022325930  1.834e-14
  1134  1181.680002447720199  2.892e-13
  1135  1182.506790442318788  1.671e-13
  1136  1183.098329253568409  1.464e-13
  1137  1183.741491530437997  1.378e-13
  1138  1184.511543169248853  3.280e-13
  1139  1185.660143647120094  2.923e-13
  1140  1186.086135780382165  2.097e-13
  1141  1187.619781750019911  8.624e-13
  1142  1188.573182655704386  2.050e-13
  1143  1189.424350169697391  4.320e-13
  1144  1190.323972338719614  6.427e-14
  1145  1191.051616469623696  5.783e-14
  1146  1191.226493483816284  3.302e-14
  1147  1192.985992740477514  1.671e-13
  1148  1193.429345447020296  1.086e-13
  1149  1194.496539895686965  3.441e-13
  1150  1195.113737202937045  1.571e-13
  1151  1195.728445598930193  3.418e-13
  1152  1197.170018986353170  1.320e-13
  1153  1198.165835423814315  6.045e-13
  1154  1199.109369632764583  3.911e-14
  1155  1199.704681703584583  4.932e-13
  1156  1200.701865412429697  2.551e-13
  1157  1201.517910665498221  4.335e-14
  1158  1202.016096324930459  2.704e-13
  1159  1202.858756202471341  2.019e-13
  1160  1203.678810583376844  7.259e-13
  1161  1206.076498327250874  1.584e-13
  1162  1206.775061089880865  3.615e-13
  1163  1207.520972322657144  1.636e-14
  1164  1208.353855240108714  2.710e-13
  1165  1209.478608832344662  6.367e-13
  1166  1210.139050184458711  1.866e-13
  1167  1211.078272704434994  2.773e-13
  1168  1211.745852567766178  1.182e-13
  1169  1212.619633570551059  2.471e-13
  1170  1213.379397503857945  4.979e-13
  1171  1214.240354440784131  6.984e-13
  1172  1217.289763618851111  4.664e-14
  1173  1217.983726517233890  1.662e-13
  1174  1218.806753393501367  3.009e-13
  1175  1219.546170693996828  1.672e-13
  1176  1220.302794528763798  5.618e-13
  1177  1221.571709256345684  7.388e-13
  1178  1222.319793003806808  1.250e-13
  1179  1222.829497918036395  7.256e-13
  1180  1224.359829791713992  2.830e-13
  1181  1225.145378095038495  2.673e-13
  1182  1225.679974883790010  5.496e-13
  1183  1226.881070864947560  2.872e-13
  1184  1227.584767292267088  1.860e-14
  1185  1228.755910932095276  3.240e-13
  1186  1229.231099767527212  1.955e-13
  1187  1230.075538358376662  1.867e-13
  1188  1230.525188924688564  1.325e-13
  1189  1231.520992963061417  9.726e-13
  1190  1233.060765511984982  4.169e-13
  1191  1233.862633302581116  7.362e-13
  1192  1234.915859510733071  3.607e-13
  1193  1235.294568449427970  1.359e-13
  1194  1236.331141917569312  5.406e-13
  1195  1237.213611198729723  3.185e-13
  1196  1237.681050563455301  3.680e-13
  1197  1238.771651076326634  4.585e-14
  1198  1239.877955934992769  3.602e-13
  1199  1240.357892753911756  3.310e-14
  1200  1241.519809868596667  2.026e-13
  1201  1242.030145878936764  3.295e-13
  1202  1244.353889154845092  7.834e-13
  1203  1245.286318314846767  3.992e-13
  1204  1245.924939207208354  6.694e-14
  1205  1246.516190249061538  6.908e-14
  1206  1247.359345776739474  4.321e-13
  1207  1248.765170384392150  3.297e-13
  1208  1251.276524179489343  6.675e-13
  1209  1252.176478860042607  2.512e-13
  1210  1253.046456521219397  5.867e-14
  1211  1253.565754110640228  3.247e-14
  1212  1254.261057546802931  3.039e-13
  1213  1255.382464724492138  8.325e-13
  1214  1256.717253878016436  8.321e-15
  1215  1257.648946852455083  4.177e-13
  1216  1258.743160176307356  5.410e-13
  1217  1259.293793048618454  5.167e-13
  1218  1261.770065007324547  3.245e-13
  1219  1262.292201810438428  4.744e-13
  1220  1263.850799336586078  2.424e-14
  1221  1264.748455896538644  1.495e-13
  1222  1265.509214529081419  2.742e-14
  1223  1266.303308156478579  3.090e-13
  1224  1268.393088080365715  8.103e-13
  1225  1269.365283172519867  4.669e-13
  1226  1269.985747577516804  6.981e-13
  1227  1271.290496807301906  7.892e-14
  1228  1271.744097264951961  1.716e-13
  1229  1272.859441692888822  6.748e-13
  1230  1273.635690895898051  2.834e-13
