# mod5_quartic_CPLX: first 1230 exact zeros of L(chi,q=5); col2=gamma, col3=|L(1/2+i gamma)| (dps40)
     1  6.183578195450854  4.724e-16
     2  8.457229174423231  9.383e-16
     3  12.674946417011355  6.914e-16
     4  14.825025570328428  1.891e-16
     5  17.337802106853040  8.843e-16
     6  18.998588041686144  2.171e-15
     7  22.487584583028749  3.556e-15
     8  24.365279775402296  2.775e-15
     9  25.531186800433428  3.067e-15
    10  27.982756935693594  1.708e-15
    11  30.463640688403661  4.060e-16
    12  32.195159688892275  9.570e-15
    13  34.457228785278396  3.346e-15
    14  35.490893178851394  8.292e-16
    15  37.271950574556051  4.356e-15
    16  40.396114851752593  8.187e-15
    17  41.536456757929699  4.279e-15
    18  42.992085442751538  1.426e-15
    19  44.826175970810922  4.271e-15
    20  46.590161017764736  1.377e-14
    21  48.477846644221877  1.589e-14
    22  50.664210390805749  3.497e-15
    23  51.977053467572709  3.441e-15
    24  53.442232173354540  6.163e-15
    25  54.485442388764682  8.373e-15
    26  57.297931753572072  8.611e-15
    27  58.893672955709349  8.022e-15
    28  60.028486647436196  5.658e-15
    29  61.699283267386434  1.249e-14
    30  63.519620294341898  2.504e-17
    31  64.347461951148574  1.957e-14
    32  66.768713986639270  1.239e-14
    33  68.678953342210505  2.115e-14
    34  69.882707483255786  8.653e-15
    35  70.866530397758751  1.248e-14
    36  72.432090425102018  2.368e-14
    37  74.396614137672898  1.277e-14
    38  76.426419555787476  1.944e-14
    39  77.191991669056563  7.139e-15
    40  79.266158024304744  7.439e-15
    41  80.410013191443554  1.754e-14
    42  81.660321275113105  1.543e-14
    43  82.996677293814614  3.579e-14
    44  85.660014861032380  2.405e-14
    45  86.680966320021071  1.516e-15
    46  87.881636094952981  2.274e-15
    47  89.124093194988816  1.786e-14
    48  90.681024569426526  1.640e-14
    49  92.365709830113516  3.173e-14
    50  93.818575173765424  4.853e-16
    51  95.549930192246578  9.513e-15
    52  96.872205795107362  2.366e-14
    53  98.384069232398360  6.245e-15
    54  99.079661745132597  1.032e-14
    55  100.514245555171442  1.292e-14
    56  102.997109615735411  8.264e-15
    57  104.109078110423482  1.505e-14
    58  105.517464526410109  4.777e-15
    59  106.288695497733030  1.151e-14
    60  108.437285634887175  1.603e-15
    61  109.088244963934414  8.379e-15
    62  110.802045517862325  4.193e-14
    63  112.529937808703167  2.028e-15
    64  114.206827089205646  1.679e-14
    65  115.339238226442149  1.439e-14
    66  116.229215843644710  3.740e-15
    67  117.487611838432201  4.217e-15
    68  119.080956952587158  2.752e-14
    69  121.239762561093443  2.514e-14
    70  122.078727309534841  1.175e-14
    71  123.346883445642732  2.558e-14
    72  124.982399290618346  2.557e-15
    73  126.034310399818708  2.051e-14
    74  127.351019488936075  1.832e-15
    75  128.358578419241951  1.420e-14
    76  130.678123560710929  6.876e-14
    77  132.152586922303300  9.681e-15
    78  132.731906512656764  1.367e-14
    79  134.338192372010781  2.327e-14
    80  135.039145124467126  3.917e-14
    81  136.994621211971690  2.677e-14
    82  139.882508068735461  7.135e-15
    83  140.966275146086446  3.948e-14
    84  142.582880539944796  4.883e-14
    85  143.612609007962334  3.038e-14
    86  144.832037240645747  1.590e-15
    87  145.536326358360924  6.563e-15
    88  147.884205636605373  1.167e-14
    89  149.346815748739999  1.402e-14
    90  150.545893746925543  1.291e-14
    91  151.159691234241251  1.234e-14
    92  152.716772442681673  1.885e-14
    93  154.190696542209480  3.737e-15
    94  155.128544103793843  2.182e-14
    95  156.843689077094524  2.826e-14
    96  158.126349354445750  7.006e-14
    97  159.824910239395052  3.064e-14
    98  160.800233549643991  4.489e-15
    99  161.691169861253087  2.203e-14
   100  162.921689786868882  4.849e-14
   101  164.099435021658593  6.173e-14
   102  166.399498185152424  3.398e-14
   103  167.259984814805080  2.766e-14
   104  168.382685505939321  2.205e-14
   105  169.617984822946852  4.956e-14
   106  170.983316154302855  4.334e-14
   107  172.170088518746979  1.624e-14
   108  173.172190131068618  5.595e-14
   109  174.530077584238541  7.812e-14
   110  177.229532171591131  3.120e-15
   111  178.988406381982998  1.667e-15
   112  179.451371563263933  1.315e-15
   113  180.695099875501199  3.777e-14
   114  182.298034241046878  1.147e-13
   115  183.809624861700939  7.134e-14
   116  185.125283656927934  3.527e-14
   117  186.213582037623155  7.035e-15
   118  187.417945399533664  5.480e-14
   119  188.971587821956774  1.454e-14
   120  189.785089497782195  1.378e-14
   121  190.624567414930141  2.562e-14
   122  192.215888317838449  2.949e-14
   123  194.186578926578989  6.423e-15
   124  195.261191349328413  2.765e-14
   125  196.311213093994951  4.057e-15
   126  197.025589890181692  1.030e-14
   127  198.552489153172672  3.150e-14
   128  199.771605595003820  4.699e-15
   129  200.986405637939072  8.988e-14
   130  202.605032057020338  3.383e-14
   131  203.506731173608074  1.100e-14
   132  205.336193900776294  1.247e-14
   133  206.114889791626240  5.320e-15
   134  207.141428866085931  1.712e-14
   135  208.404882721229853  3.729e-14
   136  209.082885733192597  8.221e-15
   137  211.396878139315959  1.363e-14
   138  212.637483475325922  2.678e-14
   139  213.448052933725336  3.343e-14
   140  214.581408298754013  9.483e-15
   141  215.818395769316453  3.160e-14
   142  217.000261861819155  2.311e-14
   143  218.438257878901709  3.212e-14
   144  218.979720561540290  4.079e-14
   145  221.007442719246058  4.587e-14
   146  222.242791976597033  1.741e-14
   147  223.564166093922267  5.052e-15
   148  224.312948626560200  5.127e-15
   149  225.499562823113507  2.442e-14
   150  226.214834853142975  4.796e-14
   151  228.034193808230583  9.469e-14
   152  229.421021165961463  7.980e-14
   153  230.824606767247417  1.641e-14
   154  231.562327344350933  5.184e-15
   155  232.747030921270493  6.570e-14
   156  234.485663259635231  2.117e-14
   157  234.919756721095837  1.864e-14
   158  236.171823311613394  2.076e-14
   159  237.297255374457762  8.066e-14
   160  239.127019843483566  3.967e-15
   161  240.708105530836207  2.518e-14
   162  241.185604773312804  1.590e-15
   163  242.415230812357805  3.555e-14
   164  243.253354054407936  2.497e-14
   165  244.756697384941191  6.067e-14
   166  245.763817338347508  7.278e-14
   167  247.607235836801607  4.307e-15
   168  248.207344212903166  2.203e-14
   169  249.804522161714004  2.581e-14
   170  250.947855103695815  5.353e-14
   171  252.051667732173968  1.598e-14
   172  253.027155905051018  3.276e-15
   173  253.951789459117236  4.460e-14
   174  255.028584611383337  7.505e-14
   175  257.317303554721718  7.069e-14
   176  258.080929585528395  1.736e-14
   177  259.076922183497743  3.642e-14
   178  260.387859030870004  6.373e-14
   179  260.917934900704722  7.821e-14
   180  262.787549815814771  8.682e-14
   181  263.495945424607385  6.051e-14
   182  264.738425695869523  1.783e-13
   183  266.221473404577068  6.072e-14
   184  267.526307324911102  9.906e-14
   185  268.707795591006629  9.429e-14
   186  269.810109773450563  6.179e-14
   187  270.624825021104016  4.823e-14
   188  271.439187466664066  1.805e-14
   189  272.882509615580545  4.130e-14
   190  274.500267100115082  2.419e-13
   191  275.861233799590195  1.065e-14
   192  276.839363805310597  2.809e-14
   193  277.454353551238228  7.355e-14
   194  279.149548419674545  3.932e-14
   195  280.082296688874465  8.489e-14
   196  281.138404326088107  4.437e-14
   197  282.073203751267670  9.387e-14
   198  283.488142936350357  4.935e-14
   199  285.142361377454222  1.930e-15
   200  286.426749483414881  1.625e-14
   201  287.041877915924772  5.464e-14
   202  287.998990066743147  3.751e-14
   203  289.297339834606134  1.030e-13
   204  290.055919229062113  1.671e-14
   205  291.861330373004535  1.677e-13
   206  292.952108674644080  1.372e-13
   207  294.219725409793000  5.766e-14
   208  295.037923249737503  1.981e-14
   209  296.671125180871115  2.915e-14
   210  297.287418852909695  3.294e-14
   211  298.747786420424518  7.242e-14
   212  299.300985236121392  4.838e-14
   213  300.379927615239296  2.272e-13
   214  302.616213942403874  9.339e-14
   215  303.346373018573047  2.132e-14
   216  304.651979689709265  5.397e-14
   217  305.397208430855756  3.184e-14
   218  306.291151151435940  5.534e-14
   219  307.649286697069897  3.773e-14
   220  308.970429249803090  1.128e-14
   221  309.745302736587348  1.017e-13
   222  311.400227114228130  1.518e-13
   223  312.358879465243831  1.742e-13
   224  313.690250696900591  4.546e-14
   225  314.882822752305287  4.124e-14
   226  315.779781862422453  5.435e-15
   227  316.430561902653096  5.177e-14
   228  317.656445410004267  1.690e-14
   229  318.969962846750718  1.320e-13
   230  320.918443089285347  7.247e-14
   231  321.524360929543548  6.964e-14
   232  322.608741220768422  1.773e-14
   233  323.474875746103010  1.088e-13
   234  324.844648894731279  1.388e-14
   235  326.026167701535371  3.755e-14
   236  326.701468335152242  1.665e-14
   237  328.129694676245947  8.440e-14
   238  329.160233926881574  1.227e-13
   239  331.029241842311194  6.549e-14
   240  331.804157282577478  7.498e-14
   241  332.677306682193773  3.688e-14
   242  333.926252830857322  2.331e-14
   243  334.471193156527704  2.595e-14
   244  335.765300866405937  3.385e-14
   245  337.278833090218541  1.432e-13
   246  338.838444200137928  4.676e-14
   247  339.282355843768300  4.389e-15
   248  340.818444051880363  6.815e-14
   249  341.552935075566154  6.780e-14
   250  343.011812150878768  7.500e-15
   251  343.896349522243213  6.113e-14
   252  344.835099408282531  8.075e-14
   253  345.616958777660329  4.439e-14
   254  347.594772432801676  2.048e-13
   255  348.778578234723625  1.470e-13
   256  349.817010869874650  3.145e-14
   257  350.693275630247740  6.605e-14
   258  351.511432748146945  6.521e-14
   259  352.546753767337236  8.139e-14
   260  354.072020600475639  9.467e-16
   261  354.871450103668622  1.666e-13
   262  356.373546072422471  1.294e-13
   263  357.557575404256852  4.029e-14
   264  358.300953759729055  7.988e-14
   265  359.980434242635795  9.918e-15
   266  360.810528657282987  5.224e-14
   267  361.387470838942875  6.075e-14
   268  362.875673499442939  5.226e-14
   269  363.308125600370829  5.526e-14
   270  365.370356740219904  6.405e-14
   271  366.680160621438063  1.189e-13
   272  367.586135989017123  1.051e-14
   273  368.181202385843335  2.687e-14
   274  369.437121887036426  5.193e-14
   275  370.640430548422557  1.020e-14
   276  371.522565102101169  2.428e-14
   277  372.877120248809888  1.279e-13
   278  373.651201945459150  3.054e-14
   279  375.168138883624749  1.677e-13
   280  376.477218915650326  3.072e-14
   281  377.533952124659322  6.270e-14
   282  378.350141779803948  2.634e-14
   283  379.383753609183998  5.823e-15
   284  380.240422460664377  6.594e-14
   285  381.138700136734599  1.670e-13
   286  383.048383539308531  7.539e-14
   287  384.068191955587508  1.414e-13
   288  385.129841899284656  1.046e-13
   289  386.103426302677065  4.848e-14
   290  386.979501320374936  6.961e-14
   291  388.313669674531639  2.609e-14
   292  389.577056636278030  4.636e-14
   293  389.936440101514165  4.776e-14
   294  391.186966369352433  2.275e-13
   295  392.680679538679783  2.928e-13
   296  394.180716380159652  2.138e-14
   297  394.999066975303606  2.340e-14
   298  396.108807181131851  5.304e-14
   299  396.820918989960376  4.270e-14
   300  397.609881145468421  5.559e-14
   301  399.193752694076238  4.680e-14
   302  400.000066008884517  1.916e-13
   303  401.591920671423736  3.818e-14
   304  402.772586801707291  7.071e-14
   305  403.245558815476215  7.126e-14
   306  404.958949691443081  2.510e-14
   307  405.693445700905443  3.734e-15
   308  407.026884041609378  3.380e-14
   309  407.397921667408696  5.294e-14
   310  408.694995751955673  5.777e-14
   311  409.723804596211096  1.711e-13
   312  411.887509982249128  6.932e-14
   313  412.352030573354909  5.759e-15
   314  413.332412174712260  5.750e-14
   315  414.363172144553118  6.376e-14
   316  415.268119358976776  1.155e-13
   317  416.383094660608322  8.269e-14
   318  417.664369896822734  9.514e-14
   319  418.549025365550278  1.507e-13
   320  419.814314127148464  1.094e-13
   321  420.981138496224332  6.527e-14
   322  422.288041576533544  4.329e-14
   323  423.168930237157610  5.983e-14
   324  424.166015799767990  5.657e-14
   325  425.263980334109135  4.092e-14
   326  425.649783243186334  3.606e-14
   327  427.014444290155723  8.520e-15
   328  428.867554694556702  1.362e-13
   329  429.610348068210783  1.211e-13
   330  431.383596228936085  3.736e-14
   331  432.561424466622782  8.897e-14
   332  433.969060508796474  1.135e-13
   333  434.826836308463953  8.882e-14
   334  435.770264679657032  9.611e-15
   335  436.685714867657907  9.966e-15
   336  438.295421876104115  2.631e-13
   337  439.365773451686380  1.038e-13
   338  440.715799117687652  2.045e-14
   339  441.586940100313484  1.337e-14
   340  441.965171655698612  1.637e-14
   341  443.355432503323016  2.808e-14
   342  444.176667869582900  1.719e-13
   343  445.506842213677203  1.950e-13
   344  446.999477645928039  1.689e-13
   345  447.949021877797520  1.008e-13
   346  448.839237312499279  5.609e-14
   347  449.794526290291344  5.570e-14
   348  451.418778732175724  2.999e-14
   349  451.759829213253226  1.970e-16
   350  452.992229350076514  3.184e-14
   351  454.012178950865916  5.101e-15
   352  454.669074768560279  3.382e-14
   353  456.779682313647470  9.927e-14
   354  457.719886131169915  9.877e-14
   355  458.577984761343600  4.894e-14
   356  459.426241740735350  6.039e-14
   357  460.557111261488956  3.877e-14
   358  461.156899863298236  8.405e-14
   359  462.742689582678054  1.879e-13
   360  463.602470237713362  1.692e-13
   361  464.897909195795194  1.869e-13
   362  465.891481476653041  8.695e-14
   363  467.181979912002987  1.416e-13
   364  468.025893127543327  9.514e-14
   365  469.339635279685695  9.190e-14
   366  470.068720830617167  4.639e-14
   367  470.980086411348566  8.148e-15
   368  471.632547168001452  8.790e-14
   369  473.269277639194172  1.820e-13
   370  474.705298928096113  8.619e-14
   371  475.917590397094614  1.393e-14
   372  476.346499402960717  2.395e-14
   373  477.644386808651973  1.890e-14
   374  478.191119186283970  9.314e-16
   375  479.843349150840424  1.077e-13
   376  480.644798988284776  5.302e-14
   377  481.330438356700995  3.267e-14
   378  482.971079072004613  3.102e-14
   379  483.740434486723984  1.756e-14
   380  485.342659736524752  1.737e-13
   381  486.295205519274020  7.362e-14
   382  487.025306761505078  1.021e-14
   383  487.959621941388889  3.693e-14
   384  488.868156968103335  4.439e-14
   385  489.817087561060191  1.438e-13
   386  491.180988810463134  1.439e-13
   387  492.829876031537594  1.437e-13
   388  493.450187864623842  4.529e-14
   389  494.335525184253584  1.073e-13
   390  495.489651551353063  1.380e-13
   391  496.588668189349391  4.519e-14
   392  497.501030802736864  8.134e-15
   393  498.611878497002067  1.130e-13
   394  499.349773449164559  6.217e-14
   395  500.303834489677001  1.169e-13
   396  502.143506763284734  2.896e-13
   397  503.221386378341094  6.342e-14
   398  503.911857891991644  1.776e-14
   399  505.139820135524587  1.770e-14
   400  505.630066004996877  3.391e-14
   401  506.734798642809722  9.424e-14
   402  507.788637586485493  3.099e-14
   403  509.307062234082196  1.519e-14
   404  509.971012722316914  1.634e-13
   405  511.565362010895228  5.311e-14
   406  512.181097251778965  9.388e-14
   407  513.254207451510638  3.249e-13
   408  514.729408851745006  5.233e-14
   409  515.250879085600673  1.821e-14
   410  516.253887138403684  2.284e-14
   411  517.034285518185584  1.484e-13
   412  518.164607038773852  5.881e-13
   413  519.972235695096060  1.430e-13
   414  520.807814167705715  5.288e-14
   415  522.055067630606118  2.765e-14
   416  522.543297235532350  1.615e-14
   417  523.327573251756917  2.166e-13
   418  524.912557329471952  2.112e-13
   419  525.537332060814606  1.326e-14
   420  526.745633639339189  1.053e-13
   421  527.782123882593964  3.065e-13
   422  529.022009330945934  2.908e-13
   423  529.943608438759043  1.299e-13
   424  531.921421769235167  1.035e-13
   425  533.175373500165620  7.313e-14
   426  533.780521536484457  8.727e-14
   427  534.944543078484799  8.995e-14
   428  535.681959843513255  1.083e-13
   429  537.638858657299124  3.781e-13
   430  538.608764571082133  9.528e-14
   431  539.281561932116460  1.352e-13
   432  540.380584372112480  1.213e-13
   433  541.305323574701333  6.369e-14
   434  542.317428208077445  2.866e-14
   435  543.536967088827851  1.296e-13
   436  544.367566203422825  2.066e-13
   437  545.074041843505597  1.412e-13
   438  546.484797397007014  4.461e-13
   439  547.921393059909292  3.775e-13
   440  549.004531599418897  6.068e-14
   441  549.634189787422088  2.195e-14
   442  550.864586071681288  7.033e-14
   443  551.516353121666498  7.447e-15
   444  552.159361918156151  9.551e-14
   445  553.854413506611195  4.053e-13
   446  554.650096713577113  2.163e-13
   447  556.166767449033728  3.358e-13
   448  557.054230381953744  2.528e-14
   449  557.789928511883545  6.121e-14
   450  558.992354698515214  1.604e-13
   451  560.095601624281358  2.887e-14
   452  561.199704702760300  3.209e-14
   453  561.619171630359006  9.907e-14
   454  562.697747944409571  3.069e-13
   455  563.858637759652083  3.503e-13
   456  565.361972207685426  4.097e-13
   457  566.710926987812854  6.624e-14
   458  567.308303098581405  7.395e-14
   459  568.001396056892418  2.954e-14
   460  569.161935100738333  4.937e-14
   461  569.960577175255025  1.838e-13
   462  571.296767749001333  7.056e-14
   463  572.047653491542860  1.041e-14
   464  573.520141971218436  2.574e-13
   465  574.296212537058295  4.168e-16
   466  575.466900671443568  9.369e-14
   467  576.634580625291051  4.107e-15
   468  577.723666968729958  1.223e-13
   469  578.296922879160206  1.030e-13
   470  579.372916779200523  2.064e-13
   471  580.382546503182425  1.940e-15
   472  580.815124119928782  2.472e-14
   473  582.984760417314192  5.049e-14
   474  583.857168741012060  7.875e-14
   475  584.721389001180569  1.851e-13
   476  585.782980660384510  1.580e-13
   477  586.410351725590772  1.881e-14
   478  587.553092441526701  3.245e-13
   479  588.750045780738105  6.302e-14
   480  589.609014988373701  8.366e-15
   481  590.512220090272081  3.267e-13
   482  591.514978654802235  3.195e-13
   483  593.252117534330523  8.653e-14
   484  593.740791628225907  2.300e-13
   485  595.255487980123348  1.959e-13
   486  595.927672260578788  1.126e-13
   487  596.581651233753291  9.554e-14
   488  597.575302356127395  1.390e-13
   489  598.559785110537064  2.758e-13
   490  599.879472220840626  1.887e-13
   491  601.192772015410469  3.237e-13
   492  602.174708325175857  1.944e-13
   493  603.178316379929015  5.549e-14
   494  603.666910926263881  8.091e-14
   495  605.136686252275240  1.232e-13
   496  606.321681739394194  5.308e-14
   497  606.651517102334424  4.304e-14
   498  607.893321859080629  1.484e-13
   499  608.726773756728107  2.148e-13
   500  610.006679088602596  3.335e-13
   501  611.733919444382877  1.334e-13
   502  612.249439648489442  4.864e-14
   503  613.293954697811955  6.946e-14
   504  613.931727376677941  1.445e-13
   505  615.046779480128066  2.007e-13
   506  615.851705951562167  2.167e-13
   507  617.096120547753003  2.710e-13
   508  618.183734361880965  1.223e-13
   509  619.480660095196299  6.503e-14
   510  620.141618739886894  6.693e-14
   511  621.317532695189470  3.360e-13
   512  622.625310810486553  5.996e-14
   513  623.092027675370332  1.497e-13
   514  624.437561693020712  1.623e-13
   515  625.247798763003402  9.785e-14
   516  625.621988411104098  1.114e-13
   517  627.084485957729157  7.681e-13
   518  628.742237800064004  3.750e-13
   519  629.723794827468851  2.091e-14
   520  630.339417790644916  1.526e-13
   521  631.556385885076793  1.123e-13
   522  632.086044198209493  6.890e-14
   523  633.143135313644734  2.688e-15
   524  634.482936085429174  2.260e-13
   525  635.403343466960223  1.003e-14
   526  635.946078286524312  1.364e-13
   527  637.816916722225983  2.105e-15
   528  638.202859617070658  2.366e-13
   529  639.829289073670907  2.769e-13
   530  640.574440084309458  3.679e-14
   531  641.609875731439161  5.530e-14
   532  642.256256370845449  5.952e-14
   533  643.061221149089420  1.727e-13
   534  644.174698478738833  4.240e-15
   535  645.393285517615709  3.469e-13
   536  646.920706981455055  3.302e-13
   537  647.699135201586955  1.533e-13
   538  648.634487269591887  1.118e-13
   539  649.197116107285979  7.210e-14
   540  650.620011695684980  6.153e-14
   541  651.622860769861290  1.788e-13
   542  652.251699862000805  2.155e-13
   543  653.487613401667545  2.450e-13
   544  654.146418557150241  2.968e-13
   545  655.471310959847415  3.485e-14
   546  657.031964835360327  1.056e-13
   547  657.759727985242648  2.048e-13
   548  658.689687856921296  1.774e-14
   549  659.438726605053262  4.208e-14
   550  660.355865870353568  1.856e-13
   551  661.298463716763536  4.129e-14
   552  662.214760741786790  1.529e-13
   553  663.838568898745166  1.384e-13
   554  664.596122001950675  1.632e-13
   555  665.645973167479610  1.256e-13
   556  666.746052591262242  1.479e-13
   557  667.442558101384407  8.786e-14
   558  668.755800049061008  8.257e-14
   559  669.685568753541020  4.674e-14
   560  670.279356815759570  4.033e-14
   561  671.451917113092804  3.776e-14
   562  671.931386877486830  2.749e-13
   563  674.039166251701658  3.821e-14
   564  674.730082380523299  8.556e-15
   565  675.875756980519895  1.827e-13
   566  676.677477109345773  2.850e-15
   567  677.428151904657284  7.784e-14
   568  678.160916806860541  1.065e-13
   569  679.660633248061004  1.836e-14
   570  680.408884123808775  7.795e-14
   571  681.369646639830421  2.675e-13
   572  682.713633764153087  7.399e-14
   573  683.597666655364378  1.667e-13
   574  684.606764214964073  7.047e-14
   575  685.792425971367265  1.356e-14
   576  687.025027754688722  1.599e-14
   577  688.384122231500100  2.673e-15
   578  689.150889179747537  8.414e-14
   579  690.227413433591551  6.638e-13
   580  691.795621426652019  4.572e-13
   581  693.089903994613451  9.752e-14
   582  693.557711448793157  4.499e-14
   583  694.284703293511029  1.266e-13
   584  695.651914729815758  7.529e-14
   585  696.244426282063046  5.737e-14
   586  697.664020672515903  2.922e-14
   587  698.226039941813042  1.035e-14
   588  699.339887386123223  7.903e-14
   589  700.290002427622426  5.652e-13
   590  701.580514428322999  4.866e-13
   591  702.937382950341203  1.673e-13
   592  703.665310403170110  1.517e-13
   593  704.322522491653672  2.053e-14
   594  705.582895594409365  3.788e-14
   595  706.146117305277812  1.230e-13
   596  706.861213744399606  1.632e-13
   597  708.505993624918347  6.874e-13
   598  709.479410989029134  4.496e-13
   599  710.777424865436956  1.822e-14
   600  711.361285022639549  2.359e-14
   601  712.426820904751935  1.043e-13
   602  713.337362123908633  1.359e-13
   603  714.421598412133335  2.385e-13
   604  715.495300189219051  6.009e-14
   605  716.197544131505310  6.197e-14
   606  716.783969904469359  1.139e-13
   607  718.200269805458788  5.037e-13
   608  719.636320367613735  3.214e-13
   609  720.561235236311404  3.619e-13
   610  721.743010565860345  8.044e-14
   611  722.138087034339492  6.611e-14
   612  723.132180989546100  1.082e-13
   613  723.910956463132379  1.290e-13
   614  725.268182248831295  1.640e-13
   615  726.022404086681377  3.144e-13
   616  727.240298243286929  4.637e-13
   617  728.429561006656627  2.893e-13
   618  729.253672751611134  2.761e-13
   619  730.105265077356989  2.903e-13
   620  731.585634757297157  5.364e-14
   621  732.197963329012964  7.959e-14
   622  733.041837773685984  3.924e-14
   623  733.862115947313441  2.018e-13
   624  734.944386215721011  2.082e-13
   625  735.599360540420776  6.487e-14
   626  737.761135093762505  1.349e-14
   627  738.223760481453041  1.283e-13
   628  739.151449697852968  1.831e-13
   629  740.261792708146913  8.901e-14
   630  740.617273872436954  5.002e-14
   631  742.121956819652155  5.335e-14
   632  742.769478564062183  2.737e-13
   633  743.976216349762808  1.554e-13
   634  744.881388641013018  1.826e-13
   635  745.737364128015997  3.776e-13
   636  747.144740820196034  4.905e-13
   637  748.224860715082855  8.035e-14
   638  749.002875400490097  1.329e-13
   639  750.080484768254109  1.286e-13
   640  750.856148553759454  1.065e-13
   641  751.518700346251194  9.865e-14
   642  752.427025604177516  9.051e-14
   643  753.627447630719757  3.102e-13
   644  755.240796292662367  8.149e-15
   645  755.820331348442664  7.278e-14
   646  757.032495973181312  2.415e-14
   647  757.827624415386822  8.389e-14
   648  758.401707940451047  9.971e-14
   649  759.926952736025214  3.003e-13
   650  760.646450314182971  2.007e-13
   651  761.740971420184565  1.055e-13
   652  762.061329540434372  1.450e-13
   653  763.569303569999192  2.836e-14
   654  764.674702333963978  1.693e-13
   655  765.999320479439461  2.754e-13
   656  766.917090424215644  1.236e-13
   657  767.540585231548334  1.218e-13
   658  768.446506051609617  1.472e-13
   659  769.198262577617584  1.419e-13
   660  770.269316205002383  3.265e-13
   661  771.378192456398665  2.801e-14
   662  772.366700095601004  4.293e-13
   663  773.911651376975783  1.482e-13
   664  774.331339913913439  1.622e-13
   665  775.248280500982901  2.460e-13
   666  776.650632487848156  1.289e-13
   667  777.435195402437557  1.923e-14
   668  778.192376871119109  5.362e-14
   669  779.321876632862086  8.868e-14
   670  779.926840359090193  1.778e-13
   671  780.759484710578818  4.009e-14
   672  782.399247088891002  5.936e-13
   673  783.807121888211668  1.224e-14
   674  784.287721853708717  1.203e-13
   675  785.104594812883647  1.816e-13
   676  786.122869477188033  8.557e-15
   677  787.005402549375390  5.618e-14
   678  787.695255236349453  1.412e-13
   679  789.372648605033419  3.545e-15
   680  789.663337588288982  1.386e-13
   681  790.967561579222547  5.406e-13
   682  792.078885428848821  3.426e-13
   683  793.087456150670391  3.838e-13
   684  794.100488331975612  3.043e-14
   685  795.087670742434057  1.270e-13
   686  795.992414760545103  1.244e-13
   687  796.642403017310812  1.206e-13
   688  797.524150685009658  5.702e-14
   689  798.301165184051001  2.615e-13
   690  799.977111950594235  1.248e-13
   691  800.930634229681459  4.479e-13
   692  802.212850182358125  2.126e-14
   693  802.586454398398587  1.617e-14
   694  803.686571672042191  1.799e-13
   695  804.308954615648418  6.728e-14
   696  805.992191940907105  2.983e-14
   697  806.332566407974696  1.275e-13
   698  807.286640568022449  1.606e-13
   699  808.407683201164559  5.332e-14
   700  809.356513475359066  4.618e-13
   701  810.718489849593652  6.658e-14
   702  811.733050447678693  1.190e-13
   703  812.673139549851498  1.528e-13
   704  813.855609592035535  7.062e-14
   705  815.274487811250879  1.047e-13
   706  815.907507638609218  2.920e-13
   707  817.074706884698571  3.598e-13
   708  818.655411189347888  2.997e-13
   709  819.305672915427635  2.608e-13
   710  820.163412928017920  1.744e-13
   711  821.203565441475803  1.686e-13
   712  822.095833822597001  6.999e-14
   713  823.224959896028508  2.118e-13
   714  824.054146188626646  1.449e-13
   715  824.731604920054338  1.560e-13
   716  826.001865805203806  3.308e-14
   717  826.281310734855083  5.268e-14
   718  828.405400402161604  3.017e-14
   719  829.201003916585933  2.000e-13
   720  829.962650709577360  2.381e-14
   721  830.928832361026934  1.300e-13
   722  831.845325841510544  6.641e-14
   723  832.302897321706382  2.421e-14
   724  833.561305485516641  3.619e-13
   725  834.727840991550238  1.252e-13
   726  835.544775841451951  5.705e-14
   727  836.633127334935580  2.194e-13
   728  837.877419503765509  2.511e-13
   729  838.452411792805947  1.040e-13
   730  839.722176410059205  2.013e-14
   731  840.635672421197683  2.298e-13
   732  841.564907990252891  5.163e-14
   733  842.311700334892862  1.178e-13
   734  842.890639394759205  9.084e-14
   735  844.036903065465935  3.766e-13
   736  846.672287375275459  7.974e-14
   737  847.584215047609177  1.930e-13
   738  848.337299141426115  4.653e-16
   739  848.896651457594999  7.824e-15
   740  850.069450017275926  1.153e-13
   741  851.069746086551618  1.507e-13
   742  852.041161078940945  1.439e-13
   743  852.883108146739914  3.654e-14
   744  853.742865904161022  4.265e-13
   745  855.215797770837071  3.375e-14
   746  855.718496573589732  1.684e-13
   747  857.446859685568825  1.870e-13
   748  858.091223064802989  9.953e-14
   749  858.567954853282572  9.256e-14
   750  859.868391688719498  1.550e-13
   751  860.440583914077365  1.232e-13
   752  861.261180561835204  1.151e-13
   753  862.487378052083614  9.243e-14
   754  864.087458433141251  1.257e-13
   755  864.645597505316459  2.238e-13
   756  865.812006297172616  1.883e-13
   757  866.292580561381214  1.023e-13
   758  867.563908463318739  1.112e-13
   759  868.407957002285002  2.595e-13
   760  869.328042692463441  2.188e-13
   761  870.594740080509609  2.618e-14
   762  870.764292378607934  3.374e-14
   763  871.917706069209430  2.769e-13
   764  873.465201001252808  5.549e-13
   765  874.585707617370417  2.029e-13
   766  875.298914935763833  1.574e-13
   767  876.252813974370042  6.405e-14
   768  877.545903929853012  5.911e-14
   769  878.721176379225540  4.163e-13
   770  879.916329244124540  1.226e-13
   771  880.819927105277770  4.487e-13
   772  882.019018938559270  2.639e-13
   773  882.931178796756171  2.236e-13
   774  884.027771096892593  5.396e-14
   775  884.498220167132104  1.337e-13
   776  885.982643925633397  2.412e-13
   777  886.876694125568861  1.218e-13
   778  887.387653267512178  8.408e-15
   779  888.240875183499043  6.735e-14
   780  889.300733464331188  5.590e-14
   781  890.184478882259100  7.596e-13
   782  892.048293464686481  3.358e-13
   783  892.526098257160584  9.695e-14
   784  893.698833343568140  1.072e-13
   785  894.167675367433958  5.309e-14
   786  895.077552465916483  1.450e-13
   787  896.068083814413967  2.915e-13
   788  897.697395537915554  7.257e-14
   789  899.173633879277872  4.247e-13
   790  900.056474788680134  1.737e-13
   791  900.901536028487953  1.220e-13
   792  902.360517605125324  5.533e-14
   793  902.984190521994606  1.452e-13
   794  904.181095625831517  8.338e-14
   795  904.629595506409714  1.504e-14
   796  905.691752853167372  2.032e-13
   797  906.472919764745370  5.094e-14
   798  907.159975863566501  2.761e-13
   799  908.894989795410311  2.788e-13
   800  910.026585403383706  7.782e-14
   801  910.621754439207962  1.757e-13
   802  911.561470922444073  2.994e-14
   803  912.517041013798348  1.308e-13
   804  913.214591525411038  2.661e-13
   805  914.365530041788361  1.880e-13
   806  915.503114024555771  6.301e-14
   807  916.020367760634372  2.372e-14
   808  916.857787116372378  2.853e-13
   809  918.159628723021001  8.555e-15
   810  919.447318667718491  1.455e-13
   811  920.235062738173269  1.443e-14
   812  921.848541222659037  3.782e-14
   813  922.872931331479663  3.701e-14
   814  923.637244114059285  1.821e-14
   815  924.421331594663457  3.096e-13
   816  925.991754503827906  1.553e-13
   817  926.540869242317285  1.611e-13
   818  928.153529161080769  1.047e-13
   819  928.854747753804077  8.200e-14
   820  929.335343774269177  1.134e-13
   821  930.638451387902592  1.662e-13
   822  931.753741027536194  2.338e-13
   823  932.419260127302891  5.809e-14
   824  933.246395562517932  7.492e-14
   825  934.188450186771661  8.886e-14
   826  934.865819761074704  1.823e-13
   827  936.288915942473636  8.495e-13
   828  937.610957722752232  8.709e-14
   829  938.625235000081261  3.365e-14
   830  939.140367237486771  7.660e-14
   831  939.856704971073668  1.301e-13
   832  940.989560627729247  2.016e-13
   833  941.729955200324980  1.546e-13
   834  942.704370993308316  4.099e-13
   835  943.903909957752944  2.885e-14
   836  944.728805075369792  4.489e-13
   837  945.915952385400942  1.048e-13
   838  946.640484313811953  2.301e-13
   839  947.876714927264516  3.563e-13
   840  948.778046692216776  2.524e-13
   841  949.613443279123885  1.566e-14
   842  950.495902895656400  5.809e-16
   843  951.333789588514378  1.059e-13
   844  951.970099779613861  1.238e-13
   845  952.910298188175489  4.993e-13
   846  954.680540251888260  5.326e-16
   847  955.593399279496680  2.049e-13
   848  956.176969984723200  1.321e-13
   849  957.447588731781707  3.482e-14
   850  957.909038654182496  1.113e-14
   851  958.690283488627188  2.788e-13
   852  960.160464813253952  1.767e-13
   853  960.819373115053850  2.069e-13
   854  961.687771088352292  1.169e-13
   855  962.560559945940099  4.345e-13
   856  963.828981338160133  6.517e-13
   857  964.832478047367999  2.840e-13
   858  965.925286115041104  3.152e-13
   859  966.776708493197589  1.183e-13
   860  967.703170693628294  3.079e-14
   861  968.745587580934284  7.527e-14
   862  970.438163502984253  1.077e-13
   863  970.864864778810897  2.536e-13
   864  972.550621073330490  2.471e-13
   865  973.569758524855843  2.479e-13
   866  974.149465027358474  2.182e-13
   867  975.168877440723804  7.957e-14
   868  975.834683202563497  1.990e-13
   869  977.242524233720701  2.133e-13
   870  977.914329679443085  9.044e-14
   871  978.667481424026050  7.267e-14
   872  979.668642749797527  2.097e-13
   873  980.449733049032034  7.209e-14
   874  981.563666611489907  7.138e-13
   875  983.178307388393137  2.001e-13
   876  983.932265540073558  1.619e-13
   877  984.486390390109250  1.321e-13
   878  985.520083416817783  1.717e-13
   879  986.319135632634129  8.821e-15
   880  987.031325811391866  1.247e-13
   881  988.092526144405610  4.534e-13
   882  989.204541549721966  3.275e-14
   883  990.335603927347393  1.635e-13
   884  991.111606456228401  7.450e-14
   885  992.322383502326943  7.631e-14
   886  992.876940120420500  2.801e-13
   887  994.288299608265902  1.411e-13
   888  994.800426367025466  1.286e-14
   889  995.953790576009737  4.486e-14
   890  996.746653021596671  8.996e-14
   891  997.273674107978081  1.321e-13
   892  998.177377808332267  5.238e-13
   893  999.935748036554742  7.077e-13
   894  1000.705024887241962  3.048e-13
   895  1001.939285086507766  1.321e-13
   896  1002.434985403667838  4.483e-14
   897  1003.288919543324710  8.335e-14
   898  1004.090665216228899  8.201e-14
   899  1005.090946669586174  2.320e-13
   900  1006.262496306962930  1.215e-13
   901  1007.041989913334760  2.238e-13
   902  1007.728584067326892  3.679e-13
   903  1009.258092047746914  2.826e-13
   904  1009.922530617256029  1.704e-13
   905  1010.927736435935458  2.443e-13
   906  1012.720562111405798  1.513e-14
   907  1013.508164612491782  5.492e-14
   908  1014.525078224772415  5.578e-14
   909  1015.231182089436516  1.739e-13
   910  1016.153242607330185  1.424e-13
   911  1017.607778952747481  5.116e-13
   912  1018.752956326706112  1.337e-13
   913  1019.685681181759151  5.760e-14
   914  1020.091107200321403  7.589e-14
   915  1021.091835722148744  6.325e-15
   916  1022.247244825605776  8.279e-14
   917  1022.987676956951873  2.596e-14
   918  1024.096990653377134  2.270e-13
   919  1024.641885845058823  4.799e-13
   920  1025.880534680434721  5.934e-13
   921  1026.408054326265756  8.428e-13
   922  1028.131731914817465  4.313e-13
   923  1029.065985260490152  1.288e-14
   924  1029.712930381361275  3.327e-13
   925  1030.770799558093586  1.656e-13
   926  1031.314581783111862  2.556e-13
   927  1032.399573209955179  3.550e-13
   928  1032.854333975353939  4.114e-13
   929  1034.263979229031293  9.178e-13
   930  1035.288806641477777  4.525e-13
   931  1036.500681245322767  3.337e-13
   932  1037.058425219024684  2.435e-13
   933  1038.265669369085117  5.242e-13
   934  1038.982490405817543  1.533e-13
   935  1039.839216674012505  3.266e-13
   936  1041.587840805075757  1.251e-13
   937  1042.387417688853930  3.196e-13
   938  1043.374567004266964  4.250e-13
   939  1044.359453545551787  5.654e-13
   940  1045.993592122495329  8.224e-13
   941  1046.696388617070170  3.208e-13
   942  1047.620619315729300  1.879e-13
   943  1048.552671855893777  1.346e-13
   944  1049.005648464730029  1.035e-13
   945  1049.894949802006977  1.721e-14
   946  1051.157930249202082  5.465e-13
   947  1052.098455358757519  3.099e-13
   948  1052.657183147653996  1.076e-13
   949  1054.262477663679419  5.964e-13
   950  1054.802471903334890  7.362e-14
   951  1055.827671195118000  2.087e-13
   952  1056.948375373658337  5.845e-13
   953  1057.985012658366941  2.703e-13
   954  1058.598476195751118  2.974e-13
   955  1059.392215181939719  7.275e-14
   956  1060.281542166153258  3.574e-14
   957  1061.059919308500639  2.939e-13
   958  1063.715978087075882  1.619e-13
   959  1064.580908803699685  3.172e-14
   960  1065.178695799080515  2.710e-13
   961  1066.059250005693002  3.306e-15
   962  1066.888306766344385  8.320e-14
   963  1067.943885003386640  1.956e-14
   964  1068.720198872867513  1.415e-13
   965  1069.774114357934195  7.383e-13
   966  1070.830494284319229  1.322e-13
   967  1071.126593044197762  2.395e-13
   968  1072.734545485099261  6.426e-13
   969  1073.621339128599175  3.080e-13
   970  1074.993689752915088  1.570e-13
   971  1075.292213961368134  3.755e-14
   972  1076.497032060140100  1.919e-13
   973  1077.039912184190598  1.236e-13
   974  1078.203319243625401  9.822e-14
   975  1078.369293794554778  1.817e-14
   976  1081.097654236228436  2.135e-13
   977  1082.021589995778413  4.509e-13
   978  1083.136771868372762  1.941e-13
   979  1083.787561676963833  6.045e-14
   980  1084.383561514093799  1.103e-13
   981  1085.966760952437653  1.501e-13
   982  1086.389502768477314  2.821e-13
   983  1087.511281006077979  2.172e-13
   984  1088.183380277894230  1.259e-14
   985  1088.821206116919484  3.138e-13
   986  1091.327226519834539  3.597e-14
   987  1092.614363110572185  1.676e-13
   988  1093.185535929601883  8.079e-14
   989  1094.011845685466596  7.326e-14
   990  1094.667145151565819  2.922e-13
   991  1095.561466908951161  5.062e-14
   992  1096.742118843051685  6.590e-13
   993  1097.406089994857894  1.222e-13
   994  1099.663300609077623  2.201e-13
   995  1100.666361174628946  2.574e-13
   996  1101.207304153851737  6.273e-13
   997  1102.571699884544842  7.192e-13
   998  1103.391216120014406  8.196e-14
   999  1104.265562370862426  3.424e-13
  1000  1104.872832103768133  1.751e-13
  1001  1105.979998604231923  2.112e-13
  1002  1106.486295000642940  2.495e-13
  1003  1109.377106311410898  2.833e-13
  1004  1110.064097500124717  1.400e-13
  1005  1110.591809859806972  1.173e-13
  1006  1111.688859533676123  2.307e-13
  1007  1112.570750295719336  2.390e-13
  1008  1113.021094004194083  7.900e-14
  1009  1114.415082493750560  7.987e-13
  1010  1115.257840033558750  1.824e-13
  1011  1116.026576863513583  2.182e-13
  1012  1117.064953979884194  9.806e-13
  1013  1118.007969187490517  2.153e-13
  1014  1120.164186413710695  3.790e-13
  1015  1120.852199306151306  3.659e-13
  1016  1122.082380993847210  1.736e-13
  1017  1122.598839893618560  5.820e-14
  1018  1123.171861109407928  3.447e-13
  1019  1124.201857331190240  5.385e-13
  1020  1127.621352974776755  4.560e-13
  1021  1128.465944091495430  1.731e-13
  1022  1129.105855022529340  3.505e-13
  1023  1130.025541293643528  4.979e-13
  1024  1130.851376916605659  1.090e-13
  1025  1132.257168989346610  1.006e-13
  1026  1132.733908816055873  9.370e-16
  1027  1133.390107477413039  4.043e-13
  1028  1134.577375647323379  4.460e-13
  1029  1135.456634414068048  1.071e-13
  1030  1137.838001527807137  3.356e-14
  1031  1138.725807380500100  2.771e-13
  1032  1139.319922343980352  2.483e-13
  1033  1139.976213673148322  3.494e-13
  1034  1141.134459429305934  3.622e-13
  1035  1141.705512847438968  5.291e-13
  1036  1143.982977484603225  1.009e-13
  1037  1145.013828334415166  3.093e-13
  1038  1146.164093241644650  1.179e-13
  1039  1146.373319959315268  1.098e-13
  1040  1147.749891780193138  1.250e-13
  1041  1148.698088934485668  9.468e-14
  1042  1149.501964473346561  1.725e-13
  1043  1150.240007796870486  3.281e-13
  1044  1151.374064742155497  2.540e-13
  1045  1151.782821361407969  2.500e-13
  1046  1152.660737243854101  1.477e-13
  1047  1154.742512724435301  7.602e-14
  1048  1154.933818805676083  2.689e-13
  1049  1156.342280821675104  1.122e-13
  1050  1156.804190948687165  3.351e-14
  1051  1157.591177650145937  1.776e-13
  1052  1158.683761186297261  2.695e-13
  1053  1159.172834214507020  4.908e-13
  1054  1160.572607507614748  7.002e-13
  1055  1161.451470109535649  5.371e-13
  1056  1162.079986408597051  3.976e-13
  1057  1163.379922574383500  6.380e-14
  1058  1164.453150134834004  5.919e-13
  1059  1164.975301600025205  1.313e-13
  1060  1166.389193289608556  5.677e-13
  1061  1167.023863103642270  6.231e-14
  1062  1167.956194912718274  2.717e-13
  1063  1168.444706239841253  2.083e-13
  1064  1169.420253575084871  6.340e-13
  1065  1170.239882495386837  8.449e-13
  1066  1172.784956725917027  4.855e-14
  1067  1173.662493315791380  4.711e-13
  1068  1174.467284111525032  2.965e-13
  1069  1175.033840408194919  2.377e-13
  1070  1175.935248212904071  9.314e-14
  1071  1177.235648764928101  4.309e-13
  1072  1177.885330787514704  1.368e-13
  1073  1178.742752604389125  2.698e-13
  1074  1179.559936403100892  2.791e-13
  1075  1180.743548597617519  8.145e-13
  1076  1181.496057363446425  4.921e-13
  1077  1182.983098051087154  1.671e-13
  1078  1183.758625633472320  2.190e-13
  1079  1184.510190585031069  1.830e-13
  1080  1185.206130468724496  2.465e-13
  1081  1186.315331188222444  3.835e-14
  1082  1186.615540260941998  6.558e-14
  1083  1187.935753139259987  8.135e-14
  1084  1188.707993709791026  4.217e-14
  1085  1190.481701243952330  2.099e-13
  1086  1190.790552508959536  1.369e-13
  1087  1191.719277369472138  3.910e-13
  1088  1192.788393885186451  3.260e-13
  1089  1193.514535844097054  3.160e-13
  1090  1194.517771085544609  1.686e-13
  1091  1195.443527478319083  8.822e-14
  1092  1196.388794585631558  1.816e-13
  1093  1196.872286601709675  2.885e-14
  1094  1197.751980714477440  2.357e-15
  1095  1198.994223393912534  1.309e-13
  1096  1200.452163036534330  1.250e-13
  1097  1201.228062835093851  1.534e-13
  1098  1201.736739116057379  2.734e-13
  1099  1203.011354321846284  7.262e-14
  1100  1203.544398377976222  1.445e-13
  1101  1204.032442223278622  3.134e-13
  1102  1205.415788155563177  7.142e-13
  1103  1206.427047548761948  6.907e-13
  1104  1207.084339379948005  7.007e-13
  1105  1208.350303524050787  1.915e-13
  1106  1209.296497319454147  2.481e-13
  1107  1210.078791141083457  5.722e-13
  1108  1210.909036386419757  5.390e-14
  1109  1212.336762774135650  2.170e-13
  1110  1212.685277783361016  1.953e-13
  1111  1213.695105791999822  1.592e-13
  1112  1214.325602321262977  1.261e-13
  1113  1215.156495048603347  6.460e-13
  1114  1217.550967522386600  8.768e-13
  1115  1218.806720441067910  2.219e-14
  1116  1219.275023542640383  2.709e-13
  1117  1220.291389903336267  3.477e-15
  1118  1220.649677459364511  4.347e-14
  1119  1221.890137294504484  3.630e-13
  1120  1222.901169939475494  3.386e-13
  1121  1223.492662453016919  3.862e-13
  1122  1224.727415685880715  1.208e-13
  1123  1225.335163361646210  5.166e-13
  1124  1226.484953627043524  3.794e-13
  1125  1227.468245714621617  1.303e-13
  1126  1228.535174680165710  2.871e-14
  1127  1229.656271231470782  1.963e-13
  1128  1230.110166969797774  1.380e-13
  1129  1230.929272544019113  2.258e-13
  1130  1231.879881882188101  1.716e-13
  1131  1232.796118429396984  1.854e-13
  1132  1233.078925394205726  1.520e-13
  1133  1235.776023337690049  3.125e-13
  1134  1236.732089938516992  2.019e-13
  1135  1237.560118285138742  3.422e-13
  1136  1238.301097680969633  2.536e-13
  1137  1239.177626402823535  6.343e-13
  1138  1240.193877407925356  6.860e-13
  1139  1241.167596747899097  2.462e-13
  1140  1241.877161108020346  2.933e-13
  1141  1242.755344774197965  5.063e-13
  1142  1243.330752651574358  2.413e-13
  1143  1244.913333661819934  7.835e-13
  1144  1245.960389903636951  1.783e-13
  1145  1246.686148193464987  2.716e-13
  1146  1247.814573626005313  1.892e-13
  1147  1248.372467969371428  2.130e-13
  1148  1249.017560620428867  3.144e-13
  1149  1249.922526797601222  2.039e-14
  1150  1252.094230033532995  1.091e-13
  1151  1252.714623789243660  7.421e-13
  1152  1254.260634949727319  2.431e-13
  1153  1254.750942272800785  1.278e-13
  1154  1256.618974524783653  3.043e-14
  1155  1257.617283819798786  5.560e-13
  1156  1258.567468758887799  3.672e-13
  1157  1259.220150763920628  2.670e-13
  1158  1259.727583234170879  7.900e-14
  1159  1261.125955194400376  2.030e-13
  1160  1261.489157142204704  1.222e-13
  1161  1264.315215903979833  4.535e-13
  1162  1264.949515521529293  6.436e-14
  1163  1265.478152582738630  1.080e-13
  1164  1266.653337578317178  1.635e-13
  1165  1267.199305015243226  3.379e-13
  1166  1268.217749155936644  5.894e-13
  1167  1269.358510395417625  5.808e-13
  1168  1269.935212526032728  3.041e-13
  1169  1272.077299702747496  3.547e-13
  1170  1272.779264732261254  4.860e-13
  1171  1274.652795310531246  1.814e-13
  1172  1275.698065509688831  2.161e-13
  1173  1276.757092705124478  2.044e-13
  1174  1277.168796275060458  8.067e-14
  1175  1278.062942467555331  3.226e-13
  1176  1278.805352115950882  8.055e-13
  1177  1280.289842436152412  5.785e-13
  1178  1281.560060042156692  1.005e-13
  1179  1282.017667829405354  2.823e-13
  1180  1283.124415460668843  4.552e-14
  1181  1283.744506942098724  2.877e-13
  1182  1284.608135250733994  3.004e-13
  1183  1285.454651289742060  5.048e-13
  1184  1286.795094110694890  4.298e-13
  1185  1287.253950950541594  7.399e-14
  1186  1288.079693662521777  3.260e-13
  1187  1290.348323378769464  3.636e-13
  1188  1292.279585255577103  6.867e-13
  1189  1293.232129425011635  9.770e-14
  1190  1293.656073859677235  2.407e-13
  1191  1294.637347504449508  1.319e-13
  1192  1295.175788839824463  4.100e-13
  1193  1296.342976609320431  6.542e-13
  1194  1297.162678608426177  5.678e-13
  1195  1298.431123647929098  5.696e-13
  1196  1299.412671878447327  9.638e-14
  1197  1301.067148848777379  1.163e-13
  1198  1301.629070647577237  4.542e-13
  1199  1303.271228376125237  2.801e-13
  1200  1303.687256883868486  1.973e-13
  1201  1304.400411486251642  1.016e-13
  1202  1305.564663874412645  4.221e-14
  1203  1306.144224576402394  1.864e-13
  1204  1306.923854597245054  6.390e-13
  1205  1309.605170042784948  1.747e-13
  1206  1310.259237721444379  1.280e-13
  1207  1311.058960305339951  3.418e-13
  1208  1311.740553225411986  3.567e-13
  1209  1312.668646664618564  4.154e-13
  1210  1313.473621761685308  4.948e-13
  1211  1314.377542099375660  9.564e-13
  1212  1315.462806249435744  4.274e-13
  1213  1316.580890494451523  3.550e-13
  1214  1317.064837594515666  1.981e-13
  1215  1318.550422111702801  4.684e-14
  1216  1318.992077742373112  2.856e-13
  1217  1320.188932516211935  3.514e-13
  1218  1321.751405902441320  3.596e-13
  1219  1322.798153803945070  3.619e-14
  1220  1323.251439803789935  1.290e-13
  1221  1324.008442852512644  8.888e-14
  1222  1325.362092308461342  3.957e-13
  1223  1326.786501552737718  6.518e-13
  1224  1327.365295375529513  4.469e-13
  1225  1328.325002022229910  5.142e-13
  1226  1329.163915078005630  2.295e-13
  1227  1329.740070996175518  1.855e-13
  1228  1330.566793607707496  1.063e-13
  1229  1331.869130851987620  5.006e-13
  1230  1332.743790675105856  6.870e-14
