# L10_chi5c4conj_q5 zeros 1..350; eps = (0.85065080835204-0.5257311121191333j)
1 4.132903705213
2 9.442931129729
3 11.282896441582
4 14.115464266570
5 16.995903942590
6 19.729054786312
7 21.283047157778
8 22.965576434791
9 26.472788914813
10 27.812470221793
11 29.702781034797
12 31.714038216978
13 33.307745520925
14 36.096526537254
15 37.847618416247
16 39.091615863993
17 40.508934445122
18 43.125434885675
19 45.085822649621
20 46.266413813465
21 48.477659918783
22 49.520112183172
23 51.089988046337
24 53.756673088354
25 55.532550639177
26 56.184382961896
27 57.976452736619
28 59.651544771331
29 61.704025871675
30 63.122750720006
31 65.065142413657
32 66.293640082885
33 67.604662341082
34 68.811702601324
35 71.706995104635
36 72.669228590146
37 74.134956662799
38 75.314161728471
39 77.252277916863
40 78.315916388038
41 80.296096961040
42 82.128199016397
43 83.381802518615
44 84.831648085657
45 85.402385728310
46 87.579818360418
47 89.651547732389
48 90.802998804207
49 91.895871227243
50 93.719886451806
51 94.924039045758
52 95.976916789349
53 97.860787304170
54 100.026797092638
55 100.911240352695
56 102.053961720708
57 103.303050892657
58 104.765261381395
59 106.736524388969
60 108.010806530132
61 109.331743481345
62 110.995870831946
63 111.977140056661
64 113.431415611843
65 114.157131445613
66 116.894017018491
67 117.872806733963
68 119.343651072904
69 119.999013622310
70 121.666335450032
71 123.144024238537
72 124.349745916257
73 126.171719632031
74 127.365303714891
75 129.143817239298
76 129.765981625952
77 130.944597380903
78 132.254587806617
79 134.397236050034
80 135.892533246405
81 136.604816386158
82 137.888817483895
83 139.586256582942
84 140.445773006128
85 141.835730437323
86 143.285822228657
87 145.288924009584
88 146.265216612104
89 147.272581921502
90 148.493066336081
91 149.467434030498
92 151.368159251313
93 153.087049522723
94 153.779942935977
95 155.430659327447
96 156.443747163450
97 158.127719009511
98 158.627176429540
99 159.958999452657
100 162.141131630104
101 163.449632584323
102 164.368873939575
103 165.577353505528
104 166.364844694945
105 168.283928345278
106 169.160070747720
107 171.084987749666
108 171.907704213846
109 173.544673264738
110 174.837622286751
111 175.598729365251
112 176.702443058231
113 177.968612104884
114 180.089275189408
115 181.379884877842
116 182.071391089394
117 183.222259497634
118 184.730975646437
119 185.735594991668
120 187.115930691998
121 188.257530654094
122 189.989659482205
123 191.370066940736
124 192.273056304783
125 193.360515200014
126 194.367600379992
127 195.458604883335
128 197.709842458398
129 198.442679720979
130 200.062666430933
131 200.588488341996
132 202.300548250013
133 203.392769449984
134 204.380303502980
135 205.376815816052
136 207.425857115027
137 208.674698614524
138 209.807121766597
139 210.794146746108
140 211.465857734420
141 213.135695388167
142 214.275717570969
143 215.915357604405
144 217.076602966705
145 217.979320048366
146 219.754842106788
147 220.435850444589
148 221.661523810126
149 222.466942666777
150 223.945075010432
151 226.083598048285
152 226.841847321677
153 227.698702561402
154 228.995252940998
155 229.940400653667
156 231.448521597633
157 232.449822761832
158 233.860615818353
159 235.099344476763
160 236.755118439264
161 237.377191678835
162 238.764320354480
163 239.611979403992
164 240.353296392185
165 242.390079825804
166 243.832188190011
167 244.783936516149
168 245.818347675051
169 246.799532982764
170 248.261199177163
171 249.495872336712
172 249.983865673219
173 251.691375021724
174 253.201339000834
175 254.460910138107
176 255.747012427905
177 256.052712677843
178 257.407197197078
179 258.533648397841
180 259.974986084238
181 261.585320471686
182 262.477014156819
183 263.449676358148
184 264.883582255248
185 266.200448825717
186 266.609155710535
187 268.239351447144
188 268.776635920620
189 271.252949656805
190 271.911746289659
191 273.179039236295
192 273.876354949662
193 275.068454416535
194 276.178211994511
195 277.593590924196
196 278.730977143464
197 279.951526940619
198 281.343496771857
199 282.275648823060
200 283.753430349917
201 284.326911638932
202 285.383536288712
203 286.351874089746
204 288.384049376849
205 289.497712053394
206 290.602935558156
207 291.399398706405
208 292.367063001181
209 293.935656284306
210 294.860085206860
211 295.713751838721
212 297.350927541760
213 298.417131308242
214 300.162760161227
215 300.689757724274
216 301.822753596171
217 302.673487004634
218 303.749575835146
219 305.148384197492
220 306.843487200049
221 307.887977391158
222 308.432609003668
223 310.012282485788
224 310.988102026304
225 312.053873575312
226 313.286520695701
227 313.769954397862
228 315.620845798752
229 317.345810089561
230 317.876131763400
231 318.937035874533
232 320.205623448488
233 320.593002397037
234 322.290925967725
235 323.504434352304
236 324.649197133027
237 326.043676925891
238 326.757373620844
239 328.263326939757
240 329.203481009782
241 330.277297484344
242 330.830963376374
243 332.161455953278
244 333.990400809458
245 335.144327133404
246 336.118290618919
247 336.980075284357
248 337.729650691189
249 339.535960587566
250 339.987169075589
251 341.444446343540
252 342.610887552218
253 343.828572588711
254 345.135219678672
255 346.385967203136
256 346.941577335661
257 347.979211827105
258 349.079451426897
259 349.994124422750
260 352.235194954331
261 352.701549501867
262 353.939817360814
263 354.826748114939
264 355.969512470206
265 357.204045892058
266 358.117796895146
267 359.133597055920
268 360.132328142575
269 362.082677841745
270 362.878519088440
271 364.025572570130
272 364.922015018576
273 365.765491162297
274 366.645436021642
275 368.269558699901
276 369.316423945675
277 370.814546090694
278 371.534263366143
279 372.612364561266
280 373.898902638714
281 375.013608779998
282 375.794228470636
283 376.557781683702
284 377.934841909911
285 379.546887973784
286 380.852595276125
287 381.756206032507
288 382.195964969404
289 383.619358060642
290 384.459716207431
291 385.927400176273
292 386.662583073808
293 388.472617786940
294 388.850107212852
295 390.551811461882
296 391.677991578641
297 392.236249353730
298 393.538146522218
299 394.258122837791
300 395.160351497285
301 397.198958294911
302 398.251889722899
303 399.074654484403
304 400.046873096928
305 401.065314172035
306 402.109135073550
307 403.464555062026
308 404.185487791933
309 405.204421188087
310 406.776065566230
311 408.022464572149
312 408.921017388792
313 410.233910348033
314 410.640013693751
315 411.644279677283
316 412.825963844138
317 414.202987149241
318 415.621737839295
319 416.494581078234
320 417.660178178954
321 418.184330939758
322 420.090663179392
323 420.480675465426
324 421.510737188854
325 422.590601928197
326 423.695357035403
327 425.503999453849
328 426.459562673021
329 427.215896463796
330 428.262082196031
331 428.914620712186
332 430.394698187013
333 431.133319349442
334 432.797809239188
335 433.647290553013
336 434.743797019875
337 435.934163324314
338 437.067301790430
339 437.907022717526
340 438.968276025496
341 439.775450915906
342 440.568705253603
343 442.535502738734
344 443.889526381275
345 444.227958957819
346 445.716784976747
347 446.164667753819
348 447.370671846194
349 448.745314230018
350 449.576939936217
