# L11_chi7c6_q7 zeros 1..350; eps = (0.38651357275915527+0.9222837188593069j)
1 5.198116199467
2 8.413610991471
3 9.979895902091
4 13.854542874481
5 15.746869407639
6 17.161416543706
7 19.651224233234
8 21.652525069796
9 24.154664539979
10 25.684394585775
11 27.135471379809
12 28.644527538044
13 31.847746638041
14 32.747390632813
15 34.350441221605
16 36.447983987061
17 37.379531678780
18 39.574672238284
19 41.633690168497
20 43.330444112276
21 44.259257194838
22 45.463951639435
23 47.758291071615
24 49.543555603919
25 50.973312521592
26 52.357844782963
27 53.974621206143
28 55.355355216723
29 56.271265512060
30 59.105427816977
31 60.364075639767
32 61.244299512060
33 62.830725850537
34 64.051893686013
35 65.881383824032
36 67.645316435795
37 68.653503785005
38 70.815039627303
39 71.552403841512
40 72.759717525945
41 74.031149459289
42 76.263907683148
43 77.818107402360
44 78.987561898785
45 79.721471158473
46 81.560971687176
47 82.998633726351
48 83.901293414463
49 85.971047490294
50 87.513538363833
51 88.518620955825
52 89.987866598520
53 90.687056375088
54 92.081429938159
55 94.524492374298
56 95.352661188154
57 96.552940268794
58 98.010792925693
59 99.397240589317
60 100.297931937432
61 101.691268381664
62 103.155747581848
63 105.308333687932
64 106.003091513053
65 107.412655681943
66 107.854839975453
67 109.841172464966
68 110.954683473771
69 112.754002869238
70 113.904253370765
71 115.035855010361
72 116.488528494938
73 117.936242104033
74 118.335020603666
75 119.666369545273
76 122.057548865493
77 123.064330997959
78 124.062744110217
79 125.351314814278
80 126.256410498208
81 127.732602712200
82 129.106294357199
83 130.350348950769
84 131.688291917605
85 133.379020813241
86 134.387116948963
87 135.050320361401
88 136.545874646847
89 137.364836213692
90 139.393474959854
91 140.938354734988
92 141.829716468811
93 142.482907321605
94 144.229767525292
95 145.480730122467
96 146.233894766548
97 147.490928219091
98 149.444323192794
99 150.425993702219
100 152.001082471234
101 152.552301235897
102 153.822371682412
103 154.550816422755
104 156.567663644365
105 157.838017583390
106 158.894903151510
107 160.135348189510
108 161.359458053703
109 162.478068069383
110 163.548715760116
111 164.640924803549
112 165.618636210172
113 167.900677509790
114 168.879483820647
115 169.662455600800
116 170.671101327987
117 171.858681304824
118 173.304661091368
119 174.110293034234
120 176.066398726334
121 176.753407687501
122 178.150005343704
123 179.485898599480
124 180.650083531831
125 181.251900366361
126 182.171147588866
127 183.909516753063
128 185.701426873769
129 186.360210015204
130 187.770378185964
131 188.461917349956
132 189.578278551527
133 191.182504407424
134 191.975977357708
135 193.105923799588
136 194.603161171869
137 196.325196425717
138 196.858276476962
139 198.008628685508
140 199.100356325046
141 199.947010836649
142 201.153300072499
143 203.119005655298
144 204.141225980425
145 204.959323700081
146 205.933166580531
147 207.869085808087
148 208.050482466052
149 209.510131503153
150 210.287035577634
151 211.995174078725
152 213.348279443554
153 214.611009730194
154 215.599690312395
155 216.131404464498
156 217.285076883845
157 218.663704424706
158 220.051984092266
159 220.964665780623
160 222.626516269241
161 223.238717154966
162 224.675819395676
163 225.688096946264
164 226.692445596941
165 227.773205456779
166 228.279882155106
167 230.718221994462
168 231.689925422808
169 232.461494424911
170 233.495257095224
171 234.552694934829
172 235.770726384475
173 236.707225220552
174 238.020687957609
175 239.315741348066
176 240.228030339127
177 241.832624629826
178 242.856574247997
179 243.704330182680
180 244.422436403136
181 245.562092432286
182 246.897174586005
183 248.382845297805
184 249.837159289981
185 250.301347825463
186 251.578280266597
187 252.296026881390
188 254.145666525770
189 254.631136414859
190 255.519400158987
191 256.944414812915
192 258.633293462418
193 259.621420015640
194 260.398994832933
195 261.647046971774
196 262.453938345860
197 263.170383921569
198 264.758514992755
199 266.184270639352
200 267.452842642712
201 267.805038998236
202 269.504637262231
203 270.419155930088
204 271.539359107759
205 272.225326639116
206 273.474988294926
207 274.351342869794
208 276.175093710406
209 277.432106941256
210 278.314854391185
211 278.864993316970
212 279.937264075141
213 281.246236349220
214 282.424286076586
215 283.231796077626
216 284.731538818427
217 285.978386444539
218 286.655324060620
219 288.194233617150
220 289.058514148152
221 289.919226730753
222 290.758359951731
223 291.644845176852
224 293.957582909382
225 294.394341132569
226 295.721386690649
227 296.552233914567
228 297.481368728175
229 298.725600520550
230 299.573679589672
231 301.009821887661
232 301.601351795780
233 303.009327427866
234 304.492177273369
235 305.623987932742
236 306.283826620074
237 307.131230606452
238 308.212882873739
239 309.227152909579
240 310.354190346976
241 312.107339333780
242 312.900287706432
243 313.996088198755
244 314.496686858863
245 316.251839215403
246 316.997714883151
247 318.170981591677
248 318.433331695562
249 320.161412883783
250 321.566656617469
251 322.812854119848
252 323.418814852552
253 324.837646124548
254 325.209048374376
255 326.139192078109
256 327.762919086178
257 328.692908684774
258 329.991934690420
259 330.853484242862
260 332.107279778506
261 333.333390063262
262 333.921091523773
263 335.202056798559
264 336.069508033918
265 336.712901363645
266 338.107721814194
267 340.109779752997
268 340.645424675379
269 341.454861422093
270 342.395698178194
271 343.483024800135
272 344.693785468141
273 345.579335955458
274 346.475286099147
275 348.051216986975
276 348.840520241308
277 350.080663585318
278 351.388683457206
279 352.171900673727
280 352.874688286108
281 353.759142045301
282 354.779056602174
283 356.458017824605
284 357.485910613090
285 358.557845957643
286 359.624359807158
287 360.205404466796
288 361.424255103091
289 362.629581917722
290 363.474759211658
291 364.502106024663
292 365.155444859707
293 367.220596166312
294 368.021828001207
295 369.027139406458
296 369.850456870224
297 370.628290433201
298 372.013380373209
299 372.367683591670
300 374.079520511262
301 375.378078058600
302 376.266954562713
303 377.007420714657
304 378.226740032466
305 379.575935934065
306 380.304955449021
307 380.859603472901
308 382.168784103101
309 383.005816378299
310 384.740546389712
311 385.712708979721
312 386.962003521366
313 387.401821387904
314 388.359718280404
315 389.221831018941
316 390.834923763595
317 391.464943642121
318 392.521950269110
319 393.916231939518
320 394.825495993783
321 396.155614470646
322 396.712647991913
323 398.107869247412
324 398.734689942371
325 399.544175357435
326 400.408168521591
327 402.281362338139
328 403.645911160977
329 403.941793231540
330 404.948833623349
331 406.193726014509
332 406.970452567498
333 408.140189762973
334 409.021584664896
335 409.964454766212
336 411.281306884000
337 412.134649324247
338 413.843204752530
339 414.563544166842
340 415.187762494602
341 416.361874216836
342 416.799998220886
343 418.313443966001
344 419.275004360187
345 420.651743384509
346 421.779493836825
347 422.609826429973
348 423.250469798775
349 424.595533552392
350 425.711291554413
