# L12_chi9c3_q9 zeros 1..350; eps = (0.766044443118978+0.6427876096865394j)
1 5.319575123281
2 7.834671438987
3 9.620772853249
4 12.601813393015
5 15.125930107695
6 16.447228436288
7 18.325315410599
8 20.087036144107
9 22.722178259277
10 24.364628706219
11 25.646432923798
12 27.562845721890
13 28.639074521201
14 31.458098958725
15 32.596681376329
16 34.471575027241
17 35.603855977531
18 36.964044615443
19 38.874921705929
20 40.869280997999
21 42.223870763495
22 43.826090815633
23 44.638803910675
24 46.475451523139
25 47.800453395740
26 49.990271440768
27 51.444643211307
28 52.166004955248
29 54.234511447371
30 54.805673658070
31 56.567448961005
32 58.645247971953
33 59.852225174147
34 61.098947517046
35 62.562412677426
36 63.581312989880
37 64.801233563019
38 66.916933015550
39 68.048204873569
40 69.831548694693
41 70.705265055983
42 71.794745022601
43 73.391355906392
44 74.409928017183
45 76.324724331054
46 77.913072816281
47 78.835368500802
48 80.121950821632
49 81.262056200301
50 82.721181333665
51 83.555655783906
52 86.100012659213
53 86.611077478268
54 88.107163202787
55 89.432681034799
56 90.443141703798
57 91.400953739969
58 93.149174786164
59 94.592978622985
60 96.089064529788
61 97.009667181856
62 98.550083783029
63 99.091947396410
64 100.626896685153
65 101.910201108424
66 103.348961115782
67 105.091822847665
68 105.988206889540
69 106.881770396171
70 108.320554416783
71 109.587378328943
72 110.195453653194
73 112.312625103350
74 113.580565850683
75 114.681827993744
76 115.755306250993
77 117.013714633005
78 118.100260754588
79 118.927923781801
80 120.676537558766
81 122.364891081766
82 122.900490921956
83 124.953469593659
84 125.216672463334
85 126.418122735922
86 127.880103775982
87 128.827698665703
88 130.392373918158
89 131.956857245401
90 132.897307061254
91 133.912322439954
92 135.080326699379
93 136.108341888860
94 137.402548661525
95 138.308029094511
96 140.401275029838
97 141.304591765503
98 142.136010332751
99 143.547842455217
100 144.748453331135
101 145.290488993789
102 146.675466189065
103 148.317162804094
104 149.472780382844
105 150.671600100828
106 151.903536845784
107 152.626478315583
108 154.054348848882
109 154.618232798783
110 156.306869884497
111 157.403832491433
112 158.921124203513
113 160.119280592056
114 160.978823420246
115 161.844353580261
116 163.212076950539
117 164.428282871673
118 164.899893047249
119 167.189856161457
120 167.899554072040
121 169.281298040262
122 169.996120010975
123 171.391352927971
124 172.229006091499
125 173.244577148213
126 174.417227568144
127 176.297306729190
128 177.002798821741
129 178.176435096128
130 179.510067290483
131 180.377509189571
132 180.993414564843
133 182.599848922922
134 183.534849533072
135 184.926193654096
136 186.443259625051
137 187.216612450892
138 188.370902495899
139 189.168191434156
140 190.469977424036
141 191.355351374942
142 192.493927038072
143 193.899828531636
144 195.509278885305
145 196.211703000251
146 196.943843012357
147 198.594503031921
148 199.228179778475
149 200.211391562763
150 201.296857605236
151 203.166860185635
152 203.862500564092
153 205.126497619603
154 206.406370498780
155 206.928983341817
156 208.290037164498
157 209.024754109841
158 210.248558998275
159 211.711460373871
160 212.741150498534
161 214.136427206659
162 214.994287537859
163 216.058420493121
164 216.640896759841
165 218.377204847420
166 218.834518441450
167 220.063081835864
168 221.885795801049
169 222.836180755850
170 223.467562742599
171 224.972966193536
172 225.556177991586
173 226.918376774056
174 227.574594780904
175 228.779569029617
176 230.472429680651
177 231.433763301320
178 232.346731046569
179 233.457035937583
180 234.676851148662
181 235.328892241259
182 236.125377865548
183 237.845577424402
184 238.527581011888
185 240.170358960315
186 241.093811238964
187 242.350156860151
188 242.857054295545
189 244.033488806056
190 245.204748093819
191 245.951262098955
192 247.219601819912
193 248.566057182053
194 249.860904197934
195 250.924678129543
196 251.329444268866
197 252.747217163013
198 253.826573032173
199 254.580950001638
200 255.417419551326
201 257.227439771289
202 258.350490444795
203 259.026158946109
204 260.402199264527
205 261.296027434668
206 262.133550275894
207 263.085765890632
208 264.216391396185
209 265.228099188625
210 266.944721757678
211 267.453145958657
212 268.974847842967
213 269.863926684859
214 270.495597495608
215 271.642772081419
216 272.669649315751
217 273.864410003903
218 274.558119896059
219 276.494272643404
220 277.334335429888
221 277.978806939348
222 279.176284917346
223 280.293665095382
224 280.951955182700
225 282.219434329597
226 282.863740402000
227 284.720095806425
228 285.547209827207
229 286.828969633866
230 287.285931689010
231 288.802236170434
232 289.565375237120
233 290.262469301013
234 291.359936067939
235 292.866801123333
236 293.755665350339
237 294.970418349115
238 296.283729138615
239 296.782542544561
240 297.885183714444
241 298.732025668579
242 299.973060524588
243 300.700328547907
244 301.950887862967
245 303.400852647702
246 304.322483531454
247 305.411365673312
248 306.169951680351
249 306.976704272316
250 308.477736972879
251 309.052445200338
252 309.785521003723
253 311.558328908459
254 312.765905280153
255 313.449698880147
256 314.431855609166
257 315.713004132186
258 316.553596189870
259 317.033803588098
260 318.542994855246
261 319.220338263043
262 320.831634812098
263 321.805017680360
264 322.749475272836
265 323.905916212350
266 324.792719323564
267 325.461668174922
268 326.541168424439
269 327.661528719150
270 328.652638881039
271 329.674934897673
272 331.449001776694
273 331.889799378523
274 332.890467077223
275 333.737268166232
276 335.060400993120
277 335.708599621637
278 336.582590253888
279 337.800411496975
280 339.134885649761
281 340.586775873995
282 340.746206420184
283 342.187118619031
284 342.991881314538
285 344.042367919585
286 344.966847440273
287 345.503860651413
288 347.164310731795
289 348.426049738277
290 348.925399006737
291 350.625204557946
292 351.120225541002
293 352.052328576337
294 353.035115650051
295 353.888815421329
296 355.229080528690
297 355.743517282609
298 357.446254433406
299 358.436902868823
300 359.289369811997
301 360.544079121934
302 360.855354288006
303 362.120944131311
304 363.285815571020
305 363.875955993218
306 364.868875790961
307 366.649852097572
308 367.515808907321
309 368.177743647131
310 369.253530220305
311 370.439219629011
312 371.161561812611
313 371.889087100230
314 372.981606722602
315 374.207356931352
316 375.331006612299
317 376.555213385189
318 377.267587913321
319 378.385954862088
320 379.305700310440
321 380.147783357090
322 380.803937390697
323 382.284759564158
324 382.929136638013
325 384.324048401020
326 385.342505838615
327 386.771970030829
328 387.165807536806
329 387.853540931221
330 389.405354296649
331 389.994596927401
332 390.904946445143
333 391.865556838138
334 393.350437872644
335 394.439654249494
336 395.361384871522
337 396.034228247108
338 397.321800271514
339 397.931886933289
340 399.143390634433
341 399.743102015802
342 400.702924316379
343 402.623074616244
344 402.921308188466
345 404.187068279009
346 405.199557177059
347 406.441527007401
348 406.589263405148
349 407.763585626586
350 408.959457813428
