# L2_chi3_q3: first 1000 nontrivial zeros (ordinates t > 0 on Re s = 1/2, increasing)
# produced by compute_zeros.find_zeros(SPECS[0], 1000): Hardy-Z sign scan (step 0.05 from 0.1),
#   Anderson-Bjorck refinement certified by sign change across +-5e-14 (12+ correct decimals),
#   bottom sweep + smooth-count + gap completeness checks (same machinery as zeros/L2_chi3_q3.txt)
# completeness: smooth-count max |k - N(t_k)| = 1.2412 (tol 2.0); max gap/local-mean-gap = 2.1023 (tol 4.0)
# rescans: bottom [0.1, 8.03973715568] @ 0.01: 0 new
# flags: none
# columns: index ordinate (12 decimal places)
1 8.039737155681
2 11.249206207773
3 15.704619176722
4 18.261997495693
5 20.455770807742
6 24.059414856493
7 26.577868735775
8 28.218164506233
9 30.745040261382
10 33.897388927259
11 35.608412653939
12 37.551796556365
13 39.485207260929
14 42.616379226158
15 44.120572912072
16 46.274118023513
17 47.514104510117
18 50.375138650636
19 52.496749599061
20 54.193843101552
21 55.642558700216
22 57.584056360449
23 60.026857456716
24 62.206078122282
25 63.176992767339
26 65.294925544084
27 66.623134625533
28 69.513022985980
29 70.819798695547
30 72.656149070697
31 74.005428521004
32 75.622406964031
33 78.217481270927
34 79.637975751908
35 81.611987609471
36 82.470252512222
37 84.412286638293
38 86.327646283014
39 88.652617208539
40 89.646402756842
41 91.335610354433
42 92.753464387119
43 94.394358797163
44 96.874252089785
45 98.126454904242
46 99.533489264059
47 101.374963467900
48 102.116361845065
49 104.765375470165
50 106.246061848876
51 107.970316117138
52 109.137603914492
53 110.523351036813
54 112.154771842200
55 114.217148271564
56 115.898142441843
57 117.369750996605
58 118.299418307898
59 120.255182238494
60 121.278841596507
61 123.890490659810
62 125.010783500604
63 126.397312255835
64 128.052677184236
65 128.937236928624
66 130.811369910239
67 133.032449649301
68 133.990862643415
69 135.820891223150
70 136.826373271550
71 138.095359556469
72 139.998280075505
73 141.647847111849
74 143.638477145127
75 144.251663982588
76 145.919629567447
77 147.224230281957
78 148.603136989264
79 150.716489569813
80 152.318529151590
81 153.190716494260
82 154.815216151925
83 156.136480891007
84 157.148381276594
85 159.718252420750
86 160.568314696626
87 162.415075570967
88 163.417951938299
89 164.674326596558
90 166.066252529276
91 167.867728531281
92 169.598284560817
93 170.847483042399
94 172.307630253830
95 173.060233619416
96 174.971359930670
97 175.930081815384
98 178.256167655476
99 179.518833457922
100 180.431386810031
101 182.192116598912
102 183.086900528491
103 184.431819560809
104 186.467254959950
105 188.004432724511
106 189.001067145021
107 190.601924735044
108 191.630396675495
109 192.710197236518
110 194.664864109039
111 196.108458364151
112 197.699606489158
113 199.008858798638
114 199.681423183603
115 201.588006636177
116 202.354900753127
117 204.341566860435
118 206.044349753669
119 207.140302536268
120 208.239005690982
121 209.681812464747
122 210.868807593637
123 211.984134746517
124 214.575936417903
125 214.921126188652
126 216.751745568453
127 217.955809966512
128 218.877069206881
129 220.251865356446
130 221.895406284374
131 223.547587458248
132 224.825568423127
133 226.113045751289
134 227.163954811853
135 228.310362968067
136 229.860320759958
137 231.112666766788
138 233.247327885644
139 234.062185827723
140 235.190183680595
141 236.667423278931
142 237.799847538519
143 238.781519275041
144 240.954621619925
145 242.135551632678
146 243.490322225724
147 244.456220186348
148 246.302824434501
149 246.414896476564
150 248.391247539970
151 250.156285744909
152 251.207296474379
153 252.933350897017
154 253.682825985490
155 254.760087744231
156 256.413288291284
157 257.281084587224
158 259.273197416329
159 260.669022225815
160 261.733190004625
161 262.841360384073
162 264.092725133263
163 265.405491697319
164 266.346768813515
165 268.533404809193
166 269.763347529030
167 270.483792661486
168 272.454700146476
169 272.870099174117
170 274.207589014293
171 275.723203495208
172 277.392264556036
173 278.594783147111
174 280.028875466697
175 280.879711871717
176 282.210884369933
177 283.161229168161
178 284.793205517568
179 286.067176790720
180 287.985725291945
181 288.710102831769
182 289.819631386501
183 291.149716012312
184 292.499400472564
185 293.146157971230
186 295.405273413190
187 296.523783545687
188 297.693253493865
189 298.885852645719
190 300.044241112508
191 301.194849827991
192 302.147793843267
193 304.234598785248
194 305.266717757777
195 306.574640131823
196 308.056416853186
197 308.596026097826
198 309.913165987785
199 311.399712605129
200 312.437670042188
201 314.508985165246
202 315.247800825845
203 316.747867988882
204 317.409990102486
205 318.992901346549
206 319.883553923763
207 321.223850451591
208 323.088370051147
209 324.475072838128
210 324.868227719328
211 326.674899828116
212 327.689912646510
213 328.379149076549
214 330.058076297175
215 331.709835052047
216 332.761085850638
217 334.228126634867
218 335.109040429704
219 336.293879137474
220 337.323117595179
221 338.613733673156
222 340.168912723446
223 341.473818484650
224 343.051787541586
225 343.734835777424
226 344.740561672193
227 346.404559348578
228 347.045134037715
229 348.441096484347
230 350.558843705000
231 351.146432574537
232 352.476789564989
233 353.721305268879
234 354.628808934632
235 355.928715348460
236 356.819583974127
237 358.989504346121
238 359.739911415334
239 361.148528692098
240 362.278726921439
241 363.510631948738
242 363.995810691432
243 365.857127789801
244 366.810722268315
245 368.547133840727
246 369.861768120165
247 370.648477039985
248 371.886714318709
249 372.923515454527
250 374.199650944546
251 375.183325167447
252 376.910142482347
253 378.485366030557
254 379.133570192807
255 380.291499446651
256 381.670934364399
257 382.735773845155
258 383.330610096012
259 385.454292649275
260 386.550910547178
261 387.803689933328
262 388.939389678555
263 390.139296301331
264 390.852647577212
265 392.263672334082
266 393.329782539818
267 395.108282525967
268 396.059958299255
269 397.683354138915
270 398.376731639567
271 399.294253475946
272 400.837915052000
273 401.715988765472
274 402.905540808392
275 404.914695715248
276 405.788360032993
277 406.659595618201
278 408.189888096934
279 408.916642092702
280 410.209277910752
281 411.116552474646
282 412.907615407565
283 414.416948381421
284 414.930404396119
285 416.549594736127
286 417.504355724839
287 418.364395217948
288 419.498294382452
289 421.107918030129
290 422.194139267890
291 423.772624963261
292 424.926356063216
293 425.520636408191
294 426.975994157163
295 427.878234282358
296 429.126152711303
297 430.292288905493
298 432.147158133781
299 432.958752120863
300 434.342453684331
301 434.831358460793
302 436.633939008390
303 437.240633747278
304 438.224425158722
305 440.321387596748
306 441.208822826611
307 442.372384574965
308 443.606860842942
309 444.680293102725
310 445.422088567653
311 446.767324378939
312 447.906425254960
313 449.557184213544
314 450.615416250905
315 451.843221514932
316 453.066725547018
317 453.615470653080
318 454.945688553314
319 456.346117168353
320 457.021726712959
321 459.018258658823
322 460.160709095494
323 460.988498639436
324 461.999304996366
325 463.604752415830
326 463.978674161934
327 465.343832911809
328 466.726573092334
329 468.448664810618
330 469.158857398639
331 470.287125595125
332 471.629920983835
333 472.452455387089
334 473.387149029717
335 474.645084165178
336 476.413118601802
337 477.086028913592
338 479.029199856923
339 479.397399750526
340 480.644243324571
341 481.645003952002
342 482.944800252098
343 483.794626820111
344 485.412781185815
345 486.822151673585
346 487.833171011941
347 488.806150414169
348 489.766281039969
349 491.070330632695
350 492.107637911826
351 492.834775780116
352 495.013420762541
353 495.883345489982
354 496.742536079705
355 498.351512093401
356 498.924013896605
357 500.156392642679
358 501.012730624683
359 502.538024822396
360 503.813553181904
361 505.221533937775
362 506.016591965456
363 507.389099012165
364 508.203118801750
365 509.013551682515
366 510.673742477348
367 511.348064517480
368 513.020293206924
369 514.468974953505
370 515.304217694276
371 516.086082303006
372 517.454404967840
373 518.679457557756
374 519.110018376818
375 520.762433719977
376 522.273360479461
377 523.443104957283
378 524.252099457398
379 525.474818404341
380 526.539841490712
381 527.592583496374
382 528.262503725704
383 530.022610005663
384 531.345648371676
385 532.232306193382
386 533.684664285494
387 534.783291041203
388 535.077318870912
389 536.786232197594
390 537.597789665046
391 538.823099924831
392 540.408352200658
393 541.529179678855
394 542.719632280079
395 543.329992655782
396 544.719584417209
397 545.540824011994
398 546.954129695066
399 547.514148936416
400 549.886372786412
401 550.313229499923
402 551.434020421008
403 552.725481393912
404 553.741671025574
405 554.555424845696
406 555.568488737556
407 557.086266727951
408 558.359720208901
409 559.561131079214
410 560.622316779662
411 561.611436619000
412 562.776533845127
413 563.411234339452
414 564.778748738810
415 566.002418189854
416 567.160114103126
417 568.763784211345
418 569.660789110012
419 570.427235524430
420 571.542230489075
421 572.864741823438
422 573.623631346712
423 574.618600594340
424 576.666951901819
425 577.241364145113
426 578.825482442530
427 579.252099435006
428 580.723462504357
429 581.697930663119
430 582.421657338903
431 583.728323345983
432 585.438930968223
433 586.325972523772
434 587.346965131018
435 588.845210659948
436 589.452212254777
437 590.219773399799
438 591.847627587939
439 592.511309365792
440 594.046423506129
441 595.387834857777
442 596.568630639425
443 597.263172526403
444 598.519454121501
445 599.282929959168
446 600.685631544981
447 601.391687694954
448 602.779414218565
449 604.537000360230
450 605.308202695637
451 606.018025539515
452 607.477809770659
453 608.530187997921
454 609.110818862657
455 610.326116098071
456 611.820501729725
457 613.167410674018
458 613.977779735101
459 615.462489157592
460 616.030328592410
461 617.263806307951
462 618.182155124341
463 619.116880045286
464 620.736877815445
465 621.614733023462
466 623.233523147616
467 624.066579868534
468 625.075156432220
469 625.821347603969
470 627.214045958124
471 628.275647567351
472 628.850993904631
473 630.915168045349
474 631.843928374153
475 632.803827109016
476 633.915155498247
477 634.836787585135
478 636.014122092765
479 636.839451169979
480 637.835216241055
481 639.534953631077
482 640.860142524390
483 641.314227398037
484 642.935319325410
485 643.708609035735
486 644.688621108691
487 645.434227774935
488 647.128706978867
489 647.772009875598
490 649.532560699384
491 650.482832441036
492 651.564652637213
493 652.431415867859
494 653.390960472660
495 654.604883326027
496 655.472156406680
497 656.652317302064
498 658.113022202319
499 659.481616422706
500 660.304736630779
501 660.877547192987
502 662.683273283305
503 663.104820089457
504 664.143188589401
505 665.295480188113
506 667.117093386689
507 667.750455075848
508 669.021889549372
509 670.162919346966
510 670.932498669351
511 671.998189143224
512 672.967932753661
513 673.999612613025
514 675.542027428674
515 676.568465510118
516 677.753945252805
517 679.114248231137
518 679.457730424019
519 680.614831949968
520 681.857395634498
521 682.863815551485
522 683.678371557498
523 685.521930919513
524 686.698428903265
525 687.155694931310
526 688.522361458367
527 689.538454810143
528 690.316922754256
529 691.656943713278
530 692.211338184171
531 694.222190600783
532 695.067503314430
533 696.145992057656
534 697.063341279983
535 698.386535462826
536 699.154427230156
537 699.774747810038
538 701.397563221492
539 702.437468961824
540 703.649457057471
541 705.137170726135
542 705.655724412473
543 707.047573030838
544 707.480103873336
545 709.056486390122
546 709.649387656105
547 710.981919633715
548 712.287305010093
549 713.686576205786
550 714.526968374746
551 715.380634361882
552 716.340350409511
553 717.845190731522
554 718.275506180835
555 719.255766791056
556 721.108971025613
557 722.122423767020
558 723.024989382306
559 724.141419260591
560 725.341336494793
561 725.931461005410
562 727.035984424018
563 728.128048215045
564 729.239698325944
565 731.001759409125
566 731.370607438829
567 733.005518871226
568 733.847907123166
569 734.499622102052
570 735.673139596038
571 736.832480251631
572 737.776420415364
573 738.905172329142
574 740.784507229583
575 741.248475140987
576 742.173885308124
577 743.456250547622
578 744.297341529066
579 745.365040912646
580 746.186205582208
581 747.484484345583
582 749.103567971797
583 749.926778434153
584 750.847313074798
585 751.948226083340
586 753.060214799601
587 753.918575337282
588 754.572475832697
589 756.128191497088
590 757.424055453233
591 758.280218225234
592 759.754022703024
593 760.628277098192
594 761.244442991198
595 762.590827216627
596 763.310055026415
597 764.627954017149
598 765.465839919516
599 767.190142382460
600 768.002165669096
601 769.301302911076
602 769.895842905025
603 770.884345438809
604 772.199966965539
605 773.160129218425
606 773.608576371909
607 775.698522100433
608 776.602972699528
609 777.588500257349
610 778.448018697274
611 780.011815317084
612 780.267741862822
613 781.429909393650
614 782.567119763665
615 783.679333576667
616 785.247352208978
617 785.975114946153
618 787.203339625610
619 788.177582168851
620 789.192241135744
621 789.720063471428
622 791.190558330242
623 792.132813308470
624 793.205733839131
625 794.751527641605
626 795.837869540606
627 796.545573633816
628 797.368960661793
629 798.817579268661
630 799.498504483991
631 800.391783696508
632 801.660976105493
633 803.081893066800
634 804.336196174204
635 804.965886819420
636 806.005984109156
637 807.334594565118
638 807.845902927414
639 809.171746643056
640 809.664449104084
641 811.832048101779
642 812.192079265654
643 813.598314038065
644 814.836322043562
645 815.476468731918
646 816.407788596689
647 817.454194354697
648 818.566664564698
649 819.490018526351
650 820.844507613905
651 822.262041134503
652 822.932476819060
653 824.226372511489
654 824.789544719202
655 825.876852612805
656 827.215822437336
657 827.744823129420
658 828.917699654927
659 830.826110368065
660 831.453282558292
661 832.236063299328
662 833.615090882618
663 834.389932191764
664 835.552294753442
665 836.009858284760
666 837.479926529859
667 838.731023174739
668 839.889142165898
669 841.018290114090
670 841.757200096450
671 843.043903097567
672 843.843452384273
673 844.477921167594
674 845.946604525774
675 846.850385342525
676 848.116138601968
677 849.374914199348
678 850.530862501207
679 851.318285856069
680 851.880607873326
681 853.515344853544
682 854.138928785724
683 854.988645433247
684 856.362357597672
685 857.820451667671
686 858.762864242916
687 859.636559232824
688 860.637080202758
689 861.631140116717
690 862.733061471326
691 863.403248195245
692 864.425313961160
693 866.077872419824
694 867.255797767925
695 867.711391231470
696 869.424365871552
697 869.963062374579
698 870.903927953411
699 871.768963749517
700 873.184937293163
701 873.796431443151
702 875.412881983974
703 876.391390426461
704 877.805797563287
705 878.126061113268
706 879.436386642992
707 880.269764212131
708 881.216569943462
709 882.654627657992
710 882.936766217515
711 884.986202165077
712 886.050010385255
713 886.490360621384
714 887.729524107572
715 888.793807302351
716 889.791799742808
717 890.416971656244
718 891.499873735218
719 893.154627335617
720 893.926309271054
721 895.340624038029
722 895.944278082235
723 897.189812189265
724 898.023334796059
725 898.896518374639
726 899.814573277023
727 901.117846188228
728 902.272521106474
729 903.332333703569
730 904.682856013457
731 905.477057583609
732 906.215910282841
733 907.188845706029
734 908.476766316428
735 909.293614674450
736 910.018332827263
737 911.971959523067
738 912.640113733583
739 913.888133073199
740 914.563425671581
741 915.661288136119
742 916.657866501464
743 917.665398152686
744 918.283398327355
745 919.719800876666
746 921.218943056752
747 922.079003713381
748 922.722518264277
749 924.316929861509
750 925.051520255144
751 925.475290591447
752 926.944107838891
753 927.818815159792
754 929.082823412202
755 930.201667737784
756 931.563243680271
757 932.204067306596
758 933.297953032781
759 934.064720064180
760 935.197369533351
761 936.033294883536
762 937.233823150348
763 938.130035115951
764 939.875781924141
765 940.609473196404
766 941.488780781108
767 942.276724982301
768 943.734720712833
769 944.359548757486
770 945.142827217580
771 946.333746688035
772 947.931334062018
773 948.796831807700
774 949.680997879791
775 951.060637762851
776 951.545821515998
777 952.692826634655
778 953.700530925684
779 954.312506654076
780 955.866460538245
781 956.962043956868
782 957.951382688978
783 959.285754080841
784 959.943390887362
785 961.089969607865
786 961.513983892967
787 963.059276369567
788 963.930897373974
789 964.565300226897
790 966.507613997161
791 967.292440712657
792 968.225379816934
793 969.227158867881
794 970.049469782022
795 971.272988455016
796 971.942753022484
797 972.960228686856
798 974.084860237580
799 975.855995397154
800 976.298341712183
801 977.386315353866
802 978.400250646038
803 979.713379409373
804 980.032372995224
805 981.004775718927
806 982.442441268077
807 983.372491804308
808 984.637957868755
809 985.745264352063
810 986.775514173501
811 987.513013293735
812 988.507976030954
813 989.370524175027
814 990.597016345264
815 991.238432923407
816 992.720150187372
817 993.748580930936
818 995.203039047334
819 995.847256676027
820 996.359601776225
821 997.997986701464
822 998.523152054573
823 999.748908071233
824 1000.219446154981
825 1002.066423941195
826 1003.259355080664
827 1003.711969092642
828 1005.064773374228
829 1006.109200139996
830 1006.633079143350
831 1007.931783120937
832 1008.560886719612
833 1009.755946314072
834 1011.210487703971
835 1012.093279992430
836 1013.153044691380
837 1014.268715758306
838 1015.170888423674
839 1015.759074771730
840 1016.855166302097
841 1018.167836827861
842 1018.745053939815
843 1020.054419195665
844 1021.698795994583
845 1022.267841945875
846 1023.080746002650
847 1024.268282308694
848 1025.135859352347
849 1026.028832212505
850 1027.128011290504
851 1027.798210113072
852 1029.565375894752
853 1030.469330625496
854 1031.534803519117
855 1032.155079373223
856 1033.420415854857
857 1034.451577030341
858 1035.024584714718
859 1035.866812371340
860 1037.571402110307
861 1038.258996668397
862 1039.684876820944
863 1040.477374305724
864 1041.747311852314
865 1042.292787835505
866 1043.182901170051
867 1044.482160338277
868 1045.111515938034
869 1046.323863083078
870 1047.576933413483
871 1048.726006759266
872 1049.761494290577
873 1050.731742526304
874 1051.181529944343
875 1052.521907551050
876 1053.642893815551
877 1054.124980739211
878 1055.221522197407
879 1056.994241804127
880 1057.814371558278
881 1058.544310178663
882 1059.722089134092
883 1060.683182927032
884 1061.670947267698
885 1062.153093054789
886 1063.590379186254
887 1064.320359338384
888 1066.058675612491
889 1066.708926770677
890 1067.722476056775
891 1069.057434634964
892 1069.544959357984
893 1070.544478375858
894 1071.429232099828
895 1072.595559303083
896 1073.646539075411
897 1074.563997972105
898 1076.357463508132
899 1076.779586572376
900 1077.696257369104
901 1078.682741822152
902 1079.813840789412
903 1080.510328004055
904 1081.604821681330
905 1082.419111278600
906 1084.115598351958
907 1084.940059612516
908 1086.062890689826
909 1086.665715733112
910 1087.812739866778
911 1088.923980005516
912 1089.583857446054
913 1090.324004641102
914 1091.776134101123
915 1093.335557079885
916 1093.537958815853
917 1095.170342487985
918 1096.003506899727
919 1096.734332231484
920 1097.754237829100
921 1098.545343951686
922 1099.850492236276
923 1100.499187411829
924 1102.023168229060
925 1103.068485989999
926 1104.079470349787
927 1104.934993867851
928 1106.026046627550
929 1106.367206748907
930 1108.253408497397
931 1108.387000667562
932 1109.456744070637
933 1111.136612959334
934 1112.205279826472
935 1113.058431800574
936 1113.657883396596
937 1115.127439535876
938 1115.897530638027
939 1116.482576877646
940 1117.672572575256
941 1118.689880849221
942 1120.019645503411
943 1121.224215461249
944 1121.835830711083
945 1123.061136480413
946 1123.983178102447
947 1124.770469667073
948 1125.586541360683
949 1126.644136122498
950 1127.885111778417
951 1128.762442030696
952 1130.069209732966
953 1131.279024909190
954 1132.002814934240
955 1132.621253476926
956 1133.818192052219
957 1134.960346534894
958 1135.487639151724
959 1136.578705811677
960 1137.940688662712
961 1139.141688826627
962 1140.255228811444
963 1140.607481834181
964 1142.073913151118
965 1142.627217346517
966 1143.915622633814
967 1144.550474070573
968 1145.358922799706
969 1147.233786950920
970 1147.955666068218
971 1148.768205516914
972 1150.166065458759
973 1150.876313783235
974 1151.682220162912
975 1152.616433799633
976 1153.550048345709
977 1154.785133418192
978 1155.567784360057
979 1157.157343550216
980 1157.929071531821
981 1158.878137520166
982 1160.125580174569
983 1160.340643019174
984 1161.696030250731
985 1162.632306909882
986 1163.617398033861
987 1164.388319374587
988 1166.342697906321
989 1166.781249241369
990 1167.908303691738
991 1168.506916293912
992 1169.961470312333
993 1170.575986910939
994 1171.430636210640
995 1172.314652655378
996 1173.789811077865
997 1174.825609925990
998 1175.877299086723
999 1176.846462572654
1000 1177.582547233852
