# chi3 zeros 1..100 at ~40+ decimals (Newton at dps 60)
1 8.03973715568146668171362321417296580279301027
2 11.2492062077729352497050256788632146486959268
3 15.7046191767216255651655508804327807582048029
4 18.2619974956931275689244140935948651201930386
5 20.4557708077424928534450258313131026704439633
6 24.0594148564934507745930535932129647862605968
7 26.5778687357745853145843509375340769341855097
8 28.2181645062333860931830297603107705648142583
9 30.7450402613824957378082418105061713503695279
10 33.8973889272594190176778740330052395794468918
11 35.608412653938634654812910128031714191607065
12 37.5517965563646270198604464577036637576799176
13 39.485207260929350767366292660039341907048435
14 42.616379226157567574322806851480066447141998
15 44.1205729120722024420244045930969996263296218
16 46.2741180235131400851048716601411601663991303
17 47.5141045101173221149363569968595955002548774
18 50.3751386506362659828219173414494291477562254
19 52.4967495990607536672882221717895981369763813
20 54.1938431015519135786018683035347947508506707
21 55.6425587002162213738564033666295577893341535
22 57.5840563604491837814865894882262645076262528
23 60.0268574567159022352614907721736966737240981
24 62.2060781222821364868696458801356158614455174
25 63.1769927673391082911831183881181922206237259
26 65.2949255440837120331285381106466182219059912
27 66.6231346255329300596585374172857719563068183
28 69.5130229859799959341968373725478993409087355
29 70.8197986955471496367959721046036908415876186
30 72.6561490706966648568943575873857292904336248
31 74.0054285210041896933088088400566501351078069
32 75.6224069640307096832584766909751411335027062
33 78.2174812709266098430193390790621667499127289
34 79.6379757519078020164117484105041664801118002
35 81.6119876094714469223642343236395452317537236
36 82.4702525122219579464894764848141390311841966
37 84.4122866382934090878445527560049320670586817
38 86.3276462830141479391226407936643256118457486
39 88.6526172085393908232687442437282383543700138
40 89.6464027568417001125531326889610392304188297
41 91.3356103544330823325608964644512291376707037
42 92.7534643871191581751072587835742793555865645
43 94.3943587971633775779343178070362397646292802
44 96.8742520897853082683672743374510652912687799
45 98.1264549042419121314552499961790003751650597
46 99.5334892640586055101529186295704703478254042
47 101.374963467900018957570941464886557395412561
48 102.116361845064920790422393771022791839006989
49 104.765375470164518760615438600232207663497352
50 106.246061848876376740293298104138788705048208
51 107.970316117138102741247774826820098356635414
52 109.13760391449175737784651484262712020993152
53 110.523351036813351028380396867864362300814791
54 112.154771842199969474797953337620345775638344
55 114.217148271564252355887014899745930084018705
56 115.898142441843139109266839105725421890978832
57 117.369750996605359971226925344106213527863833
58 118.299418307897605362943383629159741740810301
59 120.255182238494447330436305744614586787595638
60 121.278841596507372881566026228914365179933749
61 123.890490659809631867010293489049825169604794
62 125.010783500604025438712027158389062243626325
63 126.397312255835030130681903494892594895434955
64 128.052677184236142051808846249450463565788943
65 128.937236928623780151285437824300033404877523
66 130.811369910238557029437426886804149693305436
67 133.032449649300534162141171866100996145897705
68 133.990862643415321641574578328199768312768194
69 135.820891223149538939934409875869827312198561
70 136.826373271550017252313129787307185449291089
71 138.095359556468882092586898367656061842746386
72 139.998280075504511255504283830737644842387321
73 141.647847111848760730631584645699969234559964
74 143.638477145126742234085970254506623817315942
75 144.251663982588466004577138299844035729428263
76 145.919629567446783653840804733356492922344775
77 147.224230281956715590385679834555027827777285
78 148.603136989263800618175149727440468492055301
79 150.716489569812798947441085719360771601071565
80 152.318529151590303042252910852057710379426677
81 153.190716494260005365389627614885417497896945
82 154.815216151925169333629572945046036831522587
83 156.13648089100722131858454386585940490050126
84 157.148381276594473016085055684747083218239361
85 159.718252420750466634184123964476359071917917
86 160.568314696625827186881313111656635238573815
87 162.415075570967196367678406155468008810846762
88 163.417951938298530800750264837408256668554917
89 164.674326596558228336510175978176163484073873
90 166.066252529275645631115903535652932345988411
91 167.86772853128119738245839613020339945565586
92 169.598284560816616281742963130183656960801589
93 170.847483042399128316482810590852669239268162
94 172.307630253830302120939341435116867220508047
95 173.060233619416215890771187706689339755346837
96 174.971359930670042161637111949290031455819698
97 175.930081815384251753407242127819316292367319
98 178.25616765547602505135813674409697168799608
99 179.518833457921559134834237838777470313195938
100 180.431386810030894271673524569824011163277079
