# chi4 zeros 1..2000 (certified, compute_zeros machinery)
1 6.020948904698
2 10.243770304167
3 12.988098012312
4 16.342607104587
5 18.291993196124
6 21.450611343983
7 23.278376520460
8 25.728756425089
9 28.359634343025
10 29.656384014593
11 32.592186527117
12 34.199957509213
13 36.142880458303
14 38.511923141719
15 40.322674066691
16 41.807084620005
17 44.617891058662
18 45.599584396792
19 47.741562280939
20 49.723129323783
21 51.686093452871
22 52.768820767805
23 55.267543584699
24 56.934374055202
25 58.116707110674
26 60.421713949008
27 62.008632285768
28 63.714641118785
29 64.976170573096
30 67.636920863546
31 68.365884503834
32 70.185879908802
33 72.155484974382
34 73.767635521486
35 75.143121647433
36 76.696303203430
37 78.809998314321
38 80.210131238367
39 81.213951626883
40 83.666656014471
41 84.731740363782
42 86.577660168390
43 87.629718119588
44 89.801131616696
45 91.349703814698
46 92.237499910454
47 94.166619585960
48 96.136011161781
49 96.961741579417
50 98.755300415755
51 100.134886703068
52 102.141380826890
53 103.288075381679
54 104.333269844267
55 106.694458908896
56 107.690206975147
57 109.259942973928
58 110.499608176429
59 112.367816744012
60 113.814795548993
61 115.142369647649
62 116.193204658461
63 118.537554378847
64 119.452989876209
65 120.731293618660
66 122.447461379069
67 123.794548760320
68 125.768519559916
69 126.298776024941
70 127.959407683063
71 129.885623358645
72 131.093578754084
73 132.143576600988
74 133.744181463975
75 135.490837252557
76 136.547312267283
77 138.457294509696
78 138.750177704611
79 141.253632509752
80 142.394417522198
81 143.329062741618
82 144.978166277711
83 146.522005284908
84 147.934530812181
85 149.188457717303
86 150.296359001543
87 151.961987670484
88 153.699612623515
89 154.575491428720
90 155.650248663243
91 157.748305307903
92 158.705021125529
93 160.236484096771
94 161.407146976157
95 162.566046689599
96 164.731164616577
97 165.401419285863
98 166.753879169108
99 168.044420781710
100 170.051131187527
101 170.734766994579
102 172.280481771621
103 173.442978836135
104 174.915088085401
105 176.597302141918
106 177.701212574574
107 178.362374908986
108 180.569310385286
109 181.614913731704
110 182.916768328969
111 184.115032375368
112 185.373996607700
113 187.068760590694
114 188.271374332271
115 189.491731492129
116 190.371187610756
117 192.361137876056
118 193.797072926147
119 194.231883229361
120 196.132005654684
121 197.113446221576
122 198.806475736147
123 200.162039428699
124 200.901617870769
125 202.260577995932
126 204.221070780158
127 204.992003455098
128 206.411911047611
129 207.317377481888
130 209.227752492648
131 210.103185517399
132 211.833411820424
133 212.537607537213
134 213.761842101278
135 215.793818382016
136 216.703415266203
137 217.581931418038
138 219.172670566944
139 220.405621710637
140 221.928548507254
141 223.003103180629
142 224.122238487947
143 225.293261475205
144 226.988188488375
145 228.405506297436
146 228.959023632675
147 230.330130577805
148 232.100481747069
149 233.048063745299
150 234.351787701833
151 235.836218771141
152 236.241560494476
153 238.537113049983
154 239.338488135620
155 240.626711169393
156 241.477920928211
157 243.228931179739
158 244.513168583588
159 245.564881380114
160 246.724058534725
161 247.995118582738
162 249.184508964885
163 251.086563150456
164 251.636915839614
165 252.623445779668
166 254.314437350123
167 255.837918049742
168 256.504584947348
169 258.165262850351
170 258.834470523525
171 260.430472134926
172 261.913614987650
173 262.883617342461
174 264.054257888128
175 264.932859141220
176 267.000651199715
177 267.801446984602
178 268.783306062048
179 270.278087167482
180 271.254983694449
181 272.755878601693
182 274.171458312519
183 275.033101236580
184 275.858946011083
185 277.772322638319
186 278.803683887287
187 280.157144870975
188 280.793106949409
189 282.379640463561
190 283.604543433883
191 284.925595823417
192 286.080233307717
193 287.149424648242
194 287.978476263321
195 290.252146995175
196 290.677296323261
197 291.832024588845
198 293.202434177473
199 294.327268451460
200 295.803470824719
201 296.900666138855
202 298.078874114892
203 298.870320307078
204 300.434459850535
205 301.919842528597
206 302.917937583117
207 303.661118040334
208 305.065208865419
209 306.795133963712
210 307.286084936715
211 309.122483030423
212 309.739907613975
213 310.823674960945
214 312.556366867561
215 313.877942455068
216 314.433165169289
217 315.734986124927
218 317.012318042233
219 318.456217256355
220 319.579691297035
221 320.406303644493
222 322.001967804490
223 322.539117423792
224 324.518444673724
225 325.474784044106
226 326.458541219865
227 327.259931766512
228 329.200097937579
229 330.036049590346
230 331.211402899582
231 332.572946528233
232 333.181508328694
233 334.768699894679
234 336.152717554433
235 337.139663054777
236 338.226282686037
237 339.011252615200
238 340.841952352353
239 342.026153183365
240 342.685858237359
241 344.083666156569
242 345.209775341346
243 346.262760467102
244 347.924648114363
245 348.981798388547
246 349.434342456600
247 350.977213109309
248 352.391768243125
249 353.693333325683
250 354.301737741464
251 355.744440262597
252 356.627647213767
253 358.288275092942
254 359.096461192606
255 360.711041024559
256 361.197493036208
257 362.276968893167
258 364.419724431835
259 364.803736092112
260 366.049689518269
261 367.125534935075
262 368.433814889808
263 369.501693331896
264 371.069016090565
265 371.770095915150
266 372.884860886591
267 373.934868915462
268 375.546874727008
269 376.683900937975
270 377.559223274185
271 378.386929045762
272 380.057073182314
273 381.048670123035
274 382.239766419016
275 383.485092354203
276 384.372845681681
277 385.215227671810
278 387.149209287631
279 388.082142477715
280 388.777717961853
281 390.169112628897
282 391.081925719961
283 392.851762913362
284 393.443407711011
285 394.819997091794
286 395.804609603418
287 396.734455422549
288 398.250415976738
289 399.565510922143
290 400.692875768712
291 400.826430942255
292 402.818318458900
293 403.907405043484
294 404.945586220612
295 406.161247797888
296 407.145015561887
297 408.039526672954
298 409.588213120836
299 410.871662863483
300 411.660571450853
301 412.731146957583
302 413.669285395296
303 415.429295872921
304 416.370591226616
305 417.129270213613
306 418.557476726827
307 419.487459422307
308 420.528953897983
309 422.510373029580
310 422.687254605134
311 424.066895492738
312 424.823388820005
313 426.732417008649
314 427.384017811342
315 428.698107954067
316 429.589385972485
317 430.617557835896
318 432.060772515970
319 433.037443119578
320 434.439352398953
321 435.348154160343
322 435.904163677450
323 437.582219399193
324 439.158108255197
325 439.537569445176
326 440.677227899855
327 442.169739917182
328 442.777044291222
329 444.438290507889
330 445.463739168413
331 446.448331621937
332 447.302008904811
333 448.506931088658
334 450.056620306918
335 451.070775905425
336 451.839972460977
337 452.879869538279
338 454.253514329354
339 455.422497421379
340 456.392498176649
341 457.782550501735
342 458.602132213340
343 459.232883374029
344 461.229860089685
345 462.093262103951
346 462.984574325851
347 464.074350134387
348 465.084496147604
349 466.565294070755
350 467.469878437025
351 468.852763450972
352 469.410153424018
353 470.850118898187
354 471.558488620326
355 473.449639415461
356 474.251661331198
357 474.862403416340
358 476.106908836422
359 477.524504888667
360 478.585174878090
361 479.563790858924
362 480.853431155415
363 481.635725155084
364 482.560089556220
365 484.373451762986
366 485.024407684857
367 486.433852215022
368 486.860821172527
369 488.201746375389
370 489.727584131497
371 490.725911864196
372 491.381656786790
373 493.008423782597
374 493.482083562986
375 494.840881854819
376 496.264596172215
377 497.514650230783
378 497.764550541258
379 499.021411746317
380 500.597773931526
381 501.470600996472
382 502.775458195536
383 503.466430549622
384 504.654124961431
385 505.739139439563
386 506.940053081678
387 508.298673685162
388 509.017744547113
389 510.163388567594
390 510.789757306407
391 512.829907982419
392 513.523603253455
393 514.223717529729
394 515.800889499231
395 516.411584547120
396 517.735975415498
397 519.016986672415
398 520.167292715260
399 520.872667783021
400 521.841481363615
401 523.120986253099
402 524.602934326171
403 525.360948828423
404 526.404135942231
405 527.200666147475
406 528.755645244318
407 529.579467899654
408 530.842335853778
409 532.055495939794
410 532.815358474646
411 533.508383228707
412 535.330957786315
413 536.335200439569
414 537.227107044987
415 538.026826770333
416 539.450819996046
417 540.220384197939
418 541.907599138114
419 542.462563061116
420 543.696092760349
421 544.785461264317
422 545.383442847239
423 547.187258082853
424 548.217679158056
425 548.943532318786
426 549.822639673721
427 551.119867403315
428 552.614795665226
429 553.034345058515
430 554.734801138318
431 555.381062032172
432 556.218689984231
433 557.562546522718
434 558.989683695929
435 559.789420852530
436 560.824185809752
437 561.579552852495
438 562.884918855125
439 564.375152251820
440 565.000010036537
441 566.121867806381
442 567.295583168317
443 568.092673667729
444 569.181680299434
445 570.934821531253
446 571.526840059248
447 572.240067758847
448 573.468181834449
449 574.731873613463
450 575.955557587145
451 576.798420970160
452 577.869362405310
453 578.901696573392
454 579.747418739431
455 581.248096442861
456 582.192370948182
457 583.351349314551
458 584.341799150617
459 584.662080711478
460 586.855128396000
461 587.363530089934
462 588.571741152541
463 589.366144575314
464 590.794446209378
465 591.322226552667
466 592.855302557494
467 594.116707762474
468 594.796809254262
469 595.668258507199
470 596.824141744650
471 598.088888745733
472 599.536729742477
473 599.899728686505
474 601.093915602816
475 602.134674465439
476 603.388979582488
477 604.293814846851
478 605.657211641386
479 606.596061539311
480 607.259225962844
481 608.263762769864
482 610.048741577270
483 610.875426492555
484 611.435652200991
485 613.003677066867
486 613.493458367671
487 614.973836698571
488 616.120801041654
489 616.988074234104
490 618.275844943959
491 618.785027484567
492 619.974871126388
493 621.398865412799
494 622.569382107109
495 623.328788593478
496 623.907597822063
497 625.552890517290
498 626.455609450306
499 627.493450467570
500 628.824833260083
501 629.522031660618
502 630.517965251824
503 631.417302392834
504 633.274115330677
505 633.660398646499
506 634.970114818588
507 635.634150165453
508 636.771614382137
509 638.175248891088
510 639.208784292617
511 639.915707252986
512 641.238042271647
513 642.151094119368
514 642.801767919869
515 644.604213070898
516 645.499509795839
517 646.299780202542
518 647.057489619445
519 648.396815869712
520 649.653108319206
521 650.541342416259
522 651.582296113387
523 652.839813697533
524 653.155988421160
525 654.822778564816
526 655.625704153246
527 657.245080496734
528 657.673907415059
529 658.599454552272
530 659.672167317610
531 661.222125495320
532 662.164713040434
533 662.779785948687
534 664.081757224672
535 665.224225514894
536 665.675156603787
537 667.462712628405
538 668.405646074293
539 669.145926513731
540 670.163613657263
541 671.043683395202
542 672.594045553293
543 673.514228881811
544 674.483988285832
545 675.272377628039
546 676.438700659701
547 677.521349763268
548 678.563794443853
549 679.768354241541
550 680.901923971747
551 681.409866527380
552 682.296378561175
553 684.193846750539
554 684.777196837084
555 685.781032433737
556 686.820614884037
557 687.725268100151
558 688.891994402781
559 689.942534643196
560 691.350709867036
561 691.805460586503
562 693.114842704988
563 693.734974763046
564 695.070273481262
565 696.655993907489
566 697.151376235906
567 697.816345869761
568 699.298302511462
569 700.133026751261
570 701.457381659899
571 702.240589338892
572 703.657637944008
573 704.299666103531
574 704.938584970642
575 706.571510333602
576 707.727326138354
577 708.475115309069
578 709.530587303471
579 710.287460248976
580 711.483704590727
581 712.950872084232
582 713.465509027688
583 714.767318340201
584 715.679694355415
585 716.578245107379
586 717.434962065884
587 719.276529164341
588 719.761302412726
589 720.851126750008
590 721.396540372782
591 723.040173172923
592 723.820758924333
593 725.028120639698
594 726.086723650264
595 726.784824203764
596 727.955481200985
597 728.765513685121
598 730.229608195175
599 731.297626712972
600 731.978790608429
601 733.073461604171
602 733.684486845149
603 735.545608657333
604 736.242215400506
605 736.963124669278
606 738.398014422053
607 739.147547927390
608 739.921080426006
609 741.428642292684
610 742.514928190808
611 743.448136241724
612 744.014708850613
613 745.171758726037
614 746.448568996654
615 747.520756143579
616 748.650981138333
617 749.134087772836
618 750.445751097656
619 751.353095013148
620 752.475139459451
621 753.557203543943
622 754.960934263307
623 755.310741946425
624 756.141311190820
625 757.580088433882
626 758.964039423002
627 759.568351578876
628 760.447132290546
629 761.773976564205
630 762.399481035528
631 763.597956042659
632 764.954791276375
633 765.736205557739
634 766.641929461508
635 767.874051658556
636 768.169351665461
637 770.186716534787
638 770.825807171182
639 771.788443716040
640 772.604029475412
641 773.679848244429
642 775.086928209927
643 775.554410671057
644 777.159131907866
645 777.978969874713
646 778.655985614204
647 779.566109459638
648 781.090675347974
649 782.074559528331
650 783.053565108184
651 783.726172787534
652 784.855540927562
653 785.829234175320
654 787.207446996009
655 787.961027609241
656 789.000960641945
657 790.138621214524
658 790.755634969823
659 791.746177736179
660 793.476255101494
661 794.195927957481
662 794.837344687792
663 795.827521973208
664 797.146311585276
665 797.983411763207
666 799.365498676363
667 799.934487046094
668 801.465127820779
669 801.667539127743
670 802.933267921251
671 804.345354400699
672 805.160010567276
673 806.480609726966
674 806.836233070477
675 807.791176458895
676 809.379423957393
677 810.325367364452
678 811.027286291646
679 812.295527828718
680 813.125365832876
681 814.027478987478
682 814.982951355499
683 816.653270454376
684 817.338222090617
685 817.860967112849
686 819.203169478287
687 819.963706450245
688 821.526012608288
689 822.212171539380
690 823.325781091991
691 824.006428242269
692 825.290936735525
693 826.021369060153
694 827.307034373933
695 828.466282318120
696 829.374656077635
697 830.046353339161
698 830.838652026625
699 832.536017175937
700 833.457220843201
701 834.069212578679
702 835.266672432626
703 836.360168877460
704 836.861645388417
705 838.407290338976
706 839.351807855750
707 840.351685717585
708 841.383732455791
709 841.812070128326
710 843.196161445464
711 844.408796092107
712 845.643966954126
713 846.018181992010
714 846.989125043127
715 848.446431367020
716 849.044878393387
717 850.233649386202
718 851.647790955569
719 852.089923215100
720 853.273711596867
721 853.757671005465
722 855.468503741034
723 856.459256594856
724 857.161587916231
725 858.178476321860
726 859.135520351814
727 860.002450375497
728 861.605546236624
729 861.992312176985
730 863.394869684619
731 864.195300188731
732 865.074637073070
733 865.832148857624
734 867.581300509457
735 868.446861847155
736 868.917954882861
737 870.062636305393
738 871.037628004821
739 872.334752630535
740 873.037737135594
741 874.347462957129
742 875.313270027673
743 875.818840042146
744 877.018574251542
745 878.079627209127
746 879.390259850392
747 880.228437383150
748 881.092729773621
749 881.690382800090
750 883.164084791009
751 884.137743482070
752 885.442820222338
753 885.662323586248
754 887.420874939068
755 887.835644777695
756 888.616159812897
757 890.412279666723
758 891.152498853406
759 891.986558631814
760 892.848588532624
761 893.791294152523
762 895.042331305350
763 896.160383995805
764 896.972852565280
765 897.983903017804
766 898.808207222064
767 899.876422467847
768 900.798433388475
769 902.053044418112
770 903.156213393612
771 904.054611845290
772 904.331242442238
773 905.745583886049
774 907.332475488636
775 907.654132311350
776 908.851550520846
777 909.842653947642
778 910.727833337388
779 911.583058857955
780 912.835155891637
781 914.046735333604
782 914.817130096928
783 915.535048223605
784 916.678845863031
785 917.429449412407
786 919.168227718266
787 919.799751584009
788 920.351079480051
789 921.731055852310
790 922.516767416199
791 923.590799660613
792 924.602986529278
793 925.887981197395
794 926.627360564387
795 927.459707902930
796 928.089522757581
797 930.026997239648
798 930.365172517123
799 931.681484550813
800 932.399025969345
801 933.294925338124
802 934.407463399503
803 935.473917374876
804 936.566290188620
805 937.404065751185
806 938.552880147051
807 939.181797947908
808 939.990333457811
809 941.638427884374
810 942.547091672883
811 943.359948113092
812 943.874270122162
813 945.418346730394
814 946.099260644765
815 947.255985964973
816 948.362235377022
817 949.354381026560
818 949.986003750145
819 951.020065729772
820 951.947243766839
821 953.467234047740
822 954.176794409542
823 955.016446764223
824 955.992330434741
825 956.704335777142
826 958.309288608942
827 959.068335612784
828 959.787142864356
829 961.294725664834
830 961.825060162423
831 962.507949781804
832 963.930737180022
833 965.174471392686
834 966.058449220799
835 966.533242453308
836 967.656742088190
837 968.760049816240
838 969.785092051254
839 970.938198200708
840 971.727056157373
841 972.612033658999
842 973.632982243672
843 974.507961170259
844 975.535030414261
845 977.065326228358
846 977.501738088160
847 978.631397187993
848 979.018260477512
849 980.612506257209
850 981.788839817893
851 982.304426851481
852 983.505700736090
853 984.371506423567
854 985.478425919997
855 985.893269375105
856 987.849679975978
857 988.187398103788
858 989.355526739659
859 990.329823895669
860 990.777028049367
861 992.269808242506
862 993.560470970163
863 994.064610962679
864 995.089293542702
865 996.008850590176
866 997.062365980776
867 997.988373483880
868 998.968921593897
869 1000.528826209219
870 1000.911036811541
871 1001.541090269410
872 1002.799865030360
873 1004.000415342879
874 1005.119756097663
875 1005.805231386311
876 1006.700588317638
877 1007.844850161654
878 1008.466563105144
879 1009.882244266586
880 1010.725168031663
881 1011.815627350499
882 1012.623314409938
883 1013.701721775241
884 1014.020955690821
885 1015.843134793875
886 1016.862443583820
887 1017.360273197732
888 1018.226474894012
889 1019.552943254378
890 1020.225161544751
891 1021.422633281180
892 1022.434313083728
893 1023.513247228180
894 1024.263786608856
895 1024.965329717244
896 1026.068850349604
897 1027.508244201348
898 1028.146144607072
899 1029.395707025505
900 1029.845828289279
901 1030.760522599457
902 1032.369561057881
903 1032.841880220255
904 1034.084314732733
905 1035.012533003035
906 1035.943301210421
907 1036.740567218946
908 1037.485062958608
909 1039.294499471366
910 1039.903143644920
911 1040.580791546796
912 1041.570647439208
913 1042.659643808923
914 1043.532510322213
915 1044.864585069400
916 1045.622916946198
917 1046.464991832952
918 1047.742780523125
919 1048.063287719565
920 1049.440689236941
921 1050.471662181942
922 1051.882481996252
923 1052.143257203601
924 1053.054495978229
925 1054.070313515576
926 1055.496368549076
927 1056.338597580832
928 1056.973574937430
929 1058.385002041042
930 1059.045985259322
931 1059.730544959495
932 1061.027050951199
933 1062.251434451064
934 1063.036564735791
935 1064.003835687379
936 1064.586154773366
937 1065.709361896568
938 1066.892820612945
939 1068.037699620467
940 1068.784253033111
941 1069.479598332649
942 1070.696499989074
943 1071.720819427598
944 1072.205664611084
945 1073.984942805255
946 1074.553783375071
947 1075.535615680117
948 1076.129589327569
949 1077.193791496714
950 1078.705566144547
951 1079.396640032567
952 1080.160425447933
953 1081.498052423583
954 1081.898547571825
955 1083.071939260649
956 1084.228296885047
957 1085.153107262940
958 1086.212016503801
959 1087.054275858403
960 1087.864913964206
961 1088.518851573554
962 1090.321333637853
963 1090.897860341901
964 1091.990548289177
965 1092.391553998078
966 1093.922656807887
967 1094.499403012654
968 1095.644464656205
969 1096.731139346624
970 1097.883567675462
971 1098.428198267897
972 1099.184146283414
973 1100.408854279289
974 1101.473074643960
975 1102.644803780058
976 1103.518761474855
977 1103.888078982476
978 1105.297902700469
979 1106.020508275284
980 1107.468081299178
981 1107.989738822486
982 1109.163446157444
983 1110.280293610102
984 1110.752437540473
985 1111.541221032520
986 1113.303888878400
987 1114.169234884178
988 1114.529046469834
989 1115.905285673466
990 1116.415606105396
991 1117.784368424099
992 1118.656247704409
993 1119.721905265607
994 1120.720467808890
995 1121.376370149051
996 1122.438671794623
997 1123.222073413022
998 1124.429171512700
999 1125.743723807780
1000 1126.320398051379
1001 1127.083280078730
1002 1127.902909434206
1003 1129.320059094537
1004 1130.283813040861
1005 1130.958362312340
1006 1132.200308299893
1007 1132.986075763794
1008 1133.850101252200
1009 1134.588675706670
1010 1136.035973996307
1011 1137.206704379663
1012 1137.563760330889
1013 1138.678870177579
1014 1139.503961016192
1015 1140.454984697451
1016 1141.895777280957
1017 1142.687515114598
1018 1143.239983292618
1019 1144.511415316005
1020 1145.452217735273
1021 1145.986587859808
1022 1147.431673145749
1023 1148.392070813721
1024 1149.509805895323
1025 1150.016592261455
1026 1150.596276369666
1027 1152.343025048547
1028 1152.965991145138
1029 1154.167549835817
1030 1154.800269766802
1031 1156.019529291450
1032 1156.517012274946
1033 1157.761918345720
1034 1158.716272907734
1035 1159.892693799657
1036 1160.706926737140
1037 1161.553014589190
1038 1162.314223208150
1039 1163.209833230440
1040 1164.919415723274
1041 1165.422169844880
1042 1166.174860844561
1043 1167.197166297711
1044 1168.304144967540
1045 1169.039811769685
1046 1170.026444541785
1047 1171.457107974302
1048 1172.078787393333
1049 1172.842310532796
1050 1173.818662165147
1051 1174.616258690184
1052 1176.262762846690
1053 1176.707577052115
1054 1177.855272289477
1055 1178.533399672352
1056 1179.466982001811
1057 1180.522132909266
1058 1181.896437256008
1059 1182.141379849130
1060 1183.746747248090
1061 1184.482432314535
1062 1184.939749174443
1063 1186.017587898147
1064 1187.536407141442
1065 1188.301668592733
1066 1189.230951382119
1067 1189.713955080665
1068 1191.058931135458
1069 1191.882368306984
1070 1192.821994600983
1071 1194.220248869274
1072 1194.674163203425
1073 1195.736051332951
1074 1196.717847427741
1075 1197.278023936196
1076 1198.680419084284
1077 1199.817498919061
1078 1200.638244170781
1079 1201.193203751934
1080 1202.119057869842
1081 1203.366201566721
1082 1204.403101534903
1083 1205.197067321043
1084 1206.141828938103
1085 1207.364124781157
1086 1207.881134526001
1087 1208.589811279812
1088 1210.108531604493
1089 1211.162160983590
1090 1211.812809577948
1091 1212.696295972501
1092 1213.655443918565
1093 1214.350669747118
1094 1215.998710974336
1095 1216.475448303105
1096 1217.509251337704
1097 1218.544833950035
1098 1219.149072035473
1099 1220.524509029176
1100 1220.836343598783
1101 1222.582578320338
1102 1223.447782274187
1103 1223.925243372748
1104 1224.715023066320
1105 1225.964932067220
1106 1227.048252128156
1107 1227.987231708994
1108 1228.860738770375
1109 1229.688142926251
1110 1230.882502802029
1111 1231.258914266241
1112 1232.586864822486
1113 1233.802480198584
1114 1234.438865793795
1115 1235.612177901037
1116 1236.251437398173
1117 1236.860043898634
1118 1238.413813543299
1119 1239.530565701257
1120 1240.056663465568
1121 1240.882337026842
1122 1242.143410001446
1123 1242.835131121712
1124 1243.714435133364
1125 1244.949497401979
1126 1246.092532214016
1127 1246.673864689430
1128 1247.596611879329
1129 1248.218028863387
1130 1249.712233156712
1131 1250.562307350192
1132 1251.547205455913
1133 1252.520489160056
1134 1252.932565138319
1135 1254.259075466713
1136 1255.168383993273
1137 1256.138476626381
1138 1257.126164474804
1139 1258.359221517544
1140 1258.693681728399
1141 1259.719236663125
1142 1260.539605968684
1143 1262.279093186522
1144 1262.866043820782
1145 1263.280778980716
1146 1264.625265809372
1147 1265.524517694580
1148 1266.191624226323
1149 1267.695021177262
1150 1268.227010222712
1151 1269.615017955396
1152 1269.964615070625
1153 1271.112387371724
1154 1271.800392836840
1155 1273.185706247449
1156 1274.259773069403
1157 1274.912334418966
1158 1275.747634400660
1159 1276.447792894743
1160 1277.905275641155
1161 1278.672646115728
1162 1279.531557986150
1163 1280.719791019734
1164 1281.505885705959
1165 1282.404211207538
1166 1282.843935157706
1167 1284.586376397091
1168 1285.263266710730
1169 1286.436898550691
1170 1286.821515577000
1171 1287.892745237492
1172 1288.876534158693
1173 1289.930873707907
1174 1291.064513001653
1175 1291.792677675693
1176 1292.532341192743
1177 1293.926121511764
1178 1294.244847648117
1179 1295.272630455586
1180 1296.951352899575
1181 1297.393021995400
1182 1298.321192849721
1183 1298.989019304853
1184 1300.019843319795
1185 1301.336449607404
1186 1302.159400525646
1187 1302.877701705433
1188 1304.163066809139
1189 1304.794057635849
1190 1305.492355227321
1191 1306.760445635768
1192 1307.750555043417
1193 1308.758494787891
1194 1309.721383536803
1195 1310.278619721019
1196 1311.102823242044
1197 1312.333680826656
1198 1313.608384727385
1199 1314.304585484461
1200 1314.863276469578
1201 1316.262504666311
1202 1316.852068703840
1203 1317.822754434625
1204 1318.779176874769
1205 1320.269186096421
1206 1320.788242143900
1207 1321.418652620955
1208 1322.468351401999
1209 1323.413845440216
1210 1324.677962387238
1211 1325.515283471220
1212 1326.434611889362
1213 1327.056030046890
1214 1328.204653359638
1215 1329.009227508657
1216 1330.071556992231
1217 1331.159919922361
1218 1331.931734066568
1219 1333.128017158247
1220 1333.643777953453
1221 1334.161962949553
1222 1336.183232532857
1223 1336.560408161878
1224 1337.501680088564
1225 1338.421541375122
1226 1339.262419639966
1227 1340.323039886890
1228 1341.087479803162
1229 1342.362314154331
1230 1343.185225613615
1231 1344.273086744364
1232 1344.604961478800
1233 1345.860832061912
1234 1346.620181195789
1235 1348.065375054012
1236 1348.945586550886
1237 1349.455274899835
1238 1350.319051588061
1239 1351.436607649900
1240 1352.487106010648
1241 1353.322602070436
1242 1354.290007464835
1243 1355.415975133638
1244 1356.158140333992
1245 1356.724525021011
1246 1357.770150423995
1247 1359.271118527543
1248 1359.951297024442
1249 1360.766696622973
1250 1361.508501558104
1251 1362.731115908138
1252 1363.199341709049
1253 1364.912066129415
1254 1365.301360526853
1255 1366.321988009172
1256 1367.372062898464
1257 1368.215285711220
1258 1368.742938178106
1259 1370.097786352893
1260 1371.237814190466
1261 1372.193157653905
1262 1372.639920608952
1263 1373.431772965973
1264 1374.705659317171
1265 1375.911990107997
1266 1376.301756605974
1267 1377.749123247089
1268 1378.389290201288
1269 1379.173730627723
1270 1380.214836887427
1271 1380.948612776194
1272 1382.480063890810
1273 1383.067262973752
1274 1383.963963397910
1275 1384.993829918970
1276 1385.309356843176
1277 1386.857158500008
1278 1387.918545012678
1279 1388.674089466710
1280 1389.283380913835
1281 1390.615983787438
1282 1391.359314636694
1283 1391.946189576080
1284 1393.296872721884
1285 1394.619630514657
1286 1394.943714132554
1287 1395.974886390292
1288 1396.614016240796
1289 1397.832545406118
1290 1398.900197157128
1291 1399.950501552986
1292 1400.459490690943
1293 1401.701935010250
1294 1402.233499017592
1295 1403.294465594700
1296 1404.519287733356
1297 1405.063461509062
1298 1406.626980777859
1299 1407.060629433822
1300 1407.779755249440
1301 1408.623990675604
1302 1410.088459866246
1303 1410.985472529792
1304 1411.833725401506
1305 1412.386794425025
1306 1413.605674362769
1307 1414.577667988478
1308 1415.051896771958
1309 1416.596281753698
1310 1417.397022235203
1311 1418.188533829790
1312 1419.052675321916
1313 1419.885393019409
1314 1420.707221321055
1315 1422.216683704000
1316 1422.969698245656
1317 1423.625450382219
1318 1424.568096731149
1319 1425.357128208039
1320 1426.649147618180
1321 1427.336861117437
1322 1428.335042945757
1323 1429.537020088765
1324 1430.170945320116
1325 1430.980259458268
1326 1431.604878658416
1327 1433.230574472035
1328 1434.169969754037
1329 1434.564355987125
1330 1435.954330538501
1331 1436.262826693368
1332 1437.491214650899
1333 1438.536535851554
1334 1439.483120572424
1335 1440.399932771725
1336 1441.246035481521
1337 1442.165478013089
1338 1442.921160152202
1339 1443.761667257963
1340 1445.158398849442
1341 1446.217873469727
1342 1446.810673793954
1343 1447.127924106436
1344 1448.854763514205
1345 1449.258042409796
1346 1450.705040861437
1347 1451.284766103349
1348 1452.364443534736
1349 1453.374973857244
1350 1453.859374398947
1351 1454.782526772082
1352 1456.199296351860
1353 1456.976720351937
1354 1457.905136277966
1355 1458.795557463762
1356 1459.323094050114
1357 1460.367057196366
1358 1461.822838880228
1359 1462.425017312051
1360 1463.243979046245
1361 1464.261552037561
1362 1465.264597958064
1363 1465.850101185993
1364 1466.781434863915
1365 1468.165575353510
1366 1469.216608000914
1367 1469.538096557304
1368 1470.536807338869
1369 1471.337233381800
1370 1472.687162484558
1371 1473.395828747770
1372 1474.569918151300
1373 1475.192541582344
1374 1476.142452811939
1375 1476.920747597474
1376 1478.109058468532
1377 1478.709910629522
1378 1480.214735797546
1379 1480.820521169633
1380 1481.620964664301
1381 1482.498723421469
1382 1483.116561687366
1383 1484.919212420180
1384 1485.403819118922
1385 1486.112427685468
1386 1487.142477842016
1387 1488.402855224406
1388 1488.582164462165
1389 1489.857692468174
1390 1491.171784007047
1391 1491.707985445328
1392 1492.950051142870
1393 1493.355642320161
1394 1494.239684527487
1395 1495.469203016828
1396 1496.486563806919
1397 1497.535147986336
1398 1498.140321856195
1399 1498.789288267012
1400 1500.100542454457
1401 1500.847490043989
1402 1501.852994747412
1403 1502.777658008064
1404 1503.960984443278
1405 1504.752633678810
1406 1505.006009343114
1407 1506.258875270077
1408 1507.524221005678
1409 1508.544753238153
1410 1509.066815591529
1411 1509.995747464494
1412 1510.977605171171
1413 1511.737043888791
1414 1512.853774691639
1415 1513.853835762836
1416 1514.831043610961
1417 1515.405705077245
1418 1516.738120196035
1419 1517.072765031687
1420 1518.001890917578
1421 1519.786535184675
1422 1520.124081645299
1423 1521.012047511599
1424 1521.796078693846
1425 1522.740547644410
1426 1523.846719357361
1427 1524.870880248286
1428 1525.429357967164
1429 1526.934382159156
1430 1527.369919891895
1431 1528.089905397425
1432 1529.123199321356
1433 1530.263805811009
1434 1531.284998345386
1435 1532.161125695452
1436 1532.915838573180
1437 1533.555233911191
1438 1534.638268180936
1439 1535.752666280930
1440 1536.879084822968
1441 1537.284026992170
1442 1538.484543879465
1443 1539.299241863328
1444 1540.405862657037
1445 1540.533432518258
1446 1542.415340963190
1447 1543.120919368802
1448 1543.982120551160
1449 1544.490346035429
1450 1545.543257224429
1451 1546.680610083698
1452 1547.481013795038
1453 1548.793272419341
1454 1549.164392199998
1455 1550.221328963015
1456 1551.340320616706
1457 1551.642499803771
1458 1553.143423620566
1459 1553.888670588571
1460 1555.105408409020
1461 1555.723396810606
1462 1556.540819188802
1463 1557.066145232861
1464 1558.783272657800
1465 1559.533371772953
1466 1560.133259953807
1467 1561.207631332705
1468 1562.200078914497
1469 1562.777231860108
1470 1563.856896046768
1471 1564.756407677567
1472 1566.182387726211
1473 1566.657978956946
1474 1567.295978387403
1475 1568.514994324460
1476 1569.057541518821
1477 1570.436339235576
1478 1571.562585746344
1479 1571.985874677015
1480 1572.885570006998
1481 1573.844564600518
1482 1574.881065692672
1483 1575.598538019038
1484 1576.718333509968
1485 1577.734058095530
1486 1578.667271016111
1487 1579.244255848425
1488 1579.869438613311
1489 1581.221146723946
1490 1582.571315174479
1491 1582.874905590024
1492 1583.857339059622
1493 1584.870526847460
1494 1585.604917115116
1495 1586.484361272975
1496 1587.736606905595
1497 1588.516914218469
1498 1589.393717541813
1499 1590.402017917683
1500 1591.155752267600
1501 1591.642459020504
1502 1593.147275666983
1503 1594.137350125881
1504 1595.000531279754
1505 1595.634389877033
1506 1596.256030299296
1507 1597.802710862900
1508 1598.293253693205
1509 1599.295944667829
1510 1600.538329563005
1511 1601.188118658021
1512 1602.049977003964
1513 1602.773618097467
1514 1603.687265009784
1515 1605.044529816581
1516 1605.846260193158
1517 1606.721229347423
1518 1607.300027308155
1519 1608.420547617853
1520 1609.034709570260
1521 1610.602805112456
1522 1611.155567876290
1523 1611.860725317765
1524 1613.415246352011
1525 1613.532972511223
1526 1614.655508212696
1527 1615.381865516903
1528 1617.086984825669
1529 1617.535367579348
1530 1618.311616698778
1531 1619.127741535484
1532 1620.066251030420
1533 1621.124596293878
1534 1622.163513129456
1535 1622.893885298710
1536 1623.976063774166
1537 1624.693082257016
1538 1625.445612590120
1539 1626.477124934168
1540 1627.391677485589
1541 1628.499300778434
1542 1629.503818846027
1543 1630.318617216678
1544 1630.549565448541
1545 1631.828159143011
1546 1633.103035227182
1547 1633.822997835254
1548 1634.834871180142
1549 1635.342265975028
1550 1636.697465086420
1551 1637.343257898584
1552 1637.874335447371
1553 1639.445022806186
1554 1640.419233523676
1555 1640.863700612955
1556 1641.920150031749
1557 1642.690047451313
1558 1643.419456370472
1559 1645.041712938648
1560 1645.435418535458
1561 1646.706262170112
1562 1647.014654514625
1563 1648.262901684303
1564 1649.051868228636
1565 1650.009225151444
1566 1650.912550557954
1567 1652.145144753395
1568 1652.869336932704
1569 1653.600160715687
1570 1654.054207830275
1571 1655.597960895627
1572 1656.546664641642
1573 1657.415674327130
1574 1657.993385786934
1575 1659.199250068669
1576 1659.786904617728
1577 1660.743884491955
1578 1661.891772741563
1579 1662.697002904819
1580 1663.826165448818
1581 1664.425763350586
1582 1665.279629072862
1583 1666.122271799389
1584 1667.003112545628
1585 1668.667480282581
1586 1669.086071030832
1587 1669.532617048104
1588 1670.764854030047
1589 1671.695604560061
1590 1672.539686576706
1591 1673.478150239969
1592 1674.564163252662
1593 1675.405548927445
1594 1676.276894677064
1595 1676.898527138476
1596 1677.662401879872
1597 1679.362544594519
1598 1679.698013472561
1599 1680.825958516874
1600 1681.812984508880
1601 1682.060829570364
1602 1683.353261587485
1603 1684.426343879473
1604 1685.312244172260
1605 1686.049814204299
1606 1687.182913018532
1607 1687.876520901144
1608 1688.782850449259
1609 1689.282107361558
1610 1690.916333661705
1611 1691.791096282975
1612 1692.403310034994
1613 1693.087906428803
1614 1694.076368257811
1615 1695.194841514181
1616 1695.927873978992
1617 1697.086951643158
1618 1697.863497144834
1619 1698.782083793953
1620 1699.426878769438
1621 1700.512984199346
1622 1701.162565852132
1623 1702.518669026636
1624 1703.461856677471
1625 1704.089879878613
1626 1704.922007721872
1627 1705.585386148619
1628 1706.797072011418
1629 1708.081268992311
1630 1708.544465081976
1631 1709.291271800949
1632 1710.789062149424
1633 1711.162839498241
1634 1711.761746180899
1635 1713.224836971785
1636 1714.094676758470
1637 1715.188489337744
1638 1715.691954146840
1639 1716.469138715965
1640 1717.465757074027
1641 1718.435578902687
1642 1719.660729033187
1643 1720.268796673981
1644 1721.319081432371
1645 1721.772004855740
1646 1723.097167416593
1647 1723.737059888461
1648 1724.614891185606
1649 1725.897290281465
1650 1726.929453652527
1651 1727.217202982914
1652 1728.247130727596
1653 1728.885480016608
1654 1730.547578574699
1655 1731.022200680203
1656 1731.981286820469
1657 1732.826420365861
1658 1733.676164044112
1659 1734.644605173940
1660 1735.256546726576
1661 1736.618731996715
1662 1737.509931796885
1663 1738.130231826371
1664 1739.304411662142
1665 1739.819601416506
1666 1740.524949851833
1667 1742.042894645961
1668 1743.076386111349
1669 1743.453717624291
1670 1744.341631929307
1671 1745.411510018709
1672 1746.131920267167
1673 1747.352001535242
1674 1747.844811378763
1675 1749.280984096922
1676 1750.018998633692
1677 1750.675101981117
1678 1751.263788583354
1679 1752.598344292716
1680 1753.516323345541
1681 1754.560277432868
1682 1755.390426586535
1683 1755.863306801259
1684 1756.985402604179
1685 1757.811950059908
1686 1758.859397402003
1687 1759.959051321192
1688 1760.438256183843
1689 1761.706819418724
1690 1762.451164867246
1691 1762.986920075044
1692 1763.920013235099
1693 1765.585873200033
1694 1766.010706880481
1695 1766.922456054669
1696 1767.437097476356
1697 1768.780980670576
1698 1769.352843542289
1699 1770.558541711149
1700 1771.411737482817
1701 1772.301652407809
1702 1773.278888531666
1703 1773.790242132474
1704 1774.845503560395
1705 1775.617442645840
1706 1777.106502675630
1707 1777.539600785894
1708 1778.692669921162
1709 1779.295136221720
1710 1779.794356043111
1711 1781.450662567314
1712 1782.177336975714
1713 1782.805109876439
1714 1784.068489696701
1715 1784.664362851745
1716 1785.754189211725
1717 1786.159755459334
1718 1787.342364509597
1719 1788.728733628161
1720 1789.307033136580
1721 1789.974637719898
1722 1790.849716972409
1723 1791.827442572583
1724 1792.647085934820
1725 1793.914129841187
1726 1794.861502651619
1727 1795.132162831086
1728 1796.417735093676
1729 1797.269488924840
1730 1797.878109141839
1731 1799.033710345433
1732 1800.033200490442
1733 1801.160937803874
1734 1801.679140059504
1735 1802.259072317063
1736 1803.267573800769
1737 1804.578103360991
1738 1805.513550639633
1739 1805.992457986818
1740 1807.135100854463
1741 1807.953140195158
1742 1808.749019358134
1743 1809.467051647091
1744 1810.860983902976
1745 1811.504579857637
1746 1812.567144561056
1747 1813.378779127685
1748 1813.932023554623
1749 1814.818097150375
1750 1816.069688468924
1751 1817.128663006430
1752 1817.888389916587
1753 1818.399174791202
1754 1819.427524070468
1755 1820.540175101118
1756 1821.180018789599
1757 1822.051833497176
1758 1823.429783713859
1759 1824.313945826580
1760 1824.446992973641
1761 1825.854707355935
1762 1826.221890392773
1763 1827.784455183384
1764 1828.670087864825
1765 1829.233108732700
1766 1830.192101426905
1767 1831.174002568009
1768 1831.612001676831
1769 1833.126785582356
1770 1833.692863463887
1771 1834.748689706687
1772 1835.598715506168
1773 1836.691169559328
1774 1837.025830677836
1775 1837.830109985776
1776 1839.460958021104
1777 1840.115238371053
1778 1841.073755035892
1779 1841.468944157761
1780 1842.569007247558
1781 1843.664580995242
1782 1844.236951954054
1783 1845.526717653566
1784 1846.226683841430
1785 1847.312065910284
1786 1847.895210526665
1787 1848.633650545474
1788 1849.742789026724
1789 1850.634215384912
1790 1851.888651456391
1791 1852.549987678845
1792 1853.212182183891
1793 1853.877873791694
1794 1855.204759369191
1795 1855.953574723534
1796 1857.206196349644
1797 1857.514473896586
1798 1858.816316058556
1799 1859.622354354262
1800 1860.275731610090
1801 1860.919410989109
1802 1862.618267294844
1803 1863.282454827822
1804 1863.827417016789
1805 1864.930065316890
1806 1865.558628463871
1807 1866.466897139389
1808 1867.746962392900
1809 1868.496759154825
1810 1869.317340322489
1811 1870.237918961912
1812 1871.004181360078
1813 1871.882059471222
1814 1872.763316322436
1815 1873.670444660145
1816 1875.107525874105
1817 1875.562266696159
1818 1876.188805242247
1819 1877.024815100494
1820 1878.115892074469
1821 1879.466950621979
1822 1879.783448179852
1823 1880.854061841068
1824 1881.880096527345
1825 1882.444461087571
1826 1883.428424609533
1827 1884.185400205596
1828 1885.481721060923
1829 1886.322671973901
1830 1887.048775639388
1831 1887.919985644852
1832 1888.605359022294
1833 1889.471912726660
1834 1890.814399800622
1835 1891.787753105225
1836 1892.257939271487
1837 1892.980509406776
1838 1894.379947546460
1839 1894.845647984568
1840 1895.656636488797
1841 1897.034489342652
1842 1897.702351211572
1843 1898.801755622931
1844 1899.453067195850
1845 1899.778031017971
1846 1901.272204713262
1847 1902.324638228728
1848 1902.940826641103
1849 1904.104554313889
1850 1904.548986028616
1851 1905.588105161752
1852 1906.322942721534
1853 1907.681429951484
1854 1908.058742958025
1855 1909.463318920918
1856 1910.056973251179
1857 1910.971534150464
1858 1911.620388326555
1859 1912.385188801416
1860 1914.022686632657
1861 1914.611987219009
1862 1915.360462387634
1863 1915.970354917696
1864 1917.276848679493
1865 1917.845118843542
1866 1918.873232049347
1867 1919.832120164346
1868 1920.928855606572
1869 1921.537932219333
1870 1922.323391368614
1871 1923.230479353647
1872 1923.973670022292
1873 1925.251880216179
1874 1926.368028363481
1875 1926.688652421716
1876 1927.725459661814
1877 1928.393122896467
1878 1929.395674127552
1879 1930.694835670141
1880 1931.181333502468
1881 1932.073572646700
1882 1933.349439493868
1883 1933.985463015068
1884 1934.343561556577
1885 1935.547598197485
1886 1936.856670963171
1887 1937.650325483585
1888 1938.247198454945
1889 1939.343911639062
1890 1939.665772656325
1891 1941.200523979489
1892 1941.655180341351
1893 1942.992066267646
1894 1943.784296771322
1895 1944.287489238728
1896 1945.476693021172
1897 1946.288260941829
1898 1946.791003195892
1899 1948.191988812334
1900 1949.201866692410
1901 1949.974210251047
1902 1950.470512260767
1903 1951.275902925604
1904 1952.462962661282
1905 1953.476828152214
1906 1954.350055940898
1907 1954.954331708383
1908 1956.142523725480
1909 1956.891430696019
1910 1957.466736895194
1911 1958.467529585088
1912 1959.761669987282
1913 1960.439553753830
1914 1961.463000253172
1915 1961.949952279668
1916 1963.087601143529
1917 1963.448728728421
1918 1965.146954072502
1919 1965.870861542984
1920 1966.351323923295
1921 1967.512221687396
1922 1968.216000881319
1923 1969.185943981618
1924 1969.958151502689
1925 1970.857519205173
1926 1972.243301015596
1927 1972.848584240749
1928 1973.440266375501
1929 1974.129903197798
1930 1975.415757296150
1931 1976.245335710434
1932 1977.348544963512
1933 1978.068903871978
1934 1978.739058639345
1935 1979.772366199148
1936 1980.511035432408
1937 1981.432017192401
1938 1982.531817018209
1939 1983.345794767144
1940 1984.261495957714
1941 1985.103395961590
1942 1985.907144402587
1943 1986.228496363818
1944 1988.093276126609
1945 1988.690354145856
1946 1989.432004482340
1947 1990.172887810199
1948 1991.161207871721
1949 1992.127504015809
1950 1992.750475823991
1951 1993.897360537390
1952 1994.924786327424
1953 1995.667809933373
1954 1996.426993671083
1955 1997.253471866570
1956 1997.911130684793
1957 1999.366020844957
1958 1999.993276039335
1959 2001.175453995303
1960 2001.672139317858
1961 2002.292429112879
1962 2003.495906766586
1963 2004.440377684787
1964 2005.353957791775
1965 2006.002249425285
1966 2007.429334694077
1967 2007.757333874006
1968 2008.635659269329
1969 2009.376474898634
1970 2010.537888049109
1971 2011.954285791776
1972 2012.280883240450
1973 2012.812975264853
1974 2014.219942302497
1975 2014.681044260134
1976 2015.695488548392
1977 2016.941607968502
1978 2017.591801744071
1979 2018.358819442131
1980 2019.466688986505
1981 2020.055226143328
1982 2020.855795565738
1983 2021.851204377711
1984 2023.173221560123
1985 2023.778666397130
1986 2024.718837809611
1987 2025.074316640106
1988 2026.126317274657
1989 2027.533113013294
1990 2027.968885914419
1991 2029.013487068822
1992 2029.876956359588
1993 2030.894078666544
1994 2031.402521105904
1995 2032.210627181690
1996 2033.366729351242
1997 2034.527727675680
1998 2035.063265699208
1999 2036.231417042114
2000 2036.540090930205
