# L5_chi5c4_q5 zeros 1..500
1 6.183578195451
2 8.457229174423
3 12.674946417011
4 14.825025570328
5 17.337802106853
6 18.998588041686
7 22.487584583029
8 24.365279775402
9 25.531186800433
10 27.982756935694
11 30.463640688404
12 32.195159688892
13 34.457228785278
14 35.490893178851
15 37.271950574556
16 40.396114851753
17 41.536456757930
18 42.992085442752
19 44.826175970811
20 46.590161017765
21 48.477846644222
22 50.664210390806
23 51.977053467573
24 53.442232173355
25 54.485442388765
26 57.297931753572
27 58.893672955709
28 60.028486647436
29 61.699283267386
30 63.519620294342
31 64.347461951149
32 66.768713986639
33 68.678953342210
34 69.882707483256
35 70.866530397759
36 72.432090425102
37 74.396614137673
38 76.426419555787
39 77.191991669057
40 79.266158024305
41 80.410013191444
42 81.660321275113
43 82.996677293815
44 85.660014861032
45 86.680966320021
46 87.881636094953
47 89.124093194989
48 90.681024569427
49 92.365709830114
50 93.818575173765
51 95.549930192247
52 96.872205795107
53 98.384069232398
54 99.079661745133
55 100.514245555171
56 102.997109615735
57 104.109078110423
58 105.517464526410
59 106.288695497733
60 108.437285634887
61 109.088244963934
62 110.802045517862
63 112.529937808703
64 114.206827089206
65 115.339238226442
66 116.229215843645
67 117.487611838432
68 119.080956952587
69 121.239762561093
70 122.078727309535
71 123.346883445643
72 124.982399290618
73 126.034310399819
74 127.351019488936
75 128.358578419242
76 130.678123560711
77 132.152586922303
78 132.731906512657
79 134.338192372011
80 135.039145124467
81 136.994621211972
82 138.294483669994
83 139.882508068735
84 140.966275146086
85 142.582880539945
86 143.612609007962
87 144.832037240646
88 145.536326358361
89 147.884205636605
90 149.346815748740
91 150.545893746926
92 151.159691234241
93 152.716772442682
94 154.190696542209
95 155.128544103794
96 156.843689077095
97 158.126349354446
98 159.824910239395
99 160.800233549644
100 161.691169861253
101 162.921689786869
102 164.099435021659
103 166.399498185152
104 167.259984814805
105 168.382685505939
106 169.617984822947
107 170.983316154303
108 172.170088518747
109 173.172190131069
110 174.530077584239
111 176.840626962648
112 177.229532171591
113 178.988406381983
114 179.451371563264
115 180.695099875501
116 182.298034241047
117 183.809624861701
118 185.125283656928
119 186.213582037623
120 187.417945399534
121 188.971587821957
122 189.785089497782
123 190.624567414930
124 192.215888317838
125 194.186578926579
126 195.261191349328
127 196.311213093995
128 197.025589890182
129 198.552489153173
130 199.771605595004
131 200.986405637939
132 202.605032057020
133 203.506731173608
134 205.336193900776
135 206.114889791626
136 207.141428866086
137 208.404882721230
138 209.082885733193
139 211.396878139316
140 212.637483475326
141 213.448052933725
142 214.581408298754
143 215.818395769316
144 217.000261861819
145 218.438257878902
146 218.979720561540
147 221.007442719246
148 222.242791976597
149 223.564166093922
150 224.312948626560
151 225.499562823114
152 226.214834853143
153 228.034193808231
154 229.421021165961
155 230.824606767247
156 231.562327344351
157 232.747030921271
158 234.485663259635
159 234.919756721096
160 236.171823311613
161 237.297255374458
162 239.127019843484
163 240.708105530836
164 241.185604773313
165 242.415230812358
166 243.253354054408
167 244.756697384941
168 245.763817338348
169 247.607235836802
170 248.207344212903
171 249.804522161714
172 250.947855103696
173 252.051667732174
174 253.027155905051
175 253.951789459117
176 255.028584611383
177 257.317303554722
178 258.080929585528
179 259.076922183498
180 260.387859030870
181 260.917934900705
182 262.787549815815
183 263.495945424607
184 264.738425695869
185 266.221473404577
186 267.526307324911
187 268.707795591007
188 269.810109773451
189 270.624825021104
190 271.439187466664
191 272.882509615581
192 274.500267100115
193 275.861233799590
194 276.839363805311
195 277.454353551238
196 279.149548419675
197 280.082296688874
198 281.138404326088
199 282.073203751268
200 283.488142936350
201 285.142361377454
202 286.426749483415
203 287.041877915925
204 287.998990066743
205 289.297339834606
206 290.055919229062
207 291.861330373005
208 292.952108674644
209 294.219725409793
210 295.037923249738
211 296.671125180871
212 297.287418852910
213 298.747786420425
214 299.300985236121
215 300.379927615239
216 302.616213942404
217 303.346373018573
218 304.651979689709
219 305.397208430856
220 306.291151151436
221 307.649286697070
222 308.970429249803
223 309.745302736587
224 311.400227114228
225 312.358879465244
226 313.690250696901
227 314.882822752305
228 315.779781862422
229 316.430561902653
230 317.656445410004
231 318.969962846751
232 320.918443089285
233 321.524360929544
234 322.608741220768
235 323.474875746103
236 324.844648894731
237 326.026167701535
238 326.701468335152
239 328.129694676246
240 329.160233926882
241 331.029241842311
242 331.804157282577
243 332.677306682194
244 333.926252830857
245 334.471193156528
246 335.765300866406
247 337.278833090219
248 338.838444200138
249 339.282355843768
250 340.818444051880
251 341.552935075566
252 343.011812150879
253 343.896349522243
254 344.835099408283
255 345.616958777660
256 347.594772432802
257 348.778578234724
258 349.817010869875
259 350.693275630248
260 351.511432748147
261 352.546753767337
262 354.072020600476
263 354.871450103669
264 356.373546072422
265 357.557575404257
266 358.300953759729
267 359.980434242636
268 360.810528657283
269 361.387470838943
270 362.875673499443
271 363.308125600371
272 365.370356740220
273 366.680160621438
274 367.586135989017
275 368.181202385843
276 369.437121887036
277 370.640430548423
278 371.522565102101
279 372.877120248810
280 373.651201945459
281 375.168138883625
282 376.477218915650
283 377.533952124659
284 378.350141779804
285 379.383753609184
286 380.240422460664
287 381.138700136735
288 383.048383539309
289 384.068191955587
290 385.129841899285
291 386.103426302677
292 386.979501320375
293 388.313669674532
294 389.577056636278
295 389.936440101514
296 391.186966369352
297 392.680679538680
298 394.180716380160
299 394.999066975304
300 396.108807181132
301 396.820918989960
302 397.609881145468
303 399.193752694076
304 400.000066008885
305 401.591920671424
306 402.772586801707
307 403.245558815476
308 404.958949691443
309 405.693445700905
310 407.026884041609
311 407.397921667409
312 408.694995751956
313 409.723804596211
314 411.887509982249
315 412.352030573355
316 413.332412174712
317 414.363172144553
318 415.268119358977
319 416.383094660608
320 417.664369896823
321 418.549025365550
322 419.814314127148
323 420.981138496224
324 422.288041576534
325 423.168930237158
326 424.166015799768
327 425.263980334109
328 425.649783243186
329 427.014444290156
330 428.867554694557
331 429.610348068211
332 431.113631185323
333 431.383596228936
334 432.561424466623
335 433.969060508796
336 434.826836308464
337 435.770264679657
338 436.685714867658
339 438.295421876104
340 439.365773451686
341 440.715799117688
342 441.586940100313
343 441.965171655699
344 443.355432503323
345 444.176667869583
346 445.506842213677
347 446.999477645928
348 447.949021877798
349 448.839237312499
350 449.794526290291
351 451.418778732176
352 451.759829213253
353 452.992229350077
354 454.012178950866
355 454.669074768560
356 456.779682313647
357 457.719886131170
358 458.577984761344
359 459.426241740735
360 460.557111261489
361 461.156899863298
362 462.742689582678
363 463.602470237713
364 464.897909195795
365 465.891481476653
366 467.181979912003
367 468.025893127543
368 469.339635279686
369 470.068720830617
370 470.980086411349
371 471.632547168001
372 473.269277639194
373 474.705298928096
374 475.917590397095
375 476.346499402961
376 477.644386808652
377 478.191119186284
378 479.843349150840
379 480.644798988285
380 481.330438356701
381 482.971079072005
382 483.740434486724
383 485.342659736525
384 486.295205519274
385 487.025306761505
386 487.959621941389
387 488.868156968103
388 489.817087561060
389 491.180988810463
390 492.829876031538
391 493.450187864624
392 494.335525184254
393 495.489651551353
394 496.588668189349
395 497.501030802737
396 498.611878497002
397 499.349773449165
398 500.303834489677
399 502.143506763285
400 503.221386378341
401 503.911857891992
402 505.139820135525
403 505.630066004997
404 506.734798642810
405 507.788637586485
406 509.307062234082
407 509.971012722317
408 511.565362010895
409 512.181097251779
410 513.254207451511
411 514.729408851745
412 515.250879085601
413 516.253887138404
414 517.034285518186
415 518.164607038774
416 519.972235695096
417 520.807814167706
418 522.055067630606
419 522.543297235532
420 523.327573251757
421 524.912557329472
422 525.537332060815
423 526.745633639339
424 527.782123882594
425 529.022009330946
426 529.943608438759
427 531.598299407504
428 531.921421769235
429 533.175373500166
430 533.780521536484
431 534.944543078485
432 535.681959843513
433 537.638858657299
434 538.608764571082
435 539.281561932116
436 540.380584372112
437 541.305323574701
438 542.317428208077
439 543.536967088828
440 544.367566203423
441 545.074041843506
442 546.484797397007
443 547.921393059909
444 549.004531599419
445 549.634189787422
446 550.864586071681
447 551.516353121667
448 552.159361918156
449 553.854413506611
450 554.650096713577
451 556.166767449034
452 557.054230381954
453 557.789928511884
454 558.992354698515
455 560.095601624281
456 561.199704702760
457 561.619171630359
458 562.697747944410
459 563.858637759652
460 565.361972207685
461 566.710926987813
462 567.308303098581
463 568.001396056892
464 569.161935100738
465 569.960577175255
466 571.296767749001
467 572.047653491543
468 573.520141971218
469 574.296212537058
470 575.466900671444
471 576.634580625291
472 577.723666968730
473 578.296922879160
474 579.372916779200
475 580.382546503182
476 580.815124119929
477 582.984760417314
478 583.857168741012
479 584.721389001181
480 585.782980660384
481 586.410351725591
482 587.553092441527
483 588.750045780738
484 589.609014988374
485 590.512220090272
486 591.514978654802
487 593.252117534331
488 593.740791628226
489 595.255487980123
490 595.927672260579
491 596.581651233753
492 597.575302356127
493 598.559785110537
494 599.879472220841
495 601.192772015410
496 602.174708325176
497 603.178316379929
498 603.666910926264
499 605.136686252275
500 606.321681739394
