# L8_chi7c3_q7 zeros 1..500
1 4.356401624736
2 8.785554714499
3 10.736119987493
4 12.532547822686
5 15.937448204688
6 17.616053198877
7 20.030558985082
8 21.314647244104
9 23.203672461347
10 26.169944908020
11 27.873375490225
12 28.599793774441
13 30.919560932657
14 32.610088594314
15 34.792503395552
16 36.344755846801
17 38.206755425174
18 39.338483146486
19 40.476471625192
20 43.539481156902
21 44.595771534779
22 46.096098653017
23 47.491559240349
24 49.126475149698
25 50.625247641703
26 52.314697094983
27 54.616631873633
28 55.410336857827
29 56.719618231150
30 57.985235089296
31 59.853999760112
32 62.133584051981
33 62.813256648592
34 64.282821793709
35 66.123081119779
36 67.171243976783
37 68.139569053100
38 70.545566163946
39 72.120933247474
40 73.176110359992
41 74.564510786388
42 75.280216428366
43 77.363692367552
44 78.916541204078
45 80.185004212244
46 81.771209135650
47 83.179605830966
48 84.116512593831
49 85.577755560078
50 86.468308268023
51 89.058525637644
52 90.264589332403
53 91.046503520022
54 92.244228478533
55 94.063465828587
56 94.847332767182
57 96.566288767490
58 98.123848834714
59 99.378391950219
60 101.082306680851
61 101.874049499554
62 102.729803994612
63 104.150064844472
64 106.349541906256
65 107.339063957651
66 108.832223240788
67 109.607431333634
68 111.093831213437
69 112.501116424766
70 113.449212339591
71 114.702112063145
72 116.926866268696
73 117.935522866690
74 118.851823914593
75 120.059832495393
76 121.140715680794
77 122.459762067874
78 124.336141156020
79 125.774302517689
80 126.175390157889
81 128.155018706092
82 129.179663905704
83 130.308999393279
84 131.003705624938
85 132.836168086731
86 134.548916919924
87 135.806405008928
88 136.731513204763
89 137.629674970671
90 138.778641857091
91 140.664210141529
92 141.260807955263
93 143.064071671433
94 144.225332013359
95 145.723592259299
96 146.466256717323
97 148.034620310764
98 148.537180508387
99 149.721448594459
100 152.074051821792
101 153.076155507924
102 153.887743619489
103 155.039799862078
104 156.456462911401
105 157.457510296088
106 158.592294203365
107 159.957484099134
108 161.253090048614
109 162.816487425029
110 164.105390767885
111 164.791653403884
112 165.625058707944
113 166.972614667750
114 168.378457584828
115 169.967725402126
116 171.070602457649
117 172.335211024325
118 172.876071772181
119 174.828915695184
120 175.461365681220
121 176.614404623670
122 177.480187802626
123 179.814074686119
124 180.631354132971
125 181.674442650590
126 182.843521450319
127 183.622001232904
128 184.828119341666
129 186.201190964364
130 187.859003630818
131 188.511429688624
132 189.922430125264
133 191.287583612537
134 192.402852083081
135 192.976838655836
136 194.344367240522
137 195.214190722870
138 197.030799901861
139 198.759802431108
140 199.134268908129
141 200.275262281269
142 201.160414984921
143 202.759328805758
144 203.815244842341
145 204.532775074744
146 206.380085896063
147 207.367506709340
148 208.741476301523
149 209.729804696859
150 210.780820081110
151 211.720679745582
152 212.291007533658
153 214.444448698760
154 215.675924524644
155 216.666141900354
156 217.522977128368
157 218.932318586981
158 219.756726091584
159 221.040662531793
160 222.083504170513
161 222.967683318365
162 224.523308976772
163 226.304747813644
164 226.872658438396
165 227.867825885679
166 228.693548209659
167 229.998792792733
168 231.032452453864
169 232.438909857691
170 233.936172186664
171 234.795295322734
172 235.606326883423
173 237.163098727009
174 238.305370681691
175 238.940598722101
176 239.801229403643
177 241.170738504608
178 243.242419635389
179 243.646198628304
180 245.107666135070
181 246.012934824840
182 246.561905863934
183 248.032331122256
184 249.221846354976
185 250.433532617974
186 251.372852932368
187 252.784704467267
188 254.128918136000
189 254.840015620451
190 256.072648166877
191 256.743087494974
192 257.980802417963
193 258.777549902905
194 261.103186596240
195 261.631308123458
196 262.826056824808
197 263.374474994473
198 264.835145801102
199 266.111449855754
200 266.724888717622
201 267.837530900844
202 269.302965626774
203 270.432637757867
204 271.760058547722
205 272.899975567206
206 273.541862749229
207 274.581343193816
208 275.213456937820
209 276.979464743685
210 278.120948329421
211 279.348274277633
212 280.378940045178
213 281.255520390909
214 282.472880695962
215 283.411483497889
216 284.779731710174
217 285.280364442556
218 286.242373483895
219 288.237117732931
220 289.402146415055
221 290.371601657985
222 290.710754627241
223 292.393858835529
224 292.821099838428
225 294.253758716783
226 295.346166693628
227 296.871132026215
228 297.631016893447
229 298.610001688602
230 300.162521058702
231 301.170694294090
232 301.564016755245
233 302.856535056351
234 303.594550457055
235 305.288345041249
236 306.617057533269
237 307.662008668932
238 308.576761115239
239 309.263784478714
240 310.257491674551
241 311.892738256237
242 312.494504685896
243 313.577424799819
244 314.765135776599
245 316.369042336542
246 317.111984881893
247 318.231920361215
248 319.227506788290
249 320.034324585293
250 320.897962533027
251 321.920292895800
252 323.904557065952
253 324.846141401325
254 325.387046346507
255 326.717695933197
256 327.577232082234
257 329.093426130085
258 329.436626691122
259 330.678328788414
260 331.788199297166
261 332.850143089780
262 334.609490351640
263 335.325949557031
264 336.508513901136
265 336.932149311092
266 337.896425819381
267 339.300591105635
268 340.306858030830
269 341.473178391197
270 342.892534325125
271 343.641329282448
272 344.594253504417
273 345.824972958215
274 346.892267338831
275 347.912246179881
276 348.317229794550
277 349.436825465872
278 351.389647202586
279 352.443334419110
280 353.133032323404
281 354.209025836507
282 355.068636317279
283 356.089382443219
284 356.974721908686
285 358.541325809797
286 359.116313386547
287 360.675339600514
288 361.280196297648
289 363.138510547240
290 363.620225969860
291 364.490065443719
292 365.504686522431
293 366.436471090408
294 367.351344303231
295 368.990367933574
296 370.252332821869
297 371.327908837468
298 371.630938083410
299 372.733100018782
300 374.186493826113
301 375.009488408673
302 376.040076902544
303 376.609324818521
304 378.321226989362
305 379.433150253081
306 380.491384282113
307 381.497630838458
308 382.419467241267
309 383.203812906299
310 383.862829820767
311 385.235559964872
312 386.739610691616
313 387.706129703244
314 388.531459880353
315 389.728545709990
316 390.637664542823
317 391.689445403367
318 392.734638912903
319 393.436891036466
320 394.694668666498
321 395.232322494098
322 397.275095439029
323 398.468569227419
324 398.746923219838
325 399.980245147544
326 400.594966463337
327 401.812502212230
328 403.142211043369
329 403.531475468129
330 405.439189750373
331 406.029276951006
332 407.212934757107
333 408.122052904413
334 409.585745485263
335 410.179001746230
336 411.001107060147
337 411.718487522629
338 412.991432913639
339 414.658594380286
340 415.534355047244
341 416.575519775447
342 417.368673649727
343 418.404156827353
344 418.990717705738
345 420.578468823307
346 421.337199279824
347 422.299088084127
348 423.288145953002
349 424.768929905686
350 425.842999342028
351 426.899713084548
352 427.315507926179
353 428.537682930843
354 429.570207188166
355 429.956162261981
356 431.661912514072
357 433.072762109451
358 433.988178616464
359 434.613503054518
360 435.454174129642
361 437.118946028209
362 437.570661003989
363 438.726026385112
364 439.400553721683
365 440.522096994149
366 441.969541197041
367 442.979789988126
368 444.281135122104
369 445.020403971508
370 445.633262432754
371 446.590862993068
372 447.512816944678
373 448.995654248191
374 449.832880243535
375 450.935320724374
376 452.241959837036
377 452.834513379387
378 454.080782768608
379 454.966344323119
380 456.002262306131
381 456.933291669408
382 457.442116877824
383 458.566182314210
384 460.622705380718
385 461.296059595937
386 461.952469374745
387 463.110833425753
388 463.754336298362
389 464.983900560243
390 465.874717294534
391 466.823653260221
392 468.048114160443
393 469.202744238032
394 469.831120002504
395 471.470467013020
396 472.160768623281
397 473.321370496489
398 473.754386577225
399 474.583454841458
400 475.900086365753
401 476.859205443641
402 478.544595632581
403 479.151689310479
404 480.328462849028
405 480.954623753131
406 481.739578732615
407 483.210121639739
408 484.177948111539
409 484.732249455044
410 485.668930860005
411 487.079618682713
412 488.444384711847
413 489.370950739989
414 489.936610378126
415 491.337096423989
416 491.726358087337
417 492.711876517516
418 493.637873806593
419 495.186241381883
420 496.285469125128
421 497.153010269877
422 497.856167121377
423 499.111412917254
424 500.210899646233
425 500.974784770348
426 501.698952955064
427 503.038244760125
428 503.379299534699
429 504.988212133756
430 506.308296128684
431 507.419379705238
432 508.113598714148
433 508.568162265424
434 509.731170812717
435 510.740299269876
436 511.964607874429
437 512.662259322776
438 513.809803335607
439 515.324345150381
440 515.694589160360
441 516.903752983872
442 518.147078734825
443 518.852149157256
444 519.621270651953
445 520.689070834892
446 520.992657368197
447 523.255849681062
448 523.875922808223
449 525.135683012624
450 525.558578050347
451 526.863586255266
452 527.443489191172
453 528.632978845902
454 529.573314601617
455 530.599643409477
456 531.498468037366
457 532.465864228417
458 533.928411851292
459 534.949882857368
460 535.787057524168
461 536.367741824969
462 537.364039887076
463 538.267633451690
464 539.242883535806
465 540.351105122632
466 541.963510048278
467 542.640788931269
468 543.402120413604
469 544.294869391216
470 545.330605571479
471 546.768629291769
472 547.220768020183
473 547.849194824576
474 549.049946059627
475 550.271370488845
476 551.735792952922
477 552.357161179727
478 553.419808851864
479 554.295552683088
480 555.153687599329
481 555.500089587394
482 557.150130697682
483 558.044012461187
484 559.236675266134
485 560.081105193473
486 561.068907042104
487 562.237808970714
488 563.119501573850
489 563.888846194758
490 565.019867003855
491 565.667188199221
492 566.542538399970
493 567.498146858620
494 569.449311213883
495 570.092640611966
496 570.942707535953
497 571.630043488493
498 572.489302238093
499 573.800056137860
500 574.503535569595
