# L2_chi3_q3: first 500 zero heights to 50 decimals -- closed-form continuation of the helix
# engine: buckets q^-s sum chi(r) zeta(s,r/q) (helix residue-fibres, continued)
# first 100 vs comparison set zeros/L2_chi3_q3.txt: max|diff| = 4.957378082418105e-13
1 8.039737155681466681713623214172965802793010267386061427
2 11.2492062077729352497050256788632146486959267932246507
3 15.70461917672162556516555088043278075820480287304665266
4 18.26199749569312756892441409359486512019303856516601952
5 20.45577080774249285344502583131310267044396327547079489
6 24.05941485649345077459305359321296478626059682748168242
7 26.57786873577458531458435093753407693418550967491972244
8 28.21816450623338609318302976031077056481425825187851087
9 30.74504026138249573780824181050617135036952794770926794
10 33.89738892725941901767787403300523957944689181905919005
11 35.60841265393863465481291012803171419160706501780764564
12 37.5517965563646270198604464577036637576799175853295701
13 39.48520726092935076736629266003934190704843499542828942
14 42.61637922615756757432280685148006644714199803302020786
15 44.12057291207220244202440459309699962632962179070967833
16 46.274118023513140085104871660141160166399130271726175
17 47.51410451011732211493635699685959550025487738034863762
18 50.375138650636265982821917341449429147756225432442177
19 52.49674959906075366728822217178959813697638128458729021
20 54.19384310155191357860186830353479475085067072184628751
21 55.64255870021622137385640336662955778933415347224448951
22 57.58405636044918378148658948822626450762625281117613969
23 60.02685745671590223526149077217369667372409814609287462
24 62.20607812228213648686964588013561586144551742599004214
25 63.17699276733910829118311838811819222062372590551347527
26 65.29492554408371203312853811064661822190599121461960506
27 66.62313462553293005965853741728577195630681825356762344
28 69.51302298597999593419683737254789934090873554945385654
29 70.8197986955471496367959721046036908415876186198862804
30 72.656149070696664856894357587385729290433624815149872
31 74.00542852100418969330880884005665013510780687749590809
32 75.62240696403070968325847669097514113350270619458269446
33 78.2174812709266098430193390790621667499127289491992157
34 79.63797575190780201641174841050416648011180015476978704
35 81.61198760947144692236423432363954523175372355503194868
36 82.47025251222195794648947648481413903118419658263093437
37 84.41228663829340908784455275600493206705868169610670787
38 86.32764628301414793912264079366432561184574862688695103
39 88.65261720853939082326874424372823835437001379646824869
40 89.64640275684170011255313268896103923041882966386123856
41 91.33561035443308233256089646445122913767070371967545344
42 92.75346438711915817510725878357427935558656449962777268
43 94.39435879716337757793431780703623976462928015170784624
44 96.87425208978530826836727433745106529126877990184834795
45 98.12645490424191213145524999617900037516505967161200704
46 99.53348926405860551015291862957047034782540424107763725
47 101.374963467900018957570941464886557395412561067721911
48 102.1163618450649207904223937710227918390069890445823284
49 104.7653754701645187606154386002322076634973519847036553
50 106.2460618488763767402932981041387887050482084623864381
51 107.9703161171381027412477748268200983566354143009117468
52 109.1376039144917573778465148426271202099315204627926871
53 110.5233510368133510283803968678643623008147908187386917
54 112.1547718421999694747979533376203457756383440252372761
55 114.2171482715642523558870148997459300840187048451271728
56 115.8981424418431391092668391057254218909788324750196399
57 117.3697509966053599712269253441062135278638333773534984
58 118.2994183078976053629433836291597417408103007838516487
59 120.2551822384944473304363057446145867875956377459943091
60 121.2788415965073728815660262289143651799337485914732239
61 123.8904906598096318670102934890498251696047938784250783
62 125.0107835006040254387120271583890622436263248894064332
63 126.3973122558350301306819034948925948954349552814678016
64 128.0526771842361420518088462494504635657889434573350877
65 128.9372369286237801512854378243000334048775229353585275
66 130.8113699102385570294374268868041496933054363566108611
67 133.0324496493005341621411718661009961458977046149309509
68 133.9908626434153216415745783281997683127681940069107623
69 135.8208912231495389399344098758698273121985605922607617
70 136.8263732715500172523131297873071854492910888910229225
71 138.0953595564688820925868983676560618427463855556834731
72 139.99828007550451125550428383073764484238732124865309
73 141.647847111848760730631584645699969234559964454936216
74 143.6384771451267422340859702545066238173159419407441472
75 144.2516639825884660045771382998440357294282627892419656
76 145.9196295674467836538408047333564929223447753831181701
77 147.22423028195671559038567983455502782777728491678509
78 148.6031369892638006181751497274404684920553010450273853
79 150.716489569812798947441085719360771601071565049352942
80 152.3185291515903030422529108520577103794266769708470214
81 153.190716494260005365389627614885417497896944636498668
82 154.8152161519251693336295729450460368315225871320450645
83 156.1364808910072213185845438658594049005012601497785318
84 157.1483812765944730160850556847470832182393605366101796
85 159.7182524207504666341841239644763590719179172033523586
86 160.5683146966258271868813131116566352385738150384985963
87 162.4150755709671963676784061554680088108467615360367063
88 163.4179519382985308007502648374082566685549173234491593
89 164.674326596558228336510175978176163484073873451495669
90 166.0662525292756456311159035356529323459884108519282743
91 167.8677285312811973824583961302033994556558603545009214
92 169.5982845608166162817429631301836569608015889433980184
93 170.8474830423991283164828105908526692392681615327683007
94 172.3076302538303021209393414351168672205080471842717685
95 173.0602336194162158907711877066893397553468373675449083
96 174.9713599306700421616371119492900314558196982348940546
97 175.9300818153842517534072421278193162923673186535475246
98 178.2561676554760250513581367440969716879960802476435584
99 179.5188334579215591348342378387774703131959376520647405
100 180.4313868100308942716735245698240111632770785095319372
101 182.1921165989120846744779587551636538167580151382844129
102 183.0869005284911818845673247140079401724950515614791197
103 184.4318195608085267310446005870251668184024324080585268
104 186.4672549599504074913409625833808475577246345707292048
105 188.0044327245106774804451414463746089942799712495307218
106 189.0010671450208929252549030566354571702164593992842545
107 190.6019247350436697516455366136774811720172576120650605
108 191.6303966754947377808974727349015012156473760311668195
109 192.710197236518362842036962079421784309774350229701117
110 194.6648641090389260821289638553905413342550453869933983
111 196.1084583641506395618971685254599591544080557712504679
112 197.6996064891581477035898678766676169176119450349384528
113 199.0088587986378827634701153125380142921504536324675147
114 199.6814231836026252932701021847194526663798975452022662
115 201.5880066361766954868310997293131680598162439184648773
116 202.3549007531268107055681265447664041840803810497519648
117 204.3415668604349517349143422259936689479903099270716696
118 206.0443497536688535685748357855867247535301458505933184
119 207.1403025362675275257536093674048515306908957641476391
120 208.2390056909817808534727913293752575100620518862947094
121 209.6818124647466164052940046324566661997455344097049448
122 210.8688075936374240526214801020858838421146653393903532
123 211.984134746517460231713012145955161284263775600571877
124 214.5759364179034157715156283533601131340993423801145488
125 214.9211261886521433849936528952997989516418380165240462
126 216.751745568452924798189537200452980739156284443098192
127 217.955809966512023370416997444113928949976085236968648
128 218.8770692068810971804368213108541767597211450576574095
129 220.2518653564464150263592646989098982347637861093041168
130 221.8954062843736675119328764542313878606889513887083818
131 223.5475874582478759878992275264072030948573419961967773
132 224.8255684231272534581370925669438164490284933159640304
133 226.1130457512890447076522026611843622907376010988449224
134 227.1639548118533017206586165828423891043185389831989391
135 228.3103629680669774031722936257662044047787463117173838
136 229.8603207599580634198834848618114841261381715716824598
137 231.1126667667876322201270735534543250930506484080981024
138 233.2473278856436189789391140091068962240530425753769374
139 234.0621858277234968753035772779150494498348172456192136
140 235.1901836805952625563327252882844085098626005210753598
141 236.6674232789310367436197002805882221604786181986468494
142 237.7998475385192956680701649247919228473995653524389577
143 238.7815192750406300412619213732200509249280509622656215
144 240.9546216199247324994968611695241552833219104460308898
145 242.1355516326779116056464825898105554216250967862569081
146 243.4903222257243973550561895437054297793165023015038943
147 244.4562201863482189074294829355247221961068805097305196
148 246.302824434501232569413735608421472882224405789916564
149 246.4148964765635420564502046660079826742642945863867128
150 248.3912475399704861853844792708333513847084368078958694
151 250.1562857449092956154453584813455384633361010015888066
152 251.2072964743793209505165669860672910844314546172245076
153 252.9333508970165767079338336104755335358691884447378401
154 253.6828259854901425818907542800586445189010738219000107
155 254.7600877442307656889381771104607470605516726403663841
156 256.4132882912837788985325574598236992169537370443963227
157 257.2810845872236675028941791504533703094966517327130216
158 259.2731974163285141651061791399083316556608951711259901
159 260.6690222258145599439379853650322182492872005803831561
160 261.733190004624820039341197353996951890075508057406363
161 262.841360384073421885356778605516925036332316593001192
162 264.0927251332627926952995177321194827950999417372567931
163 265.4054916973185359223680163989665731733736203867371065
164 266.3467688135146768972833080646699035219856072000305945
165 268.533404809192677484748888332017197720980934243038256
166 269.7633475290296341083485863131233308390940566267654054
167 270.4837926614863503655250388041261725018054166535590026
168 272.4547001464764193018264259795582419496870932447287787
169 272.8700991741168768320486818827595763678888061460179242
170 274.2075890142926003649506533001413287885970004924534574
171 275.7232034952076790856828405714850013089859467267625058
172 277.3922645560363899395085267505834077707502213381711075
173 278.5947831471114486859790051112394626165575704124400444
174 280.0288754666972236324445718249439460608503837638230669
175 280.8797118717170476356865653399116784773676945377925794
176 282.2108843699329377523119208383701219464647585053328701
177 283.1612291681609437960437190395944186087078854179694105
178 284.7932055175675124621925975924162165521033354497818258
179 286.0671767907198704912888282797169802499434909776580699
180 287.9857252919451081598293781139335141067810097109756692
181 288.7101028317685280899925280568047228285383819426726112
182 289.8196313865012344778991489035294613483754204069839461
183 291.1497160123117172640552885607773227110028245479093373
184 292.4994004725639503355055535165866414646657799088158986
185 293.1461579712300977481137921002197069596204401424838218
186 295.4052734131898037342417925579322105239112425388279679
187 296.5237835456866971017050104848832189006925758694676085
188 297.6932534938650103381632150755234158459291818477745071
189 298.8858526457194456506154807721056423925697054193703485
190 300.0442411125083812648352801542775211337129720571623028
191 301.1948498279908301652204813573560647041575933426908685
192 302.1477938432665982986830512620830750222072216219348395
193 304.234598785247620268537277390781288875468215853583479
194 305.2667177577765556448160965627393698681209557090496742
195 306.5746401318227699294483598415771530523251951918545499
196 308.0564168531856044037013873901932200287660213358590709
197 308.5960260978264880519980651760660251285025967260578234
198 309.9131659877852686282748697197151437631281015194132681
199 311.399712605129073875826550990241098759958070535271213
200 312.4376700421881357931327127831875882531670531643940695
201 314.5089851652463393255177944569843410237085033465437415
202 315.2478008258449931126573074641962523795456719783569565
203 316.7478679888822003771723258234406059733968091155735389
204 317.4099901024864872313102276173142495753467811722293873
205 318.9929013465492646343694594384915441706721268472824458
206 319.8835539237630993931196061230996104835123015303556829
207 321.2238504515910357705588994691536577068737856563901288
208 323.0883700511469865649313041178238490898948149297140822
209 324.4750728381284815843233326391118818094345875912594126
210 324.8682277193277467563590277149747416512200357075622042
211 326.6748998281159939080780831421868871321725477769962677
212 327.6899126465102265555038849566560624238168704119584043
213 328.3791490765487628242420571847085314953075541507917013
214 330.0580762971752635714505637036740085710366805563207994
215 331.7098350520466126253601305100624938640591520288298622
216 332.7610858506377970711469968391148133555138037200389565
217 334.2281266348673803722901227104030248210524919301295642
218 335.1090404297041190915490485077334707930345803505023979
219 336.2938791374743939019964500263203637859872032804510614
220 337.3231175951790040445004482931280921652488760012885044
221 338.6137336731561031870568314112670642033690528242482348
222 340.1689127234458901547485815746011513852892918364572956
223 341.473818484650044666614959269274273757356192497888162
224 343.0517875415860097094216222297198322754916960810355513
225 343.7348357774241101922627080693644394996425375963229786
226 344.7405616721934999750876009031168900134577317056660548
227 346.4045593485783577835670300930593575239912142454416131
228 347.0451340377145417337704021304834734327685745048072679
229 348.4410964843466321875973534080255328971165599027595504
230 350.558843705000225554069364257917099441160721476860744
231 351.1464325745365291818535459260229730853585150132906354
232 352.4767895649890209385142536099064687418744208367897311
233 353.7213052688793849509031729470439675889345853245427569
234 354.6288089346319006675085405690791389165384490408584125
235 355.9287153484598402463042525580997085830182878871183598
236 356.8195839741266301492852755306979237392936705580506965
237 358.9895043461209388458779187873723853950474224133892551
238 359.7399114153344768673764895954926576468311403482855731
239 361.1485286920981072881539816935303767954870691067480994
240 362.278726921439438093557652038701224516798471077565074
241 363.5106319487382906845063104068247359545652878098148889
242 363.9958106914321282714657074011701692605491324533752552
243 365.8571277898014062064777126206150590267767005838682421
244 366.810722268314985630901078216646789676749907455784344
245 368.5471338407268541785089984174850161081489219902868326
246 369.8617681201649075235034598818861456925974608505757848
247 370.6484770399847071984127888625137382747805322680838888
248 371.8867143187088590098767490260237131118069397697639745
249 372.9235154545270699115564096992619546572228897793758147
250 374.1996509445462756040027168236816651039069365092820857
251 375.183325167447268727201706429459151966514690197807269
252 376.9101424823472226888207644775997049153762689142130117
253 378.4853660305566824520151251384932489505455076830786875
254 379.1335701928066574399827003739151430527965215262805118
255 380.2914994466508269592037662953470013289031630075399986
256 381.6709343643993455503946423835757932796869141121306143
257 382.7357738451545721017193800608226305446675734223950817
258 383.3306100960119943604387268720468915110566112194093974
259 385.4542926492754015043639204702278259903695792718053792
260 386.5509105471780220494762208465341669941843091050190501
261 387.803689933327525977016456937983451969038153578747385
262 388.9393896785549146514156119681167789226735861747325594
263 390.1392963013306292534503277700834782629609628178311649
264 390.85264757721225794414552596656986274638991866529638
265 392.2636723340820452507742697974066344801782554066365657
266 393.3297825398181487972873719259646378362513141005826876
267 395.1082825259670828883923627063201959834998037052134462
268 396.059958299254797145390746520764289326685743848324806
269 397.6833541389148949725642726522464155871695733765744636
270 398.3767316395665468780589028307129934687052885961703774
271 399.2942534759463955074163013389609088480614481615628018
272 400.8379150520003045611501678319134788021278629574558929
273 401.715988765471655466877466402460201349633723964945698
274 402.9055408083916478010907842902709279105368287665108737
275 404.9146957152481314917905426001771218133734897228474241
276 405.7883600329932872346783837840585134129446583807636073
277 406.6595956182007995133518603823493069823424093846686209
278 408.189888096933827278539948355822073122483855996369585
279 408.9166420927018490959032271609715840122730020281865924
280 410.2092779107518588167145841919772756818185473451054676
281 411.1165524746463822285987719252643259598422438235657471
282 412.9076154075646134663399292747078865486079288176730134
283 414.4169483814212399196448854901518366162264680544888466
284 414.93040439611937126164383640841039459119690382164788
285 416.5495947361271965390246921800729625063884231390128635
286 417.5043557248394044731443520442344083211632918054417182
287 418.3643952179477547107970906857006603748500027084721488
288 419.4982943824516015932449756252166580459342474206367938
289 421.1079180301291049886625893492259004745400779702018428
290 422.1941392678897482104332228465296822068112296949983415
291 423.7726249632606854894164518982869445694209152325460539
292 424.9263560632156082133248089929097930946784977422495861
293 425.5206364081910641741658071431281186353921494525894671
294 426.9759941571629864215671531955021562065940082859122218
295 427.8782342823582140462904368585212743773755814958529449
296 429.1261527113034131549488796126740075881156341887947845
297 430.2922889054932422040269419897118613273405039728390469
298 432.1471581337812652685206732322778459900664148144278019
299 432.9587521208625555290544472052457573654240056358422545
300 434.3424536843312552762702710886732832087835926334266006
301 434.8313584607932514113576968922980699988246590434064914
302 436.6339390083898365121669387148751039211821292781949976
303 437.240633747278161858241432067001160031824200377952594
304 438.2244251587216964708471921768892090935014898226613725
305 440.3213875967476181206676821063640114974183712051891669
306 441.2088228266107867900948103336471256773826782920236874
307 442.3723845749648740523960466144711272563621964574129892
308 443.6068608429422650744238951430144870021087738931617769
309 444.680293102725460135771409686186787039560799142739584
310 445.4220885676530998502258951895072155792204069136690675
311 446.7673243789394074252823452204697150828105554318526049
312 447.9064252549600763398846694502095558281868891911455212
313 449.5571842135444109807005696261069553527837039143917191
314 450.6154162509052898660635551472400224240311361518719116
315 451.8432215149324578836928542810775759040312963067100076
316 453.0667255470175199139303931444380246515132186859321825
317 453.6154706530795519759958465253383003653739573045115314
318 454.9456885533144435839739291590492315292132509260467815
319 456.3461171683534289756538696266482218541488440556537625
320 457.0217267129592256276524850127264370024949194184110903
321 459.0182586588230251680858055492739547575484069325795644
322 460.1607090954940123196394571764962406680491770409326683
323 460.9884986394364015749699138529556568750530798092921536
324 461.9993049963656576499126373890048784042970601280030412
325 463.6047524158301616869466208858630737904096584112269806
326 463.9786741619343018262482039065818926965527435815070874
327 465.3438329118085048834602696052650878605083780216011061
328 466.726573092334395191121715259220313045422274997621729
329 468.4486648106179032851462335362291429174259935784368539
330 469.1588573986386529621734953649582272231070862954552138
331 470.2871255951251006843379773869850726223010655253619127
332 471.6299209838351463190270805930045109571490373911107967
333 472.4524553870889989069781259734381254878784631708715108
334 473.3871490297167142567615941795646032958554314120304909
335 474.6450841651777048659807479134392997097861452442897165
336 476.4131186018024059536479350121134881214815383937636716
337 477.0860289135917827496725308823984891093650794880359687
338 479.0291998569226679282615821368195258371055428336907871
339 479.3973997505261831717592362707163314267691064219634494
340 480.6442433245705747893648975229303668097781611466853241
341 481.6450039520016181099951779304701713471138868876970875
342 482.9448002520980439433908026041348108294080932704198803
343 483.7946268201109073122548072281209277199897223598628268
344 485.4127811858150168870040687397956310056392793079014371
345 486.822151673584827330864699080602315348934380980946644
346 487.8331710119405418133662857112667222270737986652819898
347 488.8061504141686755210550637767627127191136421562437822
348 489.7662810399685911314832155425474822138235179416127308
349 491.070330632694935613431426590717471305896401907982424
350 492.107637911826084735915933141306263531515768203663707
351 492.8347757801157725113819289933403706109257137550830241
352 495.0134207625413358708014456556570789894200824001320754
353 495.8833454899823974163793205664392169334307502813449607
354 496.7425360797046386007205049430404182223078767269464433
355 498.351512093400623583538980476309499298146868835741239
356 498.9240138966046441110311552677465722611864435698790677
357 500.1563926426789357290842778599050509109194618293753846
358 501.0127306246829870066656543434752819101517463122673534
359 502.5380248223956593534292814301876804101752567812885893
360 503.8135531819040031413104061866286983437337456871955395
361 505.2215339377752293435618089477797979568486912435346904
362 506.0165919654559640959328471792676579016578547350390385
363 507.3890990121651434105927871920632591872169811211867478
364 508.2031188017498480529375045258939814586596087605096918
365 509.0135516825147634409993320838348320971266290855318077
366 510.6737424773482179204143320892540289774839833326029923
367 511.3480645174797498925783026047471291658715041187887348
368 513.0202932069243615980831300080904601657630832805366892
369 514.4689749535045395868391809206915881818060659963432251
370 515.3042176942764233723250826835197404300779582089161787
371 516.0860823030057109111249002933112072268483001500074458
372 517.4544049678404046690302897031464988870502924779163246
373 518.6794575577559746229979970025759378341526440794267017
374 519.1100183768177184021782884829858745747938590454829754
375 520.7624337199770048350869323516277094581653550473186218
376 522.273360479460721123035990744622418714927485694637423
377 523.4431049572825953444895209906502758762663929316378969
378 524.2520994573979078237755461281148006114579485156991374
379 525.4748184043414584754605525537651018574020308498975176
380 526.5398414907120791203680529351448615653122996161986379
381 527.5925834963743554474642794655959523899770250677704848
382 528.2625037257043695522077451771923984453577149995564083
383 530.0226100056633200623643760416365636147542448587773923
384 531.345648371676465151647223570936881790330484135944045
385 532.2323061933818128098127157144073399973149271957383373
386 533.6846642854942745409139348237369318292593373100403993
387 534.7832910412032801818892483715301666480736558410892487
388 535.0773188709124860956749467313818609772740304669484379
389 536.7862321975938433951501499022557663828925584366151594
390 537.5977896650461391586508044576607847156286435808789405
391 538.8230999248308128396862266753657422694489094464947569
392 540.4083522006577474333298244820868436053846248259338031
393 541.5291796788548545100585744391645195586726777714907554
394 542.7196322800789526593334296657851217072809547327618198
395 543.329992655781523955579652076207978146517087219596873
396 544.7195844172088232112302192154224260662790246766402559
397 545.5408240119936707463074936966550617145121453978359715
398 546.954129695065786753330699058843229614838005294653661
399 547.514148936416209113804593970403392004885877280493691
400 549.8863727864124903970905708197268040752305932910358126
401 550.3132294999228769807318142667343696181678671972272682
402 551.4340204210081933618921019747145816865448037891070301
403 552.7254813939120874097609055919856084139897698213841675
404 553.7416710255736127977097852778634032194115905367560457
405 554.5554248456961075367463867309512788591834537193510585
406 555.5684887375562510233719859045750233800702893942804634
407 557.0862667279514412673986944637378151368509719467316625
408 558.3597202089014309178895904243773666869325032738817459
409 559.5611310792139406705617456993865101083385383313993751
410 560.6223167796622392113467710960525679928416726710841378
411 561.6114366190000939778022441079954219293517743639589272
412 562.7765338451267728446067534088961132327999553124715581
413 563.4112343394521588673228984537365764406051096096853047
414 564.7787487388099447951656794159125144389693512917000145
415 566.0024181898542313478542168669094498629187760741154888
416 567.1601141031264125943323418003054544432991820862117113
417 568.7637842113446965079570416679488687817549971833412279
418 569.6607891100117366076409548500145057465893238004657177
419 570.4272355244301370408889540914676205710731446953995391
420 571.5422304890752871116690526334748182598052299125486777
421 572.8647418234379423539062921929641815587124594745373252
422 573.6236313467124630750247046656002333282013869425386344
423 574.6186005943403261868719962139227832267909890193712322
424 576.6669519018190163338813207082974542345382229008832135
425 577.2413641451125791600604869902794528812454265754713902
426 578.8254824425303973140988704711038882707110983486994494
427 579.2520994350059029269613428281955369186796567187567375
428 580.7234625043572962939453484339742278770481440631023768
429 581.6979306631191850212183651707344874101466185990304102
430 582.4216573389029923860483894360482647826603191758996245
431 583.72832334598344936332877614972946475669536703530219
432 585.4389309682226636653590828754987366457267771612133399
433 586.3259725237723565655891186506582242239377724433154192
434 587.3469651310184334747859156606803788333297590628485077
435 588.8452106599484437660669329315977631424511098372995778
436 589.452212254776710240857155129372801721650259256930689
437 590.2197733997987760514545565229777976842920480197108431
438 591.847627587938688320750760259585431191645316606563905
439 592.5113093657920430071921809815378442318462198735604017
440 594.0464235061286281185056739807516707778095818659046332
441 595.3878348577767625963719163970597653793574666997588806
442 596.5686306394250270491828341471872911096118728376849048
443 597.2631725264031654732542012586536561107870149355843313
444 598.5194541215006644716528856931228917683369400368464719
445 599.2829299591681327337127383823268806924370942331699517
446 600.6856315449810701114920132903280866263266123527833493
447 601.3916876949544362580743684351550831501808152431043968
448 602.7794142185645248612207113134645472524026636894931809
449 604.5370003602297437383019240307155334606236570277825455
450 605.3082026956367356855392207625700247485212701208998625
451 606.018025539515053100643534733007944335613491984112586
452 607.477809770659357773331272579129175220103287220451115
453 608.5301879979211043565323645103222594046057604194423848
454 609.11081886265746736617376351678724459637157413971728
455 610.3261160980714165966275208076381412562066991251056291
456 611.8205017297251678659581902678749774064446918551385159
457 613.1674106740179954560984181641918245736990361452353583
458 613.9777797351013730082313780838730535528076420496991382
459 615.462489157591766109816826330142046622758795642830853
460 616.0303285924098512515588424980963379558548032607789592
461 617.2638063079505764243243422610030294844464675039924992
462 618.1821551243407399680614229861284831590627105548427251
463 619.1168800452857042710419771957180745014078825035268314
464 620.7368778154445948704901255552578148632708793785022561
465 621.6147330234616456457774671615241583962914872273268655
466 623.2335231476163340921890336795972220520372924228770516
467 624.0665798685338084544150998016784012619792371304195064
468 625.0751564322204423859119610372811606697517745476187742
469 625.8213476039693117331810337339864503344828845474456939
470 627.2140459581235467047068629942189066067292321820255495
471 628.2756475673508615627091003845434756546426561604767717
472 628.8509939046310056774871390782921309762136173167808995
473 630.9151680453488391958478076046398240310212233450006035
474 631.8439283741527510368379034567012770691561877099549641
475 632.8038271090159889875624033204375927502296038203878035
476 633.9151554982466975830184772717685722306661016048432778
477 634.8367875851349371121038943281903815609938642198868943
478 636.0141220927648518429462972493442178381904283610369531
479 636.8394511699794048142777802986051109157252749008865543
480 637.8352162410553131237826175954028441451382692568611161
481 639.5349536310770880985477618066788447282569494282886532
482 640.8601425243898428323197002895598306820812257622394621
483 641.3142273980366490496595545917183698622862616231117617
484 642.9353193254099721904077937632602717558305323338632689
485 643.7086090357347739354543520605550121754578054123963783
486 644.6886211086911471884161613896924832490941530524670128
487 645.4342277749353132796769350135428613941393341461466532
488 647.1287069788668745985471257374085408287961018270599801
489 647.7720098755977567218936103655888537283654933909396462
490 649.5325606993842834760131732355921573050176356924537369
491 650.4828324410362492681933829723803375968890665847177409
492 651.5646526372131358187896680031394585558366001872173742
493 652.4314158678589096895845693447852551678564249970911449
494 653.3909604726604144686976146698830928934343959913230834
495 654.6048833260269490218359995160691204777502209346130301
496 655.4721564066804599596613779243986471254778162392968998
497 656.6523173020637563348512201736029476580145866368861369
498 658.1130222023188161866504565527375932657145689544107419
499 659.4816164227058374203292042156185702651805425476601569
500 660.304736630778720179018245129815842468913879715516414
