# L3_chi4_q4: first 500 zero heights to 50 decimals -- closed-form continuation of the helix
# engine: buckets q^-s sum chi(r) zeta(s,r/q) (helix residue-fibres, continued)
# first 100 vs comparison set zeros/L3_chi4_q4.txt: max|diff| = 4.939012061938254e-13
1 6.020948904697596654902511521612085868864033963006196158
2 10.24377030416655455213775747910995902486415244767467012
3 12.98809801231242250745310978956299376497198499733899078
4 16.34260710458722219497686148345614993935068777145412791
5 18.29199319612353483852600427759069942818536484021536453
6 21.45061134398346049720094838629223998914519312607682557
7 23.27837652045953153181955888634542277731499885889672336
8 25.72875642508872756726508867427729474477964161551737733
9 28.35963434302532778565160794178641839102956753416086336
10 29.65638401459315272180990696821879931162641719706516567
11 32.59218652711715513081519404895881522655763062165136339
12 34.1999575092131469130447954700028838924255140330441621
13 36.1428804583031378305658144701031478293778528802277546
14 38.51192314171869129377650468806576564222177595317097017
15 40.32267406669054418034439436231202643025740726295536272
16 41.80708462000456233715752189724504250230181806417967637
17 44.61789105866230339348204572506045685785534738333312266
18 45.59958439679156674593770229335541303276150192928589622
19 47.74156228093914125078134734303807748822592364361919157
20 49.72312932378258606656957088097042897262756638734921998
21 51.68609345287052843953381111031933957332415132168306326
22 52.76882076780472926503507657877660343868142595545318231
23 55.26754358469922484671825965691546729958513462166244429
24 56.93437405520229688680171196112551283952986463624669677
25 58.11670711067391797726236754699013190376564826192165491
26 60.42171394900783467301861829233211689449358005037176719
27 62.00863228576776945193061550294029150798801267283360957
28 63.71464111878543312351829795678212515577832411816587916
29 64.97617057309599934860592473568343100720574482134491225
30 67.63692086354606839805499115056785849568094749341316449
31 68.36588450383442296123373814440329481181313767062628306
32 70.18587990880211206137128212417919950704803634851700321
33 72.15548497438188121469154259977524699689068515106999462
34 73.76763552148589333615462616253032355446736562342269508
35 75.14312164743311140579800042581837073785038020361622246
36 76.696303203430199064566659968115381414191232348445406
37 78.8099983143209130036917832027988443938120696204548062
38 80.21013123836663891514803266851344621412271934054278618
39 81.21395162688315115773483335135021666459013271322309943
40 83.66665601447057165128331036080007146307202882458628605
41 84.73174036378162860821757760454962948302105665664536293
42 86.57766016839026441021054872993620280485831660486622194
43 87.62971811958789968903943238728156781974956842983952567
44 89.80113161669581132596938829458816241305172167588027825
45 91.34970381469757347393101397360887294666012138857398756
46 92.23749991045425804600417577809644103732427548485731133
47 94.16661958596002130705306093457829989090207850358168507
48 96.13601116178055818527447927251851367360253973644664497
49 96.96174157941748357760774332611120589471476122177223106
50 98.75530041575452766860397355623373667249132734756489231
51 100.134886703067685290192319001377017560997698293736384
52 102.1413808268896138267599784641723992496318823128535217
53 103.2880753816790027015933392620996390503472943385706995
54 104.3332698442674545049508521828932174256263212281663473
55 106.6944589088958417296004002682833484240464849814343204
56 107.6902069751467002081294669597129093028975267678501
57 109.2599429739281924912897347792559913340592182141188983
58 110.4996081764290947804849081831659869335632303068742295
59 112.3678167440121799571666101642019323110211970205910975
60 113.8147955489926735395630921685670050046104223361917444
61 115.1423696476493279035094372889798250566511097811655344
62 116.1932046584612189896301397671607352863357070866624616
63 118.537554378846861657800113420593193558938302733672421
64 119.4529898762090903582418623714629692227937828597342113
65 120.7312936186603769336848773386159464967026160952795491
66 122.4474613790687119196794766612658193562661531960943363
67 123.7945487603195060987938061746355135008784181439828048
68 125.7685195599155937624963995077703528112203318188678268
69 126.2987760249414090979001471143229752506870138212131655
70 127.9594076830632993830558887495423024031380924314203791
71 129.8856233586454693262350367285340411188270587804069537
72 131.0935787540839960752343680606938300807691395440511572
73 132.1435766009878278805013212999586067675790148450200002
74 133.7441814639748131914237670252802708742099372435741399
75 135.4908372525570022475540451753536912756255815831032972
76 136.5473122672825583893312734683001551602929508144966012
77 138.4572945096962576650903807234551464543972870838792656
78 138.7501777046114401295476894599442969422671576519079771
79 141.2536325097517841280666986922508075375710469421966309
80 142.394417522197782298347001242468061233046005801544888
81 143.3290627416177320115935907644299848056525001782062322
82 144.9781662777113621817867482457105325458990940587572815
83 146.5220052849083384899583835919362264356989680700036575
84 147.9345308121809170348102512496776237651092931158873937
85 149.1884577173025363817680281822648927230591267284808097
86 150.2963590015431214580164088786824912306661540447600602
87 151.9619876704836907279184634643995805901881010922834785
88 153.6996126235152605255059752922124290840386870771655483
89 154.5754914287199173362929669840768694219428897404236601
90 155.6502486632434358681153463610120578345519075380799276
91 157.748305307902928319074573993940072535218607933989728
92 158.7050211255293511249306770579919979536536739136221833
93 160.2364840967710423337776840056087289581792718693622091
94 161.4071469761567073452813511091055279257378242165712974
95 162.5660466895990396262741837837753079304724885700993838
96 164.7311646165768969199075521807659800043821253677927843
97 165.4014192858631540946148232865917443736814654512738151
98 166.7538791691084271146792923813907843623932033262111893
99 168.0444207817097446207428459004673989157823748926127913
100 170.0511311875266902148481014083532482772498422099395175
101 170.7347669945788054564557632593010653690357405314494197
102 172.2804817716213381183819676303230009875532236489391469
103 173.4429788361350157169707967870377926814506857715301982
104 174.915088085400573404415484546434953616201532810020183
105 176.597302141918067442995583712629531677075596255276994
106 177.7012125745737758080242681111715298908575066956305994
107 178.3623749089856556094120609598883702225080515603771585
108 180.5693103852855313977944979946216590835965568595714123
109 181.6149137317043899809081236309743769368244263893003068
110 182.9167683289689672272066836374099320185493403138867675
111 184.1150323753683887656710373471846890019402008122652303
112 185.3739966077004749172148105493167956059045071044550462
113 187.068760590694409541455919244036676034133152996571771
114 188.2713743322707506859037658566703048320027866859984482
115 189.4917314921285425135818544950257739072818902343473552
116 190.3711876107557727433364187216944269929483881081930341
117 192.3611378760563184074160520330325321848282438363010132
118 193.7970729261466809945543608299826341305078821177112753
119 194.2318832293608992219528501098772118919655340231608489
120 196.132005654684284823352968395384805481621190968696835
121 197.1134462215764085377633815395862279903624145085906542
122 198.8064757361469067113491622418276279584477306204111009
123 200.1620394286986302072022357951069446466767276387679138
124 200.9016178707688794026033539401898355554803039165007465
125 202.260577995931730839765346032650654025241819606108001
126 204.2210707801582064152207641086200320987622348669180375
127 204.9920034550982837091663788530609357592380741092705699
128 206.411911047611243314311016800022109209674900090360513
129 207.3173774818878583062742333998035030045248188417316272
130 209.2277524926480130523959664591585146010711279272122714
131 210.103185517398540170726380603048087172393870603431241
132 211.8334118204238991921167267325141743229478886090235844
133 212.5376075372134241976737363384208019558642547386966619
134 213.7618421012781021271345889021908381060295873845173969
135 215.7938183820155996057704288438686802633802308008492624
136 216.7034152662029654763436601636594634925061276948829466
137 217.5819314180380170961117584606952472087312513162792647
138 219.1726705669443707246629134249138081343524724465090051
139 220.4056217106369751579599363751464334749545704745272724
140 221.9285485072544780491493699955360457055114181665706347
141 223.0031031806291613552823977375827940114437587584123622
142 224.1222384879468321500475875037755286571255746374620632
143 225.2932614752053580654618602158904043928866968816951057
144 226.9881884883753747196142129729496049942296154630430445
145 228.4055062974363792255980258693769253182374229147730277
146 228.9590236326752367510191009380227810720992390518730867
147 230.3301305778048023059406931260365289685125441587114147
148 232.1004817470690119520368313147912841722383159806956057
149 233.0480637452988040251057039070949911071999066924581527
150 234.3517877018327855912669164952264176836382985570058773
151 235.8362187711414687887159810098556578420536349032323618
152 236.2415604944756375476571835773706387610077553614276248
153 238.5371130499826214419833657601114651540635792787178687
154 239.3384881356196704919116083180892829966342181153109923
155 240.6267111693930673219474183942751599655088576191867553
156 241.4779209282111958613144527556672480474838548467596439
157 243.2289311797385844025909457554383576057277864706874489
158 244.5131685835881589106798233481453247141704146031862297
159 245.5648813801139591572189105330663992304605233020715356
160 246.7240585347251352067144228092140728261484503880242116
161 247.9951185827384266634573768888589394526443727256155542
162 249.1845089648854563792635968571352091284018639915454147
163 251.0865631504561951221312050867490980534956091808238605
164 251.6369158396143055430251567039939435941377589865344494
165 252.6234457796683757041086602044465042348813247659889782
166 254.3144373501227390090154482375805409702512486368748549
167 255.8379180497420518983594838988787723216886077794727195
168 256.5045849473484057339058908990573011306916256612778138
169 258.1652628503512185523657774815518926658036503122550451
170 258.8344705235249655097719096161620514530525491438401286
171 260.4304721349255751575593329308752703505768156106509119
172 261.9136149876498057346450331230337605804678070841279156
173 262.8836173424606315050916681375459611971594937252454614
174 264.0542578881282539039616366280269562080620019880592017
175 264.9328591412200836453432776894410487398646236666222845
176 267.0006511997152322068419626645667067123291688262055286
177 267.8014469846023296298998241540511160740034043184939382
178 268.7833060620479263174796600592756257046727658769119505
179 270.278087167481904170413574605031780430433611908446029
180 271.254983694448837962652278447852545464291297281815858
181 272.7558786016934182318463625211088011485232205943568869
182 274.1714583125190908501864246853376829088540923467705544
183 275.0331012365802140326523202023000662439581603070693319
184 275.8589460110830768633337363968267767623952116610977582
185 277.7723226383192541784139701577129423774536754376646399
186 278.8036838872865385880988769640957291376703424448310055
187 280.1571448709746051233547603297156325944403882159530541
188 280.793106949409114651659212631255765682837862996115177
189 282.3796404635612996937598317029738550608584790004988896
190 283.6045434338830779399682716731652689657521024587875092
191 284.9255958234167167589099713517467803918664901871085558
192 286.0802333077169530412456300339223205005139648212239579
193 287.149424648241851930727885337451150140485304640458362
194 287.9784762633213292797635697310903427151428809417950747
195 290.2521469951745432799908083392002570972234808684049896
196 290.677296323260715251645448204031353865756607021819366
197 291.832024588844755485130715148787511549478816250503245
198 293.2024341774728771102131231806368798806034155552736263
199 294.3272684514597673766604101481225552862111310042150937
200 295.8034708247192577698895218647085955769375057723750142
201 296.9006661388549328816266773185704309967218922045684439
202 298.0788741148922600993019093346796973703247366594486082
203 298.8703203070775600267691077573965588728513761702825597
204 300.4344598505345346182042038365885960827716864358532759
205 301.9198425285971181432353205572610886697200720890441807
206 302.9179375831171951368160012503712712053965502976994376
207 303.6611180403338911648413130346548117202310320321266797
208 305.0652088654190044081505004863502229247624199677293386
209 306.7951339637121210242595996878158531881768629612968473
210 307.2860849367148466878962199261370446737163702664272506
211 309.1224830304225209641205049080925580094193534545322175
212 309.7399076139748301585979058960785309718164969105817693
213 310.8236749609454222606649227494932636813410903961011621
214 312.5563668675610068806463469165747951193137342045764349
215 313.8779424550679378778424051182768994287341209252083664
216 314.4331651692889029210383777327735120532848718714881534
217 315.7349861249269618872519071817402221147429390204755187
218 317.0123180422325972651546179784473406685742836369492675
219 318.4562172563550202435820221675932875181658206840774794
220 319.579691297035399856208624132885499117614823357795815
221 320.4063036444929898362765297630268472842738402796919019
222 322.0019678044903299229014660178748884437441281122779379
223 322.5391174237919166448689256354599523884929740652279391
224 324.5184446737242946824762174723322542987965402949023102
225 325.4747840441063387537319268809800264196937724696147008
226 326.4585412198653950447391026281124397893304573056499358
227 327.2599317665115770516465481474962577789224746909091665
228 329.2000979375791803801991274150798949889396035753174208
229 330.036049590345863625582528949140165573153340829496865
230 331.211402899581858005305658970204167759353084534437577
231 332.5729465282334397455455652710096139290455058979557483
232 333.1815083286944469392285161760384985652025959770505509
233 334.7686998946794175144196830061493551139523241911701188
234 336.152717554433284433502100993131175659946196491708671
235 337.1396630547771362752495670057610828547667158042662525
236 338.2262826860366669039633391789931469892814379605113522
237 339.0112526151997789081645152388817182762587250822580197
238 340.8419523523529216206671061250105518728977273171263026
239 342.0261531833646974137410674716995774395233849937362208
240 342.6858582373587706792827157477427212508638397993232906
241 344.0836661565686862627004762696226009872638452767499237
242 345.2097753413459573044110626401234111687185978984416989
243 346.2627604671016941476647978136562748593168454095304402
244 347.9246481143632697374566129313809041746948000787700006
245 348.9817983885468120149499228159801827381200753690770635
246 349.4343424566002814630006007085097303377099819134506917
247 350.9772131093086171005228543254626544383134743274256175
248 352.3917682431248441639303136222174396949202164426170259
249 353.6933333256829546124685137285263491926188932823945913
250 354.3017377414641314355505898207787331723227616269289944
251 355.7444402625970306431358347043012048855725572682451231
252 356.6276472137673985753141096098439636789969724408467401
253 358.2882750929424366211009481669107179775552931302499091
254 359.0964611926055643566214138857396294007167352658001245
255 360.7110410245589243479893582052905719299446476595123621
256 361.197493036208480607452479026783848698215568567416065
257 362.2769688931667497705396854910732339347578327955227451
258 364.41972443183521559453173569293953162145100507210617
259 364.8037360921119966497987857289674337395894906734068194
260 366.0496895182690012543463580370746729069841251466812016
261 367.1255349350747462262053663818031500687529548961271969
262 368.4338148898077761672916077335557013139366788294554691
263 369.501693331896440536371018311516338683066082703092312
264 371.0690160905648737699591025820817851710605020372257873
265 371.7700959151502466275535791594129895520039474702124107
266 372.8848608865911226393246899363390270581586068303011698
267 373.9348689154616523799502265966639752510967196691991141
268 375.5468747270075926960247017995612044625747562491623467
269 376.6839009379746539367477905651267696632469904821271402
270 377.5592232741848044307652399569754671321220606918699591
271 378.3869290457616630146695094946501123082237036513911765
272 380.0570731823139939966249588928877088777365166473788732
273 381.0486701230352553532850229604472602135474908671168548
274 382.2397664190157338254422377078129811330831050118802361
275 383.4850923542027975470084695115744773815052061276357539
276 384.3728456816805919723012968163849493653795876138188312
277 385.2152276718100110520672671575443802737816905127495819
278 387.1492092876308094595627758057959466932967873355871073
279 388.082142477715349785075529205742778205212762805001237
280 388.7777179618526297788291030278348107301500443664392794
281 390.1691126288973758248577388384956477209334070258305496
282 391.0819257199607056364820762276303666976767085958911984
283 392.8517629133617494151722895126663731590248355615310313
284 393.4434077110107140920915261918316460412649884658888349
285 394.8199970917935633992004384868737874232937882503815477
286 395.8046096034178296276558608314408268539476033768775711
287 396.7344554225485063080197069498739855240564939231420918
288 398.2504159767379466957124019935594876407289335415779796
289 399.5655109221428371501170699330034840381664120061092863
290 400.6928757687115794343838349804489146275071333042749215
291 400.8264309422547318135722239135200947798694279387361682
292 402.8183184588996972949913858866479806608994539274002127
293 403.9074050434836080884771320312761343872608358937773754
294 404.9455862206118613759957847148597547490421763841758736
295 406.1612477978882182837592234615510375716375525128845207
296 407.1450155618871805968322187147828055452982283595772134
297 408.0395266729539842871170633891262733523233794081173552
298 409.5882131208357647653279288421811045536899309471179814
299 410.8716628634833972562447402454897597438425909038510029
300 411.6605714508530686255969330192433689142288549875052138
301 412.7311469575827245352595916165431917211608575615361604
302 413.669285395295658137077430685739028872233587241166872
303 415.4292958729206053433345755216398371735307048470179489
304 416.3705912266159986762147974423675374853667686392332435
305 417.1292702136133141970538904062802624347588605749706789
306 418.5574767268274943568745234498617603835008088939648936
307 419.4874594223070529595380503580553467590341448749962557
308 420.5289538979833121243014068844858761848960675971456287
309 422.5103730295799395812912388429563574255231031139620454
310 422.6872546051342268536572669870812759384670470355928746
311 424.0668954927375279116779874457830780587684023730559323
312 424.8233888200049631864585041772354681074882028199336478
313 426.7324170086494599710725399469231963934580468506487568
314 427.3840178113418017106211702338577766702543849255926063
315 428.6981079540674684462150622180879980912778735770057878
316 429.5893859724852216637696248636085542718748208262429856
317 430.617557835895920596936768138037613277239780159354028
318 432.0607725159701751635973892448613148005170980427010906
319 433.0374431195775491061979622961517393932986540679903693
320 434.4393523989532303725778987851370328344130636290784757
321 435.3481541603433508857853390747640906173825464306560225
322 435.9041636774496664998333384367810227543380215223304254
323 437.5822193991931840771230762213526827708105315401065513
324 439.1581082551973744287000824304097169096445150218728746
325 439.5375694451764723240136776385003145457358130535611535
326 440.6772278998545002559421714050139849135036815560212907
327 442.1697399171824047073384569816705511804904296586719944
328 442.7770442912218304593995660802164624408077200314094547
329 444.4382905078887461488730008564023839559519049568524974
330 445.4637391684133745717113130399862768869973723516159224
331 446.448331621937080391104088770136024438160856111557905
332 447.3020089048109206937709813512543177917135032894293616
333 448.506931088657839584317883013818781876285725329401285
334 450.0566203069175123775802095506661613196205803515239414
335 451.0707759054247023168568904774491591930458985683503199
336 451.8399724609767909209373031922121405966841676591500781
337 452.8798695382792819297266949599903084338329095788432317
338 454.2535143293540374058506324306690208192828384528191629
339 455.4224974213785268325868058313904359185261300958343455
340 456.3924981766489173247255291076126857927170826160343207
341 457.7825505017346710272064383773562616588117073711736692
342 458.602132213340034655427617224518627574474456084338677
343 459.2328833740285416968706009458501509948842775040689605
344 461.2298600896851364349545032346840737941189938417291854
345 462.0932621039507740480523965708766423501415379794263329
346 462.9845743258505283911266864700781641300380536058347854
347 464.0743501343873083626986695836356426117142459079119614
348 465.0844961476044133389481737177559201782722315408792864
349 466.5652940707548298041441145511586083002784643844891739
350 467.4698784370246811270561160682403412286145745959495787
351 468.8527634509716679590922786905210955697873311921332219
352 469.4101534240184221440184652611771436819942948407015202
353 470.8501188981867466990011838930264241936335947529151642
354 471.5584886203264317500964051388809482787490293764348773
355 473.4496394154614986216165491618444321434355363236216824
356 474.2516613311982137881551332326731311505777902151737811
357 474.8624034163399942381935902347380371061044016306891917
358 476.1069088364217492248370548407696859752509521994839412
359 477.5245048886671043951804722322774274194946420195016561
360 478.5851748780898665396210615380207997628321957144431762
361 479.5637908589236582023296719814874147757011332502577822
362 480.8534311554146902312491777414088037766657387787024524
363 481.6357251550838353595330441386266548760580923154025728
364 482.5600895562204319803790196261806279237680610165183068
365 484.3734517629855361285534622522808129998141757755317347
366 485.0244076848567624019939286759483834725436839003307183
367 486.43385221502242224856999643908837856362899444706512
368 486.860821172527327510630461222521258441906840976248176
369 488.2017463753886811138668890727603961588618487473717911
370 489.7275841314972332742062968804454326486269079222038218
371 490.7259118641964669160525077519732692519367563237475903
372 491.3816567867895056882813355780017895199283334164389144
373 493.008423782596829962290004324247773772130169176941671
374 493.4820835629862113758701787189341859843397030392147433
375 494.8408818548194500561677015259007067302693308569580446
376 496.2645961722145496989871449718120540305471040223916803
377 497.5146502307831916552005699990943500645101564253324102
378 497.7645505412582899730847424351848198807680027557905594
379 499.0214117463165850961717162067324527247968002952112516
380 500.5977739315263005502943425608585092078837183845791804
381 501.470600996472423712186428820524543081998376573097041
382 502.7754581955358402457396838179068243910659253152617676
383 503.4664305496215448745379445649051877977415589650876937
384 504.6541249614305360573700351505594493726408720762838673
385 505.7391394395631412692907811990811699399961552311555207
386 506.940053081678172238400659743507658999500171983175812
387 508.2986736851623598474002617953595394139020589049290059
388 509.0177445471133862454764468853046593912096063743483736
389 510.1633885675940243189780271951697179904166308661281235
390 510.7897573064070830583926137491238662076638816795301146
391 512.8299079824194041062091929389773280640197461367778073
392 513.5236032534548556887487313039480378948711819232810158
393 514.2237175297289866957844515196655486389349796086750533
394 515.8008894992311620952796960443810539880306143772631953
395 516.4115845471200997771983713098142242289605725272141312
396 517.7359754154984848540157149764402147936311335391443067
397 519.0169866724148547294406747063547344372490077079116637
398 520.1672927152597006440412571865749112246116333968408398
399 520.8726677830214112245203560316015629884088276253519067
400 521.8414813636147640928767351055610375531811548016711524
401 523.1209862530989358936509100101977345745212018689012528
402 524.6029343261714146967143025059675864563123111910191461
403 525.3609488284229151528673790142283956208475617828241225
404 526.404135942230746919443351968412189739705498438393381
405 527.2006661474754946004268123015432694388475084336672686
406 528.7556452443181278433092914449723659176304104534106842
407 529.5794678996542963092494922706066471553327226947524336
408 530.8423358537776152391701580268660309671050599559255887
409 532.0554959397940145588732274603488794041729295186042438
410 532.8153584746462898772604125929638115627503224078275767
411 533.5083832287072466735465723325991484839940334541846653
412 535.3309577863146226401692773884383947362324063048106679
413 536.335200439568643917032686122370462862628960848036533
414 537.2271070449865472626348921281607594087779620803624008
415 538.0268267703332655863533780542435923595276452043139626
416 539.4508199960462046485304207898225449799012500539608283
417 540.2203841979388980220859229425213755329776210941947114
418 541.9075991381138780888608061655802611846892173252185942
419 542.4625630611155719060099500992801801077565349532998058
420 543.6960927603489812178643510065964547577108974811935164
421 544.7854612643174293240502748154945362188335926043509762
422 545.3834428472394178407649714442517507980169571690626183
423 547.1872580828530371130235098909202091869878213139665022
424 548.2176791580563279009083431123071280643494945811549083
425 548.9435323187861347442813379861209769334625476200444569
426 549.8226396737208507205287660997813562328882223229338731
427 551.1198674033145863711182591074748539349244203070465162
428 552.6147956652257265599715779854001457613047773241004984
429 553.0343450585152620540566617260733731813677523089768967
430 554.7348011383175068362767316237078585964389736568091803
431 555.3810620321719046706865178311345074127978416558424259
432 556.2186899842312992339608253996826181885540329776409062
433 557.56254652271768201560375807430991246265896742732257
434 558.9896836959291413728683472347545127432560095903512146
435 559.7894208525300587747515703442002438267446362787400516
436 560.8241858097515536864847354204558851151903317863346301
437 561.5795528524946038415303616256817952299173180200776464
438 562.8849188551249641982795413273962398303312466315545691
439 564.3751522518196721260086964592534224964095113296628794
440 565.0000100365370407900924781591541820170482092372984081
441 566.1218678063805630805968060297841686692849605634540007
442 567.2955831683173233119611117826383918194573713879914467
443 568.0926736677289392886363809692892545833929272621263295
444 569.1816802994340793162734985881686251729768414716299715
445 570.9348215312532568858688763691069893418737593098486326
446 571.5268400592477106977881681775665995901740463253267396
447 572.2400677588466161062719459986301712240330151816809198
448 573.4681818344492915389411065710844819512952899570430414
449 574.7318736134633185767794586843772696867024718624516439
450 575.9555575871454419069642659395318133628823536289614933
451 576.7984209701595765237876092845660844863457735859450549
452 577.8693624053099615664443910427204390430499775286570831
453 578.9016965733924390092723780651753095745660068165905401
454 579.7474187394313554238740999835229058647663092557340386
455 581.248096442861343092245690465479285116197089733913132
456 582.1923709481818191442319138655740855934085168888796054
457 583.3513493145512805211307728236259301779874452050452195
458 584.3417991506165507598398574344947684445745320641773653
459 584.662080711478200725005439676351663050631529985925705
460 586.8551283960004013880501907317938505761649240593912724
461 587.3635300899338061457122844151130412887307581392902086
462 588.5717411525410967937516930456318063293412171396456101
463 589.3661445753140320766806356462102367444870953892377749
464 590.7944462093776648898633074104724871755947204613700454
465 591.3222265526674547224208146424788555830319012696907547
466 592.8553025574937371196001575977712585141581461554813367
467 594.1167077624739281392342308625495742379617531368942542
468 594.7968092542618130672716916487289898835381804457287727
469 595.6682585071992830248276848914705630072272973505335042
470 596.8241417446500859481294386654006993171931772219308422
471 598.08888874573331715724037950996138233161941871387581
472 599.5367297424774407131762231963407235909751437322778988
473 599.8997286865045826462215920921113399767649100625180125
474 601.093915602816031876282713371305267129272589297903038
475 602.1346744654388132467081555172745725960101724578475548
476 603.3889795824883107446235542035264254619959906221427919
477 604.2938148468507767364370301244849046240367133419317865
478 605.6572116413863052676705226557800596589677945355636409
479 606.5960615393108988456238356764404931181934281136571096
480 607.2592259628438472604760692830721282100192121059444672
481 608.2637627698642700675312275000918163563419713482668388
482 610.0487415772700597219569382314278602902766951117704279
483 610.8754264925552605654745254330100128902646132851736566
484 611.4356522009911208301476199488017323998114579279378403
485 613.0036770668671786221349542893437126054913734260531709
486 613.4934583676714753465333293562367270406337201087405893
487 614.973836698571425802073979062720764589955849530966215
488 616.1208010416539242705292064723752027388609195392103188
489 616.9880742341040586350733082342925074627332564578796307
490 618.2758449439585317641511289025309104872323575692144515
491 618.7850274845672967408498934414221989935261695418365303
492 619.9748711263880848519714832142936707827216092342785217
493 621.3988654127993964431140700762052285249331180935631251
494 622.5693821071094380053374856050378013473188508103787686
495 623.3287885934777096981483412289826007252492166895516434
496 623.9075978220627440428241719000235281434740923844687471
497 625.5528905172897208768932139270535090840600825688859583
498 626.455609450305606350150288562738611827294707066649476
499 627.4934504675703913288999542118982199593394289268276105
500 628.8248332600829917031448759111537221520156856328632977
