# L4_chi5quad_q5: first 500 zero heights to 50 decimals -- closed-form continuation of the helix
# engine: buckets q^-s sum chi(r) zeta(s,r/q) (helix residue-fibres, continued)
# first 100 vs comparison set zeros/L4_chi5quad_q5.txt: max|diff| = 4.952977458379968e-13
1 6.648453344727714716123278459979317847298585423244498372
2 9.83144443288666961634832134745844382188813289401550743
3 11.95884562608351453026565868826284181729311276572328772
4 16.03382112838423567459325378224808350874930371139376345
5 17.56699429232555520270159526814448640348524089550846876
6 19.54073262278475025037869002299855348552649344500715642
7 22.22740545445941091187762496308147336528064264056018711
8 24.58846621740819520765626997608197906624785718850325697
9 26.77609594800414011652357496527094858628937009610072075
10 28.4610351001775224751869782723252562712007346745286504
11 29.70790935048096556923098651865731360597019643241847989
12 33.00045600687051436794975917721193731737650080463123834
13 34.72881297890480867414372983398137913656400799207897483
14 35.86863837181227459459504863887642633338418172556263661
15 38.12918472143653185015141827037291892621618717043754199
16 39.56057294640318170505509505995479842556682520464638176
17 41.84243854579169430850930688531293314678522693694849751
18 44.03129006144169504470090805842492251475644197897192814
19 45.42730008278228938884156190960972064996587484045331317
20 46.49272715949140534533919935167583367326382652887373175
21 48.34566182106784617654820130449348692994521588562665471
22 51.08775192674649135525825720413124551393182276459887489
23 52.12590223131697418860413069593030052496929383081314203
24 53.83044519544216335105426902233856893733917071310988705
25 55.58928033540481015096458899849297066663375677944593187
26 56.83886594289098846238170108797962587378750282342164067
27 58.38611748535838082679392574231706229678525276174441203
28 61.13886475192174510909546391557242545618756519552448362
29 62.13290472023387793407152944038354313667197756227420838
30 63.70954306098114677179849483633568024632072991303808946
31 64.63735966537457410108858995751446916961441834087154193
32 66.747641845937807830433496332522277799056278904231711
33 68.59072792482500654083351506803097099430937206838799924
34 70.11583715919350470225416200328850112253488081667508704
35 71.60595947924301719947722738129248765067483777587050119
36 73.35010543146825932498648130968746359238008020612861055
37 74.29368843801656841756391957332374675265616264938858839
38 75.53490411722811340534598954768772483829780065605499295
39 78.0721708643823371940514318236728028560732743773544097
40 79.7860624900979391063715712431716176312618693411057189
41 80.56730085641069826137375767766186764197229450085911972
42 81.92338089315411531196798955390591419551979075216038775
43 83.69915700187411316288328839224005567648071241029983942
44 84.95250710375497366184690466048511386622481408670396109
45 86.80999667933877049696245382412386553910730612270291257
46 88.28177659970983559362190806936556891137194319955644797
47 90.37657318212815680296326629855278663634575153557044169
48 90.71552593314697497726905202161346076571100983515800542
49 92.45024325377440322265665160994016653262565163734269179
50 93.39442393782801740098264609244814545605289155912428004
51 95.97000164603770693983270623168091485034436219866214091
52 97.33158825289807159058288123962799366334445687963357651
53 98.2274578699010770770615471965620233277935477341653913
54 99.83805080753654989245817874044372732309471866187320772
55 101.1877170969186106879893673648615779856303956787129405
56 102.6052879410500105919016338097244199966334774046924762
57 103.6661310797677629747891494548931064951051111049995243
58 105.9731937977587861297183750394317655839089623673242428
59 107.2971036375259575240109457236330672603545936270064738
60 108.4981066242615983601377772869913646076568520675142124
61 109.5502586071841272439535415119528096196195061162254834
62 110.6361976726278518372473829197474157598718943493419745
63 112.6157699450494525603420477631256573284904001732412553
64 114.2306398723819524205236259115864715634752773232857785
65 115.5784139823770731492864674907752976644587354074111098
66 116.6356717597837992860716616244380290420850400876742742
67 118.3711623063552621519304519550474639914856549056003422
68 119.5614916258800030014640284654174824520291754354058844
69 120.2817341918527579929633987893433395906991345403172727
70 122.0616322838941436366460069970312459167329049609093141
71 124.2428371489503574456280462431539381366392074620427334
72 125.2815361690544786849959629329922579004633315004421414
73 126.3986993784245731137991303757675004132192700408244704
74 127.3206348281152351166040431083884153111288443677405189
75 129.0483000943208951329053997018161493807340037666172892
76 130.1970382668577478738346244894136617196218666973159138
77 132.0860053031175217593818811988220993124226919197273881
78 133.0302283883319444007316023118379973226202504376344453
79 134.9249638941115606306389354461440563212716929502899198
80 135.8744976900983831529154942879362038033124413255633587
81 137.2010834668406301716830996653811071822066893852372048
82 138.0356990313049020042749619065482729585857816235533229
83 139.4105995951457328667296699990735809900833487908551282
84 141.9462405516049128078346136764138632079930804595332432
85 142.5245124329877516499138087023775533114539886176690582
86 143.9615911232873249679700260946989275500715387277893453
87 144.9483276132617096716684583857500230575404813669059878
88 146.384809609109423362371781828636478673089207329936817
89 147.8797291031824647001555355926284591276893974747116793
90 148.6791376989272828780655871531489156030918416831048594
91 150.5625106711582684678831224180073436626247034885508877
92 152.114748550115403093041234328873920427076833996373918
93 153.287410499429331460224772051539322404204263796072466
94 154.4907156955163636384604753696533838899948856560427611
95 155.2420799990558198969997928035576763043815202860039923
96 156.4997285439414899913040309653704544908218626069145493
97 158.4000270418246442479812803196489920645070375885184936
98 159.872777573313623591606334175888492362232380291426981
99 161.2462175616940906041660713748861485716277484845435577
100 161.7676625972346591307869118758945874585239556380549233
101 163.7576737283108406276969780794254368523306129767593544
102 164.6120093931756454229907543346819925745086105838034367
103 165.7849132655712156658656369618645110416238945585780065
104 166.898407662787873537191066839437627781274479440382418
105 168.8542152615191566500324150119276844393780975301779233
106 170.4329617627562106600626924828647481435479686833022555
107 171.3435913767245348564273929667373606132103332443943241
108 172.1109726296460068916462074637535861735937099184928581
109 173.5594350265921361471804589736353172594139337063764936
110 174.6387255634250548260060269694940210630117069036506519
111 176.3560413209382041587539791440362116352494681808774195
112 177.7259420577480027808483631140575011960193977129787882
113 178.7928649865600011304034350380931786953282017834290194
114 180.2429351355140552783405349658893752778995686711530121
115 181.569041019801406742465923670250759968310671975143211
116 182.38368476723031536501400072740535163398104955694883
117 183.7977731855809726856377575844467129141999715376864403
118 184.3628313266472803306747292477770104874008484280456363
119 186.8960606802271134804483399887402511596599811946354116
120 187.945025987423115986736424180997224065156896542447679
121 188.9594686746299429679024157534003407512673176869606379
122 190.1395967633932102576693456196045454015876465926755736
123 190.9702222761120917217416693195514720792263824968025814
124 192.8230754082351124952403107100924733903825477854542116
125 193.536678639432846476272950136795850886401093775596335
126 195.0968146886402893063805930855068198605011968413073661
127 196.5407645624496726701873374652927967937458532432874978
128 197.8610095077236677152139807981406000337724933271975112
129 199.0910217062412590553199980023993820450668536563004862
130 200.2454408454250041127516180550560747573455335829995291
131 200.7540601401830854485830596873971820322031065551151081
132 202.1949514428841149296373572141083379553219436587582391
133 203.8439019449593046704790586638384595752825730515914806
134 205.7461765204525832977848290088585427085408467101460279
135 206.1614100930471049929327260983840526456274838825113043
136 207.4576800789717454592941379191148719628980100114958536
137 208.6257624071707186435904203396570386255936601565172001
138 210.3018863035253963539783240245490373617263581479030049
139 210.6774621945036653303536974602005831137298996558343893
140 212.2314465116863399395470488677082962419973133942891768
141 213.5208741407826107064248292623018184776262412402697488
142 215.446451451193338957487799749606578976701944567365573
143 216.3400341493431290616934365527790259377125944167236587
144 217.1983339649424303276759751119351973870730866826808675
145 218.446883100058282804937792552101484711281552786130794
146 219.2620902163803991081302972577707057420124776154947728
147 220.7873883926188375982815560258438018537642942771892119
148 222.4669542636690272742987871089656750292277107765426971
149 223.5251748458997932788111875920239156826963314614886757
150 224.5905695547402250280725248575841596376488003389755248
151 225.952817446017542001870962805598002879620487582852354
152 227.05061523968700753432321243769030912063513950631482
153 228.2702606683105171006131439160963909648495727623770037
154 229.1293411187776318518182319293151826798543269243089747
155 230.0655467222499994960335512227034957685515138144609931
156 232.3504135703170106251813611501929285174003988479010054
157 233.2789359169850950528529859180644272121464846403423311
158 234.5851234236159003579250739972324756969591909615171896
159 235.2781440849719089723467916576609715985263047190969208
160 236.3194651062133632897797461259001706212369979274947637
161 237.7502459859493091409947528335486909271247941982061656
162 239.0184393184109716162860983894680542608908237139554552
163 240.0792385969133906036036875299045927021072746394399969
164 241.8295381920981108063036589846412192278335217717644855
165 242.4714484372455424871326046814432313933150408236493003
166 244.2781399513230979204344600038827819307672678138600762
167 245.0931465421787144819401091282678929577774107066028998
168 245.941446142144094363289441367919329827660641250725195
169 247.0492019752380641386980109436073416805690975976922944
170 248.1925916339491196119212745608860106806155866118641533
171 250.2567812704718103514686964376094643921037936497368641
172 251.2412027861625789598829438472498407054321540732312843
173 252.4426428674970154269684848345320509970820863433649236
174 252.8783455516520261180992849726364616022483502282371926
175 254.6995428110910320634917223831419085806934447995403908
176 255.4817143518758676477488342660296610784346900622599694
177 256.795096008260922998970114491219200382252289386696022
178 257.8270419645350378752623872886698073788539547918788453
179 259.2255084437328815672830991211725369672295555099562231
180 260.9015569091696849005739379537875300859589564012430211
181 261.8358472432834896832088038634100654365581736536704504
182 262.7253963956907899818036537593595936244700144938763583
183 263.9390328653304079227708108735342563292906200171500032
184 264.5895165938748657971375430173661706120250839803910618
185 266.0183558387811141106471906627987813950683933915872516
186 267.8667418320440883029977884107331094630768090317251879
187 268.7689730154733279799219030251031172816866175199190213
188 269.9200199321573070244666163067208075924583827953306794
189 270.9766252279049637196609662386223365123366632274390633
190 272.1129028149579662281710910682696801006758946368940042
191 273.5109563898493936962954831652231625581122076586144927
192 274.2948564917397463747467022749890819784095973810447351
193 275.0855464180449333603542313648026743574259611909815872
194 276.8441204674513326407659415272867236821569635669514355
195 278.5259446665362176488220010523114851640151849334569881
196 279.3017347241840231776964484759311017609689907608243871
197 280.4958776669325972199294145217874454617874575930120043
198 281.2600352094961963450785533504251722252905268262412513
199 282.1700465556285859901194920915754510495511952727753657
200 283.9346051850069315598211536467913532192999161825103776
201 284.6141607442662723459852379206020432697547957060340313
202 286.5693715632272342179124749215530269619498583653910707
203 287.1228829576181028867134486068294222136831677682658679
204 288.4951078613905303636176906607160190790041482146668147
205 289.8965208669499900037028684123987415343843078632200882
206 290.7387849624331509653979926404508302315415374698728877
207 291.6846405557674191628069276827519291443703607716876651
208 292.6323414459822083063884075257746311116469749953832135
209 293.8537844176686980034139669915608653546665487750458372
210 295.7970564258326735460413686743288742257542682379959877
211 297.1055031261435993111172089938377843348753986986759929
212 297.3872213479299064075616321633891398106384113900146926
213 298.7526974014432248112516118765921263195840461055796833
214 299.7667030226545952745476587034322505881472526651548135
215 300.999842876080292197640675266624503197438089203408059
216 302.1284712444804243012643547650947689970612921928758817
217 303.260870220955034297747281697244105202502893045374598
218 304.4612908312050157616574696640950963633769093636597516
219 305.9997149872202433956679784452572889503057564090092464
220 307.0135391875009783195239601141947521588480800289235487
221 308.1926239331999282003784367214686938765474982955930754
222 308.8291207883123351449187326048500412547389295894230115
223 310.2324663615037444028732215297087305785982248070419243
224 310.5900346077028225778904231129692560746556418693292951
225 312.830127982244489671149317238023756202326744322078576
226 313.8613231052257929720236348326684816551630727204522493
227 315.0372635925687639587640695416335041528596313559265574
228 315.9636679838720519549352131366044331355912009963216195
229 316.806596971345580322325769903173783351243400847719882
230 318.4447616290912849058331348941189428914316376886520453
231 319.1810525422424001658369823395189735154129448058078061
232 320.240013459472615702298161189214792906392952464881905
233 321.2139948417371398583344505433301260813241354274436668
234 323.0661008044553349033210971363742588788368692562741698
235 324.0667748525775713670238293799141535636544700216861819
236 325.5433981010210795266515378553313879291877496617211052
237 325.9730435557303236964199319411545039938912172621570596
238 326.9103916952707466111014813112339518917704280771346562
239 328.168321637972306758703969286836855869577171789221326
240 329.2980622324638740227143320397881938174135314599195188
241 330.7117062063253006319935263993589630069996464978230507
242 332.1582347697593231183541310992663768963745525104917424
243 332.8298453587030176158785792071458271098041081730063933
244 333.9946273575361203178642300656592664374992344606575365
245 335.4526898715799149009704780782928460581479227281794817
246 336.2627177700548466875358855145330345040797221466410657
247 337.1616846906345828613931865343880172017352922477000451
248 338.2878933686914054436986902228943241185634365383672192
249 339.1780222506109759002964825632569866554175292862934466
250 341.260136091063159104374410583940752410702026379079269
251 342.4248516338688331077572337349784050011952152500231645
252 342.8275849863272509297607335173032948726447694146640585
253 344.2381837490430730735322454322912042889861846207768419
254 344.9258197715613528023881829645753447698297836285786533
255 346.1757594870234292095297899533125582919479785210623098
256 347.4918876287076260548679413558789711164650065886847734
257 348.4517462143324516651876249136237040543540164166034768
258 349.8128591841965556631252904651847943002129512662678514
259 350.8626832004257837156961333642493479957725759416189373
260 352.3865086485633786915677075866307146490879461750867775
261 352.96804513933289139168707281313277452390618802369723
262 354.4192965865070304007163732222516581723216355821296617
263 355.0844028727056247508604041615909951882830056921040133
264 355.7340520882728337843215176093755615357634748904848298
265 357.410192222672197904241207065595479102912527158782286
266 359.0356311007466033458997860645121535700104708970538144
267 360.0015688782678558606889588552632644617768857227773895
268 360.9909423546227486956403141903424040123092704635403174
269 361.802907373783018522255305578913357245179826206577457
270 362.8888817684019500988162792384387499727702136834562316
271 364.3476597906452600946313503202268717168464320885801955
272 365.1559204606274581944573901104441852595027723977437427
273 365.9557070627087597001401300749887866521522332900224392
274 367.6092137623118012763384173570986558245057690891503824
275 368.6219609476770355547036010476526853367042768451246707
276 370.4523996816534272719011443675111003028320616630195613
277 370.6546457046380833330782073879200398594110373805973401
278 372.0532207271528281533290288980001649615695365720432312
279 372.5654812485111844922985664400957252068891313293392156
280 373.8884009741047313272031023566052445361043106675843909
281 374.9578827558014565286269970050513166582902827062663368
282 376.6619656240936323383860539276564457941759006770572337
283 377.6956268514719237937482512227248540189915209850515035
284 378.531434358215708671456086358827785212363829111651136
285 379.5209168811631584106904023126776215045587639718566846
286 381.0834464016472689125250951987024310659979302679129435
287 381.6126273303475264480320260688033605486721906401827766
288 382.9009140975073355901974780221976814615686957286919293
289 383.7467511450697735880783933493541705294725858923600233
290 384.6723250844526720445387171170137820698674624372237267
291 386.8019690813075998108426940319829566775085918801705334
292 387.5319580925268339443706589291078406360412252177672912
293 388.6266565787231171851276319693776570852710219233367794
294 389.464508963665839555551740489386584504895862275639058
295 390.3814349212104935086368341006928172535748159893572558
296 391.4081961348101376349090603213981646025180265224884275
297 392.7037633839287991328977455012257252105492531093992766
298 394.000787282428645773494358482014562849164864493698496
299 394.8902551465211538265427426282143462852801820893297562
300 396.438918531345905088142839545485932942011651974165944
301 397.0433540775268654803580344017549519021318214868861887
302 398.4877165535773350178078856711004483501878627129138506
303 399.6063223050457494734679299508591864258507883837540407
304 400.1273218669137340737768636079112102291574394170734325
305 401.2395167264265845323294018891602255060935643261422906
306 402.1250056683044128002847081158783788312076634227827369
307 404.0729879930044323708898539379399303537344797762473153
308 405.0730390757103568847871355520606023692591085740669819
309 406.2367211147729984287250328358385535027284077161214793
310 406.9013647349483439959466847118511635909901145270883557
311 407.7328782281266215108640666292992692634215752777459304
312 409.1635321121251804725499689658524532225486653148018048
313 410.299063692331849088742838166123275368428469562283923
314 410.9146419761782410262666512210402602837206612779021115
315 412.4605366466084126060159947944317606711846295472042771
316 413.4299035233348776426515885990305504101216883540914611
317 414.8110202194700121363632900608026772559484560696361752
318 416.0545896072682132462224754205568631924700654019491782
319 416.8099165347096647143538304011121288438090113656611996
320 417.5780507439310754329008110396976000460071485872593255
321 418.7794901165902535626719269330982440115664506064708323
322 419.4467372213686248340563399766263276447452980156113313
323 421.020094498176070733613993455417501108070044938163357
324 422.6775716448533564163462824723374580937582962812510087
325 423.3768220685722989448057680717600099014169555719891348
326 424.129602404893997487300809716275448672278640453866992
327 425.5509629724621579827713860027128779560725071102369638
328 426.2983507971669296451511817996086172891530806636231128
329 427.6250336113894732792966525107510703768546953318065744
330 428.5532813576856351372281589828876132884373490232009699
331 429.2519120950190024896762817312755030894487570704697973
332 430.5757000708274487270502502600330126407922833305042029
333 432.2719912994829577774722731814732324080200683022768024
334 433.2711870166069152346824811114708351032811260904033505
335 434.0571246242439817598990614068617144243808821645820816
336 435.0845391814135369857986441028785719719991450058917832
337 436.0770206221904091260469598996440977392607655642313696
338 436.5947303095509347016496250191593599663526214861299775
339 438.4660897630339495562112179981685301825260912555554023
340 439.1690284469937892503413794782956188649768292251918215
341 440.8004528611206184599756974629750228008100294375328432
342 441.5226090114392554952021317978866046800191481642891575
343 442.5816548976487770128263222139848378919828830403108172
344 443.751628663565618476232749129497900561115069127159986
345 444.9660226216477967215272496880708956860951781503375137
346 445.6549457923840944858495212007001399134581300883177955
347 446.504734903551880618161464356629678552501940793773654
348 447.5045137190625675085819096358819834381977045844802296
349 449.1064896855324739875384162367152916341174894947338345
350 450.578671195274061473294175934850398343578885164215804
351 451.3520325893270064347926103907025319364733667874503931
352 452.3910226780468980947366195981734794072512822506442874
353 452.8501644338360070759372497153350986687790973455497809
354 454.2839209789548282512130316354053601049500675892494784
355 455.3248497552852176982990022461427533113002934451901017
356 456.2806735515777581230439398123069681221874819746526454
357 457.5430130169149440185034781683041803962867534976523904
358 458.6577919131895626590831422656624914285729476081921292
359 459.6962723413011303180811772816749244330313104403565185
360 461.0639882506629884389444138703990750552908493738690813
361 462.0366373593353034299045580434742958394508177523475671
362 462.7413185216198695929434746880255523580989808999362131
363 463.7293273625742728281469164800267021224414278159620968
364 464.7599671942213194577618552228352157142298892123252253
365 465.494974741247816303749448834824458206290448772428732
366 467.7883675761524359380744559312375310365964846027845773
367 468.1922982781407667265990806375815370826545660156984341
368 469.3895406660310458901875804287116299946017221997139491
369 470.3751672525361664459509233805082575436678009649633893
370 471.0657001380493647344794638349229306367442403041142268
371 472.6018422438057787601559855817192931068228063903769743
372 473.2309762938537417474579067339262872828750406341448489
373 474.7408234371558175982052326697013346790968889853200342
374 474.9390207068699131513648296730132141195712077190599514
375 476.7848913416408230557265048292236904042176960719178987
376 478.0997389585495306864320206769015484746965418539701614
377 478.8952752474576017085114311051496453946276849757755979
378 480.0638975980033087410325291054227790164152092772905789
379 480.9186660244809844627969622918857686551412770294158879
380 481.4046201247246237866980645726466895315617954388012988
381 482.7341601939949782936380289753981760584037945658421192
382 483.9422992546668925671994084847499736799951739589131868
383 485.3021360375699094897868104082007385481771754407888145
384 486.3519451813066464622763160657748763336299181396754218
385 487.4940422898590470149314170071487483644588150868298898
386 487.947451479318369799153450315643510343083418118392538
387 489.5245061066339794866485742276349254957017964603599376
388 490.4894989416654755899675563456877204220648212842802763
389 491.2992345584625687747324461285337004275225361306943061
390 492.096214125701104990208116261008930431911043875267706
391 493.2345230167986213673073465593281241795556671572377097
392 494.6215451125581846406501967541286357580335223310395804
393 496.2323766285787166852468846555655241320418641006968388
394 496.9386160462216728377115036347352277826782085615197229
395 497.5998510946332664650674168139121065611150426147617598
396 498.7431187018834221047672464276069828989479277295010731
397 499.5208925560175581264998078053978158162202943672049974
398 500.7794731697225960925199108214581869851127541430699737
399 501.7993312440637148332025196714877909458254762115184856
400 503.0104820290077168597184636467204125393514267237062559
401 504.3072720201674973617976825636528849755831266338984216
402 504.8549148923195640097004675780763051770932797560183842
403 506.547036564130498143532840719071103223862948966597068
404 507.2338639069810074009737850579434866659606758159439949
405 508.1422652635192394497438826902093034269751739199915246
406 509.462755063871611560098679346076843599804348359110779
407 509.7306175344356325783987278428848319274399558584751124
408 510.881679146164816550392431247258775216712518567497043
409 512.7397233446021976247440638158442316156107378501298986
410 513.8388264581009606720697023894944228783019791603100457
411 514.6646709678039782311882103587559604043403645795412397
412 515.4621159563065687369870053095177759109698515154950268
413 516.6454089885228887792492920559909757667359092435485247
414 517.249066065305927277380416770787818908388438738489269
415 518.8612414293253472487267227619850091076533761152527751
416 519.571966992646052579461476379143591201955322812882136
417 520.4083295178432378245159947541829082029798342547217474
418 521.869349047351118384465418741478023167125294218907505
419 523.0319461583328659759874480217300748782837995359385466
420 524.0655898750915719001708889034768803747035553278724361
421 525.3157286129081957174829555352692325141985918228905024
422 525.8768112788450150128170712100026727456667217411197116
423 526.812987781964941102846782424373509193107056692018132
424 527.6213080977583169448890386006325840479953275986612703
425 528.8346176455692452141646187423444201363428028952944605
426 530.2335977979498248444789335260685391105009509196286517
427 531.4871874866721747361909295700528400086955082169467322
428 532.5097963973640266491459801985447033935157279678416219
429 533.0704870503016150750254045027685084047602437954092181
430 534.1665626716715538517726972197222109847173548677738462
431 535.5215659990695941640236119964861657586019656065226376
432 536.4424042091220394072241230799194680860975311952107603
433 536.9421994463888107608338006627348422515376032994408741
434 538.430235667014642183085501011243270990344997408208011
435 539.0088067596406942181583743253909155262504673877957231
436 540.978185512689552095471920157288110632987492938497628
437 541.7824090281136432045096508163858678910702940332861111
438 542.9323013338533632372653221486113587111642878348997423
439 543.4143466755261027340788548530601899990782688965979939
440 544.453102059226642307363573192479237279592848710425801
441 545.4988528805813293467157332089743353174750945629129586
442 546.3946780185476456175949909373526106152897877169043126
443 547.7986484911320888253029068941038158694287213442947716
444 549.0737107017939116672176652467015178852271209889996271
445 549.6826206374584283452527811261139951840471535826905467
446 551.0878898813906209757093564733939778700724073131247043
447 551.8442398126118866036371855798081313348513738642748234
448 553.1198031292236129619121917519161640352156768260214544
449 553.9452812869835416969452192050693707827655380298219186
450 554.8438427658963505949380065496009408652408376031411955
451 555.6348085120700746008642610004139339568514949786032107
452 556.58239668948802021553369150641193265082984516136747
453 558.6857905981535837936187704160577900830213741331381198
454 559.1817167412670958865378815642102915667465206513948479
455 560.4056306940930382445908316157713733054426392067985757
456 561.2171412924068354726432091492746178496094305037964429
457 561.9552444207550323071038292444040177999374810350082732
458 562.9386943215249322247688610885474885534545895088553495
459 564.4394272209995997223132674047902951227591251528227537
460 565.0290301986609658598662886689201234131733071746753953
461 566.1115047759552952662016525772549433794974379244656092
462 567.5965566185839669162182683909553865726103099598192078
463 568.2888596187051872927314015082396052747431633550054696
464 569.6590957173081532662611792428436445213934570982905673
465 570.7306643626597397759434286513778513279317351015656242
466 571.3688390739355431746530238899805368882783280304548062
467 572.3875055954634358275677479293513944618164521492981509
468 573.0033180712264066141608725466993400260200814504824774
469 574.2587862414353959945109450294472655511302419054787957
470 575.566055531331479010478434813017024166946314800032242
471 577.1599178073205735865438668144390492598839629260890184
472 577.7151295235741543324519232337671204359288201853259222
473 578.5463032992988248352154491580887156619908735746418969
474 579.4845357592757906692699986733890456112575248479835008
475 580.9074618788897879488829823837601486329939361692102717
476 581.4171629066303149552263846746497203929651474990754273
477 582.9511654326206791762379090264169977127217289797992125
478 583.1892879693068516500009453334497537139970400577263489
479 584.6853848411323558016838507636757262559818034170568808
480 585.8191034628521811502111154477663738293229365060747112
481 587.4534745391081268244116640836612628847401106360363435
482 587.9289222217320408332357649654191823793913687607043004
483 588.7220641303522101067642187580182954105250315449170909
484 590.0297715830855441808524427767377984782390527522163164
485 590.458391404879047933360325007221078455663509434311601
486 591.526566687338757394485325886725491158310873224900312
487 592.9854493538758057129672594600056029094768320783493937
488 594.170814860043162003556961437953041914507693832711228
489 595.0898842671774027427188107271431931802277253803809241
490 596.1426357995610953194377041730094707436965738266838928
491 596.9364536867770762531964408093598799697449433344291259
492 598.1702978107783220004469575047061259638164493287896225
493 599.0805091032425175005076097548665456281152843225180616
494 600.1179497375707449367075710957141942288156749386088222
495 600.8298151150482131850990740818577883417360037092074162
496 601.5429606034734173295477307879224199885461860100878182
497 603.2788236792615204053804862444702362227632790883877654
498 604.6037409776121609629512982225805554860106281225143221
499 605.306388411106383709027847562804970769947864044545644
500 606.4413631816530037871473463009600374144333657907838851
