# L5_chi5c4_q5: first 500 zero heights to 50 decimals -- closed-form continuation of the helix
# engine: buckets q^-s sum chi(r) zeta(s,r/q) (helix residue-fibres, continued)
# first 100 vs comparison set zeros/L5_chi5c4_q5.txt: max|diff| = 4.984253867693918e-13
1 6.183578195450853914377517309708692525921500579228017287
2 8.457229174423230721605352862747518773540766886043943966
3 12.67494641701135578048229914508309214468207768451782148
4 14.82502557032842825143025217404796464703266359937958942
5 17.3378021068530396909145101424165669878682163569312467
6 18.99858804168614492872452501192993531355402543084202404
7 22.48758458302875002505567290925848693722287097579383796
8 24.36527977540229805651909575745113556849228418176436084
9 25.53118680043342960145755145246656674746320793551147239
10 27.98275693569359432445100109189373549564451537815083282
11 30.46364068840366112797004484191294339407985351512522783
12 32.19515968889227202654483230638944304240624817239586911
13 34.4572287852783975840575630100420457575118345916428181
14 35.49089317885139349790895129816901494515264049024249788
15 37.27195057455605008724509915557490946167515355242242871
16 40.39611485175259003483748872182086363894709116276600805
17 41.53645675792969665969385524901187831303521387192269039
18 42.9920854427515385458242978975584798430102454842516805
19 44.82617597081092363119666478355908674139074596752047788
20 46.59016101776473881831044964340476205810530224347825045
21 48.47784664422187401328479457924017188168094131172534043
22 50.6642103908057503729975442123191590088956129660856307
23 51.97705346757270762912405458504424724324195745216195567
24 53.4422321733545432040003999973536457806513634870125509
25 54.48544238876467911470039917979367032231926798732984804
26 57.29793175357207405992903355996054052688128882276824599
27 58.89367295570934570366851068101194732970212962853123721
28 60.02848664743619838439665948101466944682494224461927904
29 61.69928326738643065201590530741161373463229247672579221
30 63.51962029434189816898174364615972409107000524262427451
31 64.34746195114856770146913040123840318935111864775139988
32 66.76871398663927173915921412809018375307013868304172253
33 68.67895334221049842538676939182835617928654397799591764
34 69.88270748325579024920142949216236126045541442743088001
35 70.86653039775875701280059544245401175417945779749419476
36 72.43209042510202323104488576508878550133842136302000908
37 74.39661413767290039535290156590186681073200423980463638
38 76.42641955578748235322767541747300942737726610557640086
39 77.19199166905656545831226128170080102415560145979965714
40 79.26615802430474157316751953553703515820341735891933472
41 80.41001319144356065890759159346742068183926086935625014
42 81.66032127511310047105633970562494007843736113845959088
43 82.99667729381461969887459869643604760377677920852759819
44 85.66001486103237415216789900699485869693167214121897146
45 86.68096632002107008488494880704524598756884848405043995
46 87.88163609495297995656041840956634028293443759774763507
47 89.12409319498882190852210172736675643163224057253383413
48 90.68102456942652294559732932783456112146903648294088556
49 92.36570983011352213849989332470114295796951197526084167
50 93.81857517376542423716398303418403968172420896450272389
51 95.54993019224657545578957999536309119714973204034693564
52 96.87220579510736935827347240031781633666306971263034158
53 98.38406923239836365659049025308957242944202284707358709
54 99.07966174513259207554233823679421712732887576862201449
55 100.5142455551714441264109681058638239317072882181267422
56 102.9971096157354096285717647229502274042121683820274855
57 104.1090781104234865786519590822534569635273946088914486
58 105.5174645264101108918902651984319729635831756357926318
59 106.2886954977330348212561364537836518003048868351757506
60 108.43728563488717439466986940950567122464464145351772
61 109.0882449639344114766046289746646260135123460693248648
62 110.8020455178623188806550149362497359298602934894946201
63 112.5299378087031672796638460414200832464638886459743535
64 114.2068270892056507496977700576915089806399521765583484
65 115.339238226442141429472266278519547523751724241995377
66 116.2292158436447078861045467894889750514075381872047092
67 117.487611838432200242711111650208275770286851179242339
68 119.0809569525871615789582433417385752664802985967196404
69 121.2397625610934486820936105098168770977842122868943707
70 122.0787273095348371636009710858755246871889177757040386
71 123.3468834456427380149961763651009996544589306883307526
72 124.9823992906183455723331559897131836329113459833362391
73 126.0343103998187141038491115532887010888452890826886317
74 127.3510194889360752162502359535388063366648472490822177
75 128.3585784192419484686097973837638153417950691460053958
76 130.6781235607109392807854807207949843508137787201971188
77 132.1525869223033046055910873515188464261225352066477454
78 132.7319065126567562634186786241206813752199917037825947
79 134.3381923720107903661904017495532257582409596504560756
80 135.0391451244671128765531045025536231039455935201227011
81 136.9946212119716943997897539628095195683349809197777905
82 138.2944836699936017320203690918869338039148254014102366
83 139.8825080687354628420366921201217867792451409316424794
84 140.9662751460864367183841974173110757845813524945527691
85 142.582880539944781855656359580299085634731417246128289
86 143.6126090079623226592931958007298889054940339221240462
87 144.832037240645745921752391456399612390481417502818167
88 145.5363263583609256927038225474825016622066032290987574
89 147.8842056366053712258168926100645735078495894601741728
90 149.3468157487399959610907782170359812529309330288912446
91 150.5458937469255499784650722817902490545775165280485497
92 151.1596912342412568339057219412062999956910711098865956
93 152.7167724426816772352866876249734762680397572193453459
94 154.1906965422094808430244322537628732304413531488393237
95 155.1285441037938470659521091253265977473549541535638488
96 156.8436890770945199544364982643357771751230263833853203
97 158.1263493544457395389819162605596319627145043143636783
98 159.8249102393950606755538361410850412340655798129513716
99 160.8002335496439932488524810766156386270338225505563755
100 161.6911698612530779998457856686984052751901065956979744
101 162.9216897868688698909526500578536135928828266485510107
102 164.0994350216586012174538870320419359581283991505319018
103 166.3994981851524179266728774896306956444469405987618987
104 167.259984814805088053572643828717341364079345232466431
105 168.3826855059393148281924884349638035122041760951229706
106 169.6179848229468638328528445536946958067670216211445162
107 170.9833161543028658022794210898701152921835633477013487
108 172.1700885187469838606036218660025765438603724012932313
109 173.1721901310686056343730511818002039219277459189442533
110 174.530077584238531597989165666559818336420079334538643
111 176.8406269626484573297406712433395119441682342604197393
112 177.2295321715911297634894161654353853107830960163451491
113 178.9884063819829965328726702238505509300318518724251046
114 179.4513715632639340927018927865811328710867148389922828
115 180.69509987550119153874530100054964300410849207451405
116 182.298034241046863721746783369330980114184606024517104
117 183.8096248617009292813496010506177296870375447621942915
118 185.1252836569279266425932429454342456296724293016293552
119 186.2135820376231532978678762975976038907874741181112606
120 187.4179453995336761485249257667941938967059568080562836
121 188.9715878219567791669343430180123810741600696110158446
122 189.7850894977822014060403738731111014683083862168173693
123 190.6245674149301338849832783785741891605959222974944132
124 192.215888317838445576286178843438667554129301880023318
125 194.1865789265789875577608193742833131772259629775541972
126 195.2611913493284049825663564841430624510597118331022317
127 196.3112130939949489541181454562931545588417379593492325
128 197.0255898901816880262315658356099062476584479154159506
129 198.5524891531726784595730325672980134898388767371501526
130 199.7716055950038187928557087550230561859414281322199974
131 200.9864056379390588087605190354514412085877303601136051
132 202.6050320570203441286178227535160703519282873049736484
133 203.5067311736080759271138428129541070800926433264581399
134 205.3361939007762906174641873446621187544499930527490733
135 206.1148897916262421257093457394513809506756565840572257
136 207.1414288660859255800838154928916780682717112866554811
137 208.4048827212298654679294259506466675098175740145306704
138 209.0828857331925991885111014861790635119272479490166403
139 211.3968781393159572606636623045534567436623438707962956
140 212.6374834753259296566119082332280244164205475262760745
141 213.4480529337253473281856533416563225597808303811741156
142 214.5814082987540157524766965703860699987771211454296132
143 215.8183957693164601929681212178795130126593894780734083
144 217.0002618618191500670168420796099838585622182974919846
145 218.4382578789017189245487504810116039753687881387141066
146 218.9797205615402795055217858682405064564436936213371585
147 221.0074427192460522498979678009031883433931496329335394
148 222.242791976597036123463602244541665637897582758800505
149 223.5641660939222693065224579595068058803651967308814181
150 224.3129486265601975087584703367650668153276943703828593
151 225.4995628231135165919421495731154992521579207003565189
152 226.2148348531429622178954037475752841944406537899084601
153 228.0341938082305731294446209668353338859031516258211051
154 229.4210211659614523778777829430114799222514224205424615
155 230.824606767247421323302291414064422060560380706342423
156 231.5623273443509317260458217902393795266014967966044941
157 232.7470309212705062964418021781747959567277054336667748
158 234.4856632596352416754861568395089261020802798206938434
159 234.9197567210958468658243580489282957041444635911744204
160 236.1718233116133900758168274817973443696994529054224568
161 237.2972553744577524547319569369876120396767292432724784
162 239.1270198434835659162614811789525045640595492989593317
163 240.7081055308362178469487916812096585551735075354848998
164 241.1856047733128028040076026109263314287108343447873782
165 242.41523081235781819488364858910683850779745808563943
166 243.2533540544079426431955380874644007390899493362476478
167 244.7566973849411804896390181836714106661294032109530124
168 245.7638173383475179256225891582767154624438663635067256
169 247.6072358368016078122081374160083403703532456210496192
170 248.2073442129031609107422187136634866963966764494913887
171 249.8045221617140088201593947781891208860051921160079123
172 250.9478551036958020295794566253030652992799298132394583
173 252.0516677321739626844176818703997614560308259745744804
174 253.0271559050510188696361626389908836160061799354360942
175 253.9517894591172249049247972104205795000168135566375785
176 255.028584611383346195381189738980860776014156884066145
177 257.317303554721705883162433581910580049080642636625238
178 258.0809295855283897001096844476247691524122982451988773
179 259.0769221834977533151215162026028095837346976484345384
180 260.3878590308699767530137771044117798503877959907671379
181 260.9179349007046937589609491741059270434675674138536036
182 262.7875498158147508210429623387752405356149148911608392
183 263.4959454246073994731174526065753309823302606328812532
184 264.7384256958694994245526958568228593870846916678561484
185 266.2214734045770754878867082767304637528839146460132825
186 267.5263073249110855265099600767653688443948886933441729
187 268.7077955910066525849632064605916907533913909629194242
188 269.8101097734505382332751255597836228626900021551486
189 270.6248250211040377359049122415206862381029173094954906
190 271.4391874666640708802018522149124587099770872794553001
191 272.8825096155805410899791910554453298708395476782036959
192 274.500267100115056526297223092676503528973614653386076
193 275.8612337995901930907049890567719167231374305857689524
194 276.8393638053106086617449208016054447086167340960630311
195 277.454353551238203448960881749159599802019106483049681
196 279.149548419674536640471635858963373853210367830587904
197 280.0822966888744411428673401489882464420087869901528167
198 281.138404326088095830292636537058026829382247740943633
199 282.0732037512676862348424259498169988562647527752562369
200 283.4881429363503524175212670844475357802544502138336984
201 285.1423613774542215918086475599495707308817378548076295
202 286.4267494834148742676149956439864837973322205416679736
203 287.0418779159247995404121188712152979100948548340698002
204 287.9989900667431588558123349920506403056267446835928816
205 289.2973398346061077502702662765973466540096809577076032
206 290.0559192290621158039716184545172475174433154941276708
207 291.861330373004515239487239154688195988654761543091741
208 292.9521086746440593633873892318225538210249299499940288
209 294.2197254097930122940341560612590950678122421174000925
210 295.0379232497375069661848358450655466432200086291464768
211 296.6711251808711064821525331260048206735873814583195727
212 297.2874188529097067646699563569581323624237161380047997
213 298.7477864204245461195536908685953458412515598822643741
214 299.30098523612140973030551282538574192471069268065968
215 300.3799276152392683959311568424540828977372652511706682
216 302.6162139424038885214673567317345556154016837248343062
217 303.3463730185730518882781763838173186713309916523305857
218 304.6519796897092460227918663640403977508844465213158468
219 305.3972084308557420945056637374310681586911861972964741
220 306.2911511514359257212769315487348747037488587299308758
221 307.6492866970699028237888556741347165805094059496745741
222 308.9704292498030873603968789330444422092477413559284004
223 309.7453027365873311362297407547103811368496439386730212
224 311.400227114228150821904984733872168658898697754685722
225 312.3588794652438589366383439245267575028366134076402065
226 313.6902506969005831200796635867394876613568605163968862
227 314.882822752305274486135917602664047792738030257905182
228 315.7797818624224559637203785103137087073595153992214595
229 316.4305619026530764706855366982930307409418009105117235
230 317.656445410004264207239384928882371882721347034006188
231 318.9699628467507294645907258658631442772024808832932999
232 320.9184430892853308494964811723970020251352331369131288
233 321.5243609295435245164038619914906414620206971924784966
234 322.6087412207684277943779487628263796994004796014619097
235 323.474875746103036386786309106827878117995810636839352
236 324.8446488947312760765138299250672526530499032920852395
237 326.0261677015353605623824644300729844828971389599221973
238 326.7014683351522380779434176481100917738740656586877226
239 328.1296946762459357167012045349688251225641820959743986
240 329.1602339268815870483085337128467248031537883000571182
241 331.0292418423111812101457766637584059999221895022065419
242 331.8041572825774519393656162967191339682807336982081138
243 332.6773066821937610897306871959904177207268162624227718
244 333.9262528308573324217274602824911361738576793062751283
245 334.4711931565277137444543143808666282226196112090356839
246 335.7653008664059412061793475732743025800550120262316361
247 337.2788330902185275415445894159557973289936376750726638
248 338.8384442001379145403931523080876727741337212329973296
249 339.2823558437682990470526013841873622147309123585487307
250 340.8184440518803789143632033826687895666401441422870836
251 341.5529350755661704897469296054334210270886216377987404
252 343.0118121508787662900215486772822660314111627543672215
253 343.8963495222432319584790351764186688547171111516821211
254 344.8350994082825538834971026996595045581837702575635841
255 345.6169587776603364274467189162593730443523645019978627
256 347.594772432801694810104493283961994255838884046802192
257 348.7785782347235990292814831482410655789656151985549513
258 349.8170108698746406080387444805167606500240696363799179
259 350.6932756302477132306895913254748973346694253577805056
260 351.5114327481469227291758947036837616009712410434857727
261 352.5467537673372508876138097565033394430769196460688411
262 354.0720206004756393372403164650740016251131968757471939
263 354.871450103668646814615638507411810108362293534733981
264 356.3735460724224866516512492221231252742667599431917011
265 357.5575754042568436990567242002926646355683705065083752
266 358.3009537597290700023774769506195494082466448701328302
267 359.9804342426357922941987420325732378032983046531773112
268 360.8105286572829601768983505325673348863243327769992459
269 361.3874708389428495660576108498039923502047857220495233
270 362.8756734994429223135829877336349349545103429006332922
271 363.308125600370814737207485444410308498302518911691907
272 365.3703567402199094719294914357261124773305474567070996
273 366.680160621438086782650447671935610973709756346773415
274 367.5861359890171274635608631747188541941379420285194175
275 368.1812023858433244734353712305161626249605832853688015
276 369.4371218870364363468470020067692106015531146471112431
277 370.6404305484225595865656765140124340226782008228765955
278 371.5225651021011731854461027768907724360422818522036755
279 372.8771202488099107011383494750737762607544898470477689
280 373.6512019454591448952508582617128460985028877964468729
281 375.1681388836247322978898047637824289022317357410761101
282 376.4772189156503209357114053118681710693330852655089471
283 377.5339521246593036892253544542390461672047507867588399
284 378.3501417798039575447003632293947908420440508474739146
285 379.3837536091839959886193091762615662525076370892619348
286 380.2404224606643949777434955782873064764691499450916855
287 381.1387001367346219287664389361895698029629941237720904
288 383.0483835393085238725621221954550188170650981951608767
289 384.0681919555874850625808830250153632747900601416457583
290 385.1298418992846331829426472820594290126549683493722697
291 386.1034263026770774895586045161243299108499173604630313
292 386.9795013203749209816129331312481592224942110395115808
293 388.3136696745316337541744605311545942448682621302510724
294 389.5770566362780064893103887994838616691609893136854182
295 389.9364401015141420476573742593335784432902835201201188
296 391.1869663693524600060235349649727952817320146777748035
297 392.6806795386798070008964084367874409590715792509065932
298 394.1807163801596479774331011144418861700430886216577739
299 394.9990669753036121338798494906476761446675182595052991
300 396.1088071811318302526304165587704412199861048953172164
301 396.8209189899603565770022343060632921068871915339537417
302 397.6098811454684346493193595623375439372314362792385078
303 399.1937526940762451435273971367598538156579917419854245
304 400.0000660088845420588535768159559041145204062742375962
305 401.5919206714237316792573223254189190751509528514308455
306 402.7725868017073127482518825588884154279920345124780443
307 403.2455588154761948954242540632579804457721740472712888
308 404.958949691443075614782501679788429175992344114489018
309 405.6934457009054436834798139013693292463346231214104218
310 407.0268840416093964764410966272104044892234443355813114
311 407.3979216674087230002005190994047616541584819793006232
312 408.6949957519556646170252271550445568508088367934339257
313 409.7238045962110807601320952015574141808397220158589689
314 411.8875099822491093160968147831940360014436030215332782
315 412.352030573354911694149719915085119175442061734979991
316 413.3324121747122432652784553806181705689784569952065518
317 414.3631721445531364823839985566242632240392123857767492
318 415.2681193589767487016084449635087882504160249922320884
319 416.3830946606083084801535259155885344405596872026073781
320 417.6643698968227492328627966924382679243959139745641952
321 418.5490253655502558161695974781315361163989887432313527
322 419.8143141271484764804229160280796475351568734200919078
323 420.9811384962243243933086576903595367317148512734958415
324 422.2880415765335525912511085152104568807695486134311776
325 423.1689302371576267677351921022528292176500491626587377
326 424.1660157997680071378186155160741313706876648014824153
327 425.2639803341091577892344522502326880408784429971767656
328 425.649783243186350970155345284246244346430325260451286
329 427.014444290155721920226551931513098470289309901418051
330 428.867554694556719312430169387415672258488173483669674
331 429.6103480682108039813286997830418672471082976916813341
332 431.1136311853227104449735717221490448745595919324551806
333 431.3835962289360588310880371943728000405409584250372229
334 432.5614244666227985993743592384217499426222838179923806
335 433.9690605087964512601239990805545664490300640224176389
336 434.8268363084639754362732794658035136346729559412119593
337 435.7702646796570340860508485650530496626300707107985311
338 436.6857148676579085145098301116683305902147164123116626
339 438.2954218761040894911531846031678404597268745547912505
340 439.3657734516863929531775090968831489414603867715929302
341 440.7157991176876466849639978736268638333141833013131373
342 441.5869401003134741240354139430280723443591311854242779
343 441.9651716556986011469057222611471138037530901553974312
344 443.3554325033230217792678402497963103913041751003961665
345 444.1766678695828716914153594426058834614941520010849172
346 445.5068422136772202097489758932987120631328540018959863
347 446.9994776459280602011693915014343989818189565504066465
348 447.9490218777975410570800348678173893057291809164579706
349 448.8392373124992659471907889204085494949102012553344062
350 449.7945262902913344932684486385747549270934474160930026
351 451.4187787321757095678354671102694401660418023471788899
352 451.7598292132532266034673976603926737116123418903384153
353 452.992229350076520647219894948864638222050228767996872
354 454.0121789508659150600823582947938916809043262814019706
355 454.6690747685602736956925903311186370394116523912881989
356 456.7796823136474806279295125506034467009277106469117606
357 457.7198861311699377369846254833289934710526769076071808
358 458.5779847613435845099322736522516415955574966135131943
359 459.426241740735368039712955452069766093816017150946417
360 460.5571112614889428661075331555743284984261051474196512
361 461.1568998632982142563487981393721835877953507408586702
362 462.7426895826780278091162877325269156595346804551064948
363 463.6024702377133385189624903819477412554953597817925803
364 464.8979091957951700510770404381316418269794850709421025
365 465.8914814766530528256324704209502405532169962964918117
366 467.1819799120029624377283437451050888002163178148112662
367 468.0258931275433459163211773643669846083167677525701841
368 469.3396352796856675830668660227142161806448188589897931
369 470.0687208306171490766083503623674468912235631086632665
370 470.9800864113485687664958055239336681587140611733932942
371 471.6325471680014332274316176873120392955745544763016289
372 473.2692776391941591137143892730827605947381530838662746
373 474.705298928096103481013395152156619393096343781217607
374 475.917590397094619256870957352202857935481202063588059
375 476.3464994029607064495560381601406059806366423383855092
376 477.6443868086519792955337038453414183892334322238488679
377 478.1911191862839698009508782935349317159572446502463705
378 479.843349150840403615712183952763654252118506097266981
379 480.644798988284791397662132460587598726682014706587068
380 481.3304383567009887939812892908694579481876061622181012
381 482.9710790720046172492171091238383927615632849888404997
382 483.7404344867239864342304341200225918736102434076106037
383 485.342659736524778085900940165362650385515001768614627
384 486.295205519274044113938468300907813758759233918614667
385 487.0253067615050820808787974100076634816670100303478908
386 487.9596219413888772092673808855643661229287993995885844
387 488.8681569681033458241216741934004906714954872529364556
388 489.8170875610602106631214587273504588961549192426162091
389 491.1809888104631231450039455932653739238340975986794083
390 492.8298760315375667841630630838198432227233798347313485
391 493.4501878646238555747450987047777701576936828104315883
392 494.3355251842536074105283316375438076078254377899547701
393 495.4896515513530881615903150964758556904571189880575329
394 496.5886681893493818055387628611072937116276060249058453
395 497.5010308027368655605042244775206045957634975755320261
396 498.6118784970020953767507590850584006201492761449817809
397 499.3497734491645728360862836319020913805225506063930864
398 500.3038344896770136577223609566673859537278307361714617
399 502.1435067632847060533286820594790972978003461290309336
400 503.2213863783411093432181902001310718437037773799385386
401 503.9118578919916496365564574250431539009895475627732583
402 505.1398201355245954097117803242553591288650192700069299
403 505.6300660049968920402316780928508116637822236612229054
404 506.7347986428097036260983240324376893420153251065039592
405 507.7886375864854890001619660086283977312574708817624466
406 509.3070622340821933752060802464211482485293527378935207
407 509.9710127223168895860101731330157248358943687984688358
408 511.5653620108952177533281060178934410823454619712846405
409 512.181097251778942586691143971321974213712304437235664
410 513.254207451510688990875103208794616620149368154172741
411 514.7294088517449883814029742881788213563519527332024252
412 515.2508790856006804391383981814916794703295913997734757
413 516.2538871384036906317228649531444316919193649044991345
414 517.0342855181855537241695987502542983382027946421316792
415 518.1646070387738017912067013655251892340379063562256234
416 519.9722356950960757377715965508571856308098618256236221
417 520.8078141677057054314425763318342476249878588783723107
418 522.0550676306061300472989170508027206069138263286671712
419 522.5432972355323411674655343792717475826162084451147452
420 523.3275732517569722045410547792681498651392657603000543
421 524.9125573294719066180338498343445715880167024065875458
422 525.5373320608146088629338476210246000564132725275212829
423 526.7456336393391750527134363506011256955130299357157671
424 527.7821238825939282015965672239207068985892451629966172
425 529.0220093309459702810553215858416654017650159642333391
426 529.943608438759058458791656542673578411456453912415927
427 531.5982994075043916006379552178215046213702066723172019
428 531.9214217692352234177974655692348089727649601595321017
429 533.1753735001656465997263682806647310748483496290888562
430 533.7805215364844275596283728722534185761650419053563523
431 534.9445430784847808733444839578042283472149452022852266
432 535.6819598435132414912927382286008923820963363481751796
433 537.6388586572991620775122247331511073696546352300459619
434 538.6087645710821107793467857842159136397971709627649368
435 539.2815619321164241899559796273852405072169905669603157
436 540.3805843721124530989664226619828781322055887098890596
437 541.3053235747013193509214723089209707491912489342980082
438 542.3174282080774395276122154712493807817574448483395958
439 543.5369670888278780695722708784352556340167773443005782
440 544.3675662034228803296310581478840027071007496867873292
441 545.0740418435055724358054268044593077189786044218057943
442 546.4847973970069799375065682230437967589957884655478602
443 547.9213930599092497897169486382909919783503488753243619
444 549.0045315994189131884287301801532718642231310562767195
445 549.634189787422080783852277942087496359337381174105415
446 550.8645860716813141432715894890748982655034267333645713
447 551.5163531216665012758664781073050215483318751152212277
448 552.1593619181561272877643887544570434200308058887642063
449 553.8544135066111486888434745135258153137390769494807444
450 554.6500967135771378353564719457071531197397500860203267
451 556.1667674490337731239342662911199308103372195930885379
452 557.0542303819537378105440244312596788972126953701926852
453 557.7899285118835318035018284959462564835901449329081684
454 558.9923546985151881740832886032822716872675416189095729
455 560.0956016242813633902952714332701107129706900709815813
456 561.1997047027603154509847568547702790945929115828674737
457 561.6191716303589604958548175407888253561026600880763771
458 562.697747944409616753079507409033807676543039373525305
459 563.8586377596521117368813332949390698591414825332954922
460 565.3619722076854589463646606585119593604384918396587529
461 566.7109269878128729318294660055401062512501008415794249
462 567.3083030985814394570279555627366339823733167230865129
463 568.0013960568924279917616130022092849233050251943611299
464 569.1619351007383210434268377035212827031337175138775544
465 569.9605771752550604054386449937616754811770451674206544
466 571.2967677490013218307372948346703037916113245244674669
467 572.047653491542861592394080999950922712925250553858237
468 573.5201419712184019480819732271118051494241616648257963
469 574.2962125370582952489194787125632767463102052716149359
470 575.4669006714435799321577958469019765492727383760289661
471 576.6345806252910499579328599374953179735063634137922717
472 577.7236669687299153129446219594037027478757327343880955
473 578.2969228791602451525390709213302759926963381297374913
474 579.3729167792004713039578871319719670145165481276146017
475 580.3825465031824244760499142306697030842178955958921825
476 580.815124119928776797579116457528972479654114203449757
477 582.9847604173141965493613459335825587785849612370090761
478 583.857168741012045579853720932128502186959822238793505
479 584.7213890011805265382825207811580160227446723931210355
480 585.7829806603844595993777709446098791810542491551694603
481 586.4103517255907773540810107702204252431273782853311424
482 587.5530924415266477800772753996232948489069439649883479
483 588.7500457807381168215368336118706854506279014912177144
484 589.6090149883736995528006786106232948158397091210706504
485 590.5122200902721327901667764532838347620174380038788529
486 591.5149786548022045461674445855427941143837097833796154
487 593.2521175343305072494980188426112398601894140312044108
488 593.7407916282259561265421312387107408662363996586456728
489 595.2554879801232917493564417474075182835035519169688298
490 595.927672260578843941719680873336389043216222551548221
491 596.5816512337532531147267960222536295759432099513859972
492 597.5753023561274240545400207394900755059067557933466161
493 598.559785110537030286683971397553140137746457848459892
494 599.8794722208406105455251368316377040119573260355730808
495 601.192772015410432519116186733537065653081393278944302
496 602.1747083251758214191557339567022720345740038051688266
497 603.1783163799290342335457702477581431830798257724252425
498 603.6669109262638570376191342137869413691654292596245093
499 605.136686252275220784306780283378057375623002154859409
500 606.3216817393941666401908638124731311519181764377864452
