# L1_zeta_q1: first 500 zero heights to 50 decimals -- closed-form continuation of the helix
# engine: zeta (q=1: the helix sum's closed form)
# first 100 vs comparison set zeros/L1_zeta_q1.txt: max|diff| = 4.987241749947755e-13
1 14.13472514173469379045725198356247027078425711569924318
2 21.02203963877155499262847959389690277733434052490278175
3 25.01085758014568876321379099256282181865954967255799667
4 30.42487612585951321031189753058409132018156002371544018
5 32.93506158773918969066236896407490348881271560351703901
6 37.58617815882567125721776348070533282140559735083079322
7 40.91871901214749518739812691463325439572616596277727954
8 43.32707328091499951949612216540680578264566837183687145
9 48.00515088116715972794247274942751604168684400114442512
10 49.7738324776723021819167846785637240577231782996766621
11 52.97032147771446064414729660888099006382501788882122478
12 56.44624769706339480436775947670612755278226447171663185
13 59.3470440026023530796536486749922190310987728064666697
14 60.83177852460980984425990182452400380291009045121917826
15 65.11254404808160666087505425318370502934814929516672241
16 67.07981052949417371447882889652221677010714495174555887
17 69.54640171117397925292685752655473844301247420960251016
18 72.06715767448190758252210796982616839048090662145669709
19 75.7046906990839331683269167620303459228119035306974003
20 77.14484006887480537268266485630463701579603244923446104
21 79.33737502024936792276359287711622819061324674312003088
22 82.91038085408603018316483749477060949750888059378214915
23 84.7354929805170501057353112068277414171066279342408187
24 87.42527461312522940653166785091921325217188640126902819
25 88.80911120763446542368234807950937839544489340981867504
26 92.49189927055848429625972524181068487872179402773064618
27 94.65134404051988696659792581520815393772802701565485202
28 95.87063422824530975874102921924678169525646122498799842
29 98.8311942181936922333244201386223278206580390634281961
30 101.3178510057313912287854479402923089063328663843008948
31 103.7255380404783394163984081086952808344811730694957645
32 105.4466230523260944936708324141118089972827539285351385
33 107.1686111842764075151233519630861912134767078814047653
34 111.0295355431696745246564503099443504153459683900730568
35 111.8746591769926370856120787167705949603117498733858738
36 114.3202209154527127658909372761910798099176577238298923
37 116.2266803208575543821608043120647551273298512323832203
38 118.7907828659762173229791397026998243473062105928093828
39 121.3701250024206459189455329704999227230013106317287423
40 122.9468292935525882008174603307700164962143898738635172
41 124.2568185543457671847320079661299244415735387746935611
42 127.5166838795964951242793237669060762680883098815549825
43 129.578704199956050985768033906179973608640953264659431
44 131.0876885309326567235663724615013490592035475029750454
45 133.497737202997586450130492042640607664974174943904675
46 134.7565097533738713313260641571697361783960686136471644
47 138.1160420545334432001915551902824478598352746241462357
48 139.7362089521213889504500465233824608467900525653826031
49 141.12370740402112376194035381847535509030066087974762
50 143.1118458076206327394051238689139299662331024303546325
51 146.0009824867655185474025075964246824289757412330958036
52 147.4227653425596020495211850104315061687727752504768306
53 150.0535204207848803514324672369593706230373215595282004
54 150.9252576122414667618525246783056276024267704729967177
55 153.0246938111988961982565442551854465085904349041455067
56 156.1129092942378675697501893101691947465353085009429208
57 157.5975918175940598875305031584987657307238995191417335
58 158.8499881714204987241749947755402714143350830494269663
59 161.1889641375960275194373441293695543649157903274754666
60 163.0307096871819872433110390006879948969644614164776831
61 165.5370691879004188300389193548747973283672517450686045
62 167.1844399781745134409577562462103787364607692426167674
63 169.0945154155688214895058711814318347966676485804416251
64 169.911976479411698966699843595821792288394437125341373
65 173.4115365195915529598461186493455952541560660634201179
66 174.7541915233657258133787624558669179387557176205716634
67 176.4414342977104188888926410578609335281184971088097153
68 178.3774077760999772858309354141844261831323614612725037
69 179.9164840202569961393400366120512374536876075530184065
70 182.2070784843664619154070372269877986907974577782399088
71 184.8744678483875088009606466172342584133510229119506678
72 185.5987836777074714665277042683926466129347176495132831
73 187.2289225835018519916415405861312430168107346039903192
74 189.4161586560169370848522890998453244913571030231933544
75 192.0266563607137865472836314255834301058399202979770969
76 193.0797266038457040474022057943760546040206158105488601
77 195.2653966795292353214631878148622509269050524522869241
78 196.8764818409583169486222639146962077357460286919422155
79 198.0153096762519124249199187022088671550626954385709967
80 201.2647519437037887330161334275481732224028636391867341
81 202.4935945141405342776866606378643158210202448994200539
82 204.1896718031045543307164383863136851365345292287419074
83 205.394697202163286025212379390693090923722914772048407
84 207.9062588878062098615019679077536442686594037688839999
85 209.5765097168562598528356442898867521753907831813261625
86 211.6908625953653075639074867307192942533940309829356437
87 213.3479193597126661906391220210726088218971832766330691
88 214.5470447834914232229442010725906910455998880530830764
89 216.169538508263700265869563354498128575453714274164111
90 219.0675963490213789856772565904372412451491829270113514
91 220.7149188393140033691155926339063396567611450776619657
92 221.4307055546933387320974751192760779502223310773199094
93 224.0070002546043352117288755285048953560859899495955298
94 224.983324669582287503782523680528656772090054485587427
95 227.4214442796792913104614361606596399639691483219766284
96 229.3374133055253481077600833060557400827523413878185175
97 231.2501887004991647738061867700103726067084958431233714
98 231.9872352531802486037716685391978622054198339945624965
99 233.6934041789083006407044947325697881795372277545658364
100 236.5242296658162058024755079556629786895294952121891237
101 237.7698204809252040032366259263871077941606193521160613
102 239.5554775733276287402689320343344924817083183267061622
103 241.0491577962165864128379214103356705496456828447220938
104 242.8232719342226000168264744588785499539405437676149324
105 244.0708984970781582368165279898445013471001907167703275
106 247.1369900748974994675509681792081322678646420096271812
107 248.1019900601484592567621420846569973558103812584433192
108 249.5736896447072091923297941887399703426111306826707392
109 251.0149477950160011429541551037080481523267828315366461
110 253.0699867479994771945990137856180909300871502496449735
111 255.3062564549140227530864917940014231579100328149634187
112 256.3807136944344777893583823397295308712166523900327496
113 258.6104394915313682089830586447591316321944062849900859
114 259.8744069896780003506728446138765926661984814645702182
115 260.8050845045968701859312334724645480349389538724254999
116 263.5738939048701322330815881310233031703142194369938953
117 265.5578518388763202924773089641849146410049861524847538
118 266.6149737815010724957201129738679118066359571871701135
119 267.9219150828240594403789671721856183742925681432827238
120 269.9704490239976025946935053188984796629269052880563082
121 271.4940556416449990181794167575228506935435195629904895
122 273.4596091884032870457142502988017729228400996770935243
123 275.5874926493438412487407026193777848264475285972284313
124 276.452049503132938679887343638399241948079966680998862
125 278.250743529841954492748276711316258926117900655886741
126 279.2292509277451892284098804519553592834926374055612936
127 282.4651147650520962330272011865010242055068362803458174
128 283.2111857332338674204938379433289382984556848789586339
129 284.8359639809047241331576339226962164631428279283119181
130 286.667445363002884292847624146414939343868226282777808
131 287.9119205014221871552541202718675103854614194405706585
132 289.5798549292188341527380235693523438896694983629425507
133 291.8462913290673958355130544246385118828206355999821355
134 293.5584341393562853567766971060350773437988343564709539
135 294.9653696192655421750664486390096713430554458825506162
136 295.5732548789582923884608314587786106372851571106302227
137 297.9792770619434152099296829576828341810570971897989125
138 299.8403260537213129600270525252937692542155700643429836
139 301.6493254621941836234701002084179820811056100935232946
140 302.6967495896069170517514770953529227629358204116814979
141 304.8643713408572977001487499031444995925869458382419461
142 305.7289126020368092892228212616609672569631595790823756
143 307.2194961281700547894100333999345022674338482784228391
144 310.1094631467018988047862197679989458347630131815328865
145 311.1651415303560032709426708003548198991888049397038686
146 312.4278011806008919804859830928742637628539400931529185
147 313.985285731158922979048965754576328568024981575154166
148 315.4756160894757338685960781439537653357746976309896447
149 317.7348059423701803956454942049681140152427405851479514
150 318.8531042563165979066891845477491822030131024108853847
151 321.1601343091135782919214714174306940297526627982922748
152 322.1445586724829322988374450059885492603719802086144654
153 323.4669695575120505062120304147951633567630871776945616
154 324.8628660517396132649800869954004099198045210515331918
155 327.4439012619054573434692638163207033566943482557319519
156 329.0330716804809340336147275768039462036928256044214365
157 329.9532397282338663438921221886314660583239216389489575
158 331.4744675826634243756617538663448279232176003135119027
159 333.6453785248698505849616830808794253808678264358918016
160 334.2113548332443832324034079591924931541872770220014207
161 336.8418504283906847946547629194118860072083685606284342
162 338.3399928508066118862573260871632033909176435633470985
163 339.8582167253635401923265509308739971831970442497694933
164 341.0422611110465604825977845985369171873376474707372276
165 342.0548775103635854514038250940980567151869306653954858
166 344.6617029402523370441811880981991857827152424028149285
167 346.3478705660099473959364598161519338981967354434628999
168 347.2726775844204844757970948880699796760809284568555738
169 349.3162608706961441231555557339937213360889055622388563
170 350.4084193491920991876719532344872344696458736643310225
171 351.8786490253592804367133930765969327299303196695854377
172 353.4889004887188067836037686094353184133432651298926331
173 356.0175749772649473179603619607664426757144455471938735
174 357.1513022520396248096029282322903566117570811851179459
175 357.9526851016322737551289189827774428234663847141383036
176 359.7437549531144487992919859769902954053737457612974319
177 361.2893616958046503902913112277152281908759416379958332
178 363.3313305789738347473344495666147312700352457587547291
179 364.7360241140889937162621021269404000172023003056899668
180 366.2127102883313168610771451968065741791093753798606135
181 367.9935754817403033261832980442078463990248820185165459
182 368.9684380957343898915769012998919106381944137807110117
183 370.050919212106000339651163061266611422466593933768733
184 373.061928372112838449119396431285391902941772742312802
185 373.8648739109085697447563627336594609496785079222636118
186 375.8259127667393341079077141466930257529296666743552032
187 376.3240922306680521171908196124275796129620266849760871
188 378.4366802499654797240909659132035205563165309387578429
189 379.8729753465323466510240596904462715681091569680418566
190 381.4844686171865249196625224236573953657991983850425875
191 383.4435294495364877043457554807225369041993110565089568
192 384.9561168148636871037515842087935133902709291501235426
193 385.861300845974229180561959359803257615611806561018259
194 387.2228902223879809759485147381098140909640392967067844
195 388.8461283542322546008094203003735580573554058579381615
196 391.4560835636380457705782281225541347722258701140723163
197 392.2450833395190967490151841709928805623621884451367419
198 393.4277438444340259366989529201288699204929289203455466
199 395.582870010993720970877711323141642136070243910356784
200 396.3818542225921869319994544917305290637615996881021233
201 397.9187362096142433869811797107986838044834012911820622
202 399.985119876194899505917299868289645770638909961393128
203 401.839228600533216539911304378287230726400400393259496
204 402.861917763886114176315443096039634696894041477105245
205 404.2364418002080047402277995635276901961405867520480837
206 405.1343874599099272574862680254167361627560584770203153
207 407.5814603868961820763090011813905376405061449745096808
208 408.9472455023511125196340397641579017956228917491911146
209 410.5138691933666386467691052848671877896927072982703515
210 411.9722678042787506646402985072729174075391250852942829
211 413.2627360701850468862570593177290908706485585111708957
212 415.0188097551551156463192114628172215098815107035936631
213 415.455214996294598857128782486669824931693017207953958
214 418.3877057895347792260457230995547988241724091779246945
215 419.861364818152323687852309138382817393330169016061583
216 420.6438276250417862679746529850004807024575190217891369
217 422.0767100588267596298406654493813752742459181757779026
218 423.7165796274818186105628747317660741892627935203699366
219 425.0698824944613476143746926491564313421041573038894291
220 427.208825084074580528142933885711598385191493806400508
221 428.1279140766166821103050684863181593092609387757059591
222 430.3287454309386366699269815418548626841535052931512869
223 431.3013069307035920195051219275556810535188269161207184
224 432.1386417345885683062532491089527169051394883350037351
225 433.8892184809272253029466110507929024488762246241606722
226 436.1610064326469840718015182623780379898712511634091397
227 437.5816981676685811540131672333254594987901417883274663
228 438.6217386562721962909150101371703956297830981123319543
229 439.9184422143706564102217900270240392808328161895293052
230 441.6831992011890238742044364991679930714193236470244423
231 442.9045463026094494697231024127662020660871362661315095
232 444.3193362775591559203057435397906209455873176446522685
233 446.8606226964295225288608751807467431376816488206461818
234 447.4417041944932900655269253036091597304806963688752114
235 449.1485456850233047530235031347046500033357456480592957
236 450.1269457803135240300457625287817055143907653968445999
237 451.4033084453887954621132246313588112042099737478604558
238 453.9867378066779160383668102940048583722412109712298887
239 454.9746837686167888753094389512709459269949012972986345
240 456.3284266892460512244998300630554834984574853181660133
241 457.9038930641029715746993291717876450448952123069538097
242 459.5134152811060117540099438020414053836133088527316056
243 460.0879444221758412553302554282065462455235537778690137
244 462.0653672748825309638309211456184620432278175540016404
245 464.0572869105482845762460847836666759158326832884072585
246 465.6715392113710945529666457439955288514947620585415725
247 466.5702869308262551673921259522644120910202841789388069
248 467.4390462102616388566450013844468423201725247116421232
249 469.5360045591120321918190688291231656780034355662591509
250 470.7736554781016476901188794544363535409288505091005511
251 472.7991746619088166582979926817700031969730597548113646
252 473.8352323451396870738054680233830436906615988550266961
253 475.6003393693757856054288199236799250624055188122579568
254 476.7690152374845208528486891954683119208876147843388686
255 478.0752637666709691998727274049095143198804288048791501
256 478.9421815346348265383171017670384840219042431096018955
257 481.8303393762865613666813762850975980902030039193406975
258 482.8347827909823973065569966763216464686967441687771079
259 483.8514272124825375601882210846681276888895869665367017
260 485.5391481293560069300254236580821172608064717497631544
261 486.5287182616512443523675262699414994362279235223054022
262 488.3805670900174485271114306648119221917671884604174263
263 489.6617615779561315127809041749771049741692726839195109
264 491.3988215936630065692133310085391280176338475247298966
265 493.3144415817853009363606040432270822346867591725733552
266 493.9579978053694649095830912868851519854124679883775234
267 495.3588288221312774968341327371705982626412473979766526
268 496.4296962157591034839189128160730204362200110113463452
269 498.5807824296865420166750829124879051615614763330537667
270 500.3090849416904955393093907251714464727048703696477709
271 501.6044469651454776633325457628511745334193865509914446
272 502.2762703271182331753995073338853425486517078388515621
273 504.4997733134277371837912622283613891551488170669189555
274 505.4152317422444420295521661092828553381144965130467259
275 506.4641527095235312215260747806452307392696266923315448
276 508.8007003364678208094696725081919993377055879971635073
277 510.2642279436728344207795176547349251301712579292975577
278 511.5622897003745954604549044865991255703126837090133156
279 512.6231445314074186671012549434810340696111316815442286
280 513.6689855554736834362441464179261088279518932101240154
281 515.4350571672993772496768936729573107081880707594390409
282 517.589668572467425341357965286940548832792058007046841
283 518.2342231475501435738582743734798206690624362874126023
284 520.1063104117232559031961461342618580756224417242936151
285 521.5251934494920409677323981631941412037869991380407445
286 522.4566961777302104301444133225125081375879779338787694
287 523.9605308920158404870075094809721025339642372281127116
288 525.0773856872796221805912176301380448888493474841637838
289 527.9036416012723452296172680711541204258584454830887053
290 528.4062138522926589416088966473836426626831574106993452
291 529.8062263187069007981639833015648293570416892424157508
292 530.8669178839610896443874345148560701761107642405437012
293 532.6881830282937305051264455691435684763102859886714033
294 533.7796307537687325654825460231354727219181193602596665
295 535.6643140758732246170461231822747146814444989450627836
296 537.0697590831223275883897377535822680387266363867807337
297 538.4285261762479628435009552397815667706387013592611446
298 540.2131663762281333836456689899633509530240351819000097
299 540.6313902472951173601280775991759340270480484546508683
300 541.8474371212012815471191135089067366934151217531362919
301 544.3238901010052629031213087557608362045030422788811585
302 545.6368332489348182548554397944220515668303321352026564
303 547.0109120581222924636558817931250716642595039148346575
304 547.9316133644893383104511594261455575254387856862583185
305 549.497567562661378459984733879773569963624316558198386
306 550.9700100394838890456572340569938864736303083838976873
307 552.0495722005648927925767025455695696804273669079461933
308 553.7649721191588146171497825920935557112036942525994872
309 555.792020561682508416573221485355189326697569200784319
310 556.8994764068553512619642186561463744726163206157198628
311 557.5646591720585284085239898743312777888183550324380947
312 559.316237028682163760935142240205788971567546227973499
313 560.2408074972956682417932763588605198265861769182696357
314 562.5592076160458511081379166953245362396410219587845221
315 564.1608791107861178138795335004065286639356707397358789
316 564.5060559381498351222459689389768405769101460905025944
317 566.6987876828079562415122806672407263184360841829383481
318 567.7317579011769374503347304935750646417994098954363666
319 568.9239551796293684967534874168661517305692672058451214
320 570.0511147824635920385270166013278688405116228028523896
321 572.419984132452764045276927107346862149490447255676495
322 573.6146105267581299872460321096433009372268955953460264
323 575.0938860144948856074571722821982078525842416128132367
324 575.8072471409287807094293328944304438530370211159636572
325 577.0390034720982112166370896877391892967593675792452559
326 579.0988346720366074312843643289211001480335260569362142
327 580.1369593623846286727162763480332000091685124531054084
328 581.9465762659016255515061145447239567325105631265863772
329 583.2360882191672782619605736494856620973896260695754667
330 584.5617059034655283669458933934544668492262988745066831
331 585.9845632049883005741872589855889908382940603005188425
332 586.7427718912501556447718450873452208747120650651238797
333 588.1396632662479564175542352704907852914657791841458356
334 590.6603975167652756310320033102742748607780169122220301
335 591.7258580650480566492224464727405581310046200372774611
336 592.5713583002255698207727161203164743040651228125424481
337 593.974714682231029243805174509381626220203313046928789
338 595.7281536973889491770209207328678044226635443999573215
339 596.362768328393684089579097070462356203840902612662316
340 598.4930773461647544010635829361100508373840350793091153
341 599.5456403643648539975153951444454102922072079692266452
342 601.6021367359326360517381075959685084746646526170391179
343 602.5791678863873542988227245428378184579544330231905812
344 603.6256189035791606722439668574515542055260068273588801
345 604.616218493753232914639602788649237535811092755754246
346 606.3834604221090410886743112398837452138691477048368556
347 608.4132173111873251751267237571796712431902527279680052
348 609.3895751547200805273238795478987678479711335164053877
349 610.8391629377394069267025377677788327119041980908962281
350 611.7742096208872046351683619726569669044785302977714969
351 613.5997786756371194051864561859143033969164209055278596
352 614.6462378722326215255530839876192350523025682612368425
353 615.5385633694070278534742658956994743899713473545245793
354 618.1128313664423733825402270245809263632634162053510905
355 619.1844825979536342490281464243118123940438476569260766
356 620.2728936722275219190855725947928964013973689586421822
357 621.7092945279486229572986330608483718565110277500936219
358 622.3750027397790092178815437791235226710345925267442966
359 624.2699000181778808347729470387499738705369717175612474
360 626.0192834276543821983362174058955599554267547236844185
361 627.2683968507830207519976455963832975694997877342629622
362 628.3258623594603619359438156651215358396159383165381467
363 630.4738874382920458706065867763485498501039882690803294
364 630.805780927197532641871725248146886833987296689514261
365 632.2251411671159519521547059296104684572850875387903633
366 633.5468582522517774841971334587824592878743176371903772
367 635.5238003106054538105255817511178906057917934070971917
368 637.3971931598373071737480742879294782583276665776969414
369 637.9255139808225810934288397165238950757165376988885959
370 638.9279382668567701937726909213718621920993383850806116
371 640.6947946688256676231875384986977952089734686153181805
372 641.9454996657052945453785385532174111105338042769501681
373 643.2788837813978893611433628033571052195160797961008853
374 644.9905782297480025124437123246992586259388082118290482
375 646.3481915955015920338809416216623765380938628622691263
376 647.7617530042888837937668089522488501120481233185342287
377 648.7864008887824407710801337694745983596301837538751197
378 650.1975193452564590832538975923563235259593667887350082
379 650.6686838913959825305606330546754916218259933615201405
380 653.649571605394691902086864959449327157113891736865461
381 654.3019205863193422754706163229817421251126323183434449
382 655.7094630223556363160267427503958042888772079409505036
383 656.9640845994606174228698965857639277925683384798933001
384 658.1756144186053997448798079092766458149471303611055685
385 659.6638459729641078311651821460236355644041256150454174
386 660.7167325952792700521588812518146850471600825277063347
387 662.2965864311004106443782663918056390286198083601637407
388 664.2446046522730134498902572614377278701879703954689453
389 665.342763095599040542788169792516018230237398608208497
390 666.5151477041729605487750958192320428225976913154308152
391 667.1484948945554299410692132745327359495003733906044425
392 668.9758488202351314061922796622634288949080284765872837
393 670.3235852058625840344295533172217584499111449513648678
394 672.4581835841697341813650863351780057639051060231949013
395 673.0435782861476457701310406513206000102613976045719337
396 674.3558978101231678961563201060879009985466540591549265
397 676.1396743636267482031781357143434305252539590508112151
398 677.2301806687639732478547995696129323010906177581551427
399 677.8004447462213349189387573932694714798229476847348164
400 679.7421978825282177195259389112699953456135514159006657
401 681.8949915331518891094524110813676572785628747535676515
402 682.6027350197505454875408366448711890959347581415633119
403 684.0135498138695052361941279587945196166636740231345865
404 684.9726298620984525457366617383444132491921417468785374
405 686.1632235877279496034730067113885153934335592524256274
406 687.9615431847036484827963374896850355277617992654951579
407 689.3689413622723684232551928251725509009178325292804174
408 690.4747350323503976939430894539029717296733470969352167
409 692.4516844155208488498466523650592814302625701053740029
410 693.1769700606018248456230975080931819507129861193397669
411 694.5339086998731400156307045419322244287006641721657634
412 695.7263359209267301678014282277293398930253552703567738
413 696.6260699003456149709028185195611050569366108662284526
414 699.1320954760135067108161695879511643127669861970225475
415 700.2967391321434945680121498441102318192168349885565234
416 701.3017429546461556851739140394757438996196373505236195
417 702.2273431457605001194353198103374079756447995208795032
418 704.0338392955253093226530722958260039567271041044114046
419 705.1258139546192276668674794394391429219986615548362239
420 706.1846547995179190258109850160010872721132171933049982
421 708.269070885109899995269028639629649108970936269946684
422 709.2295885702843007090346933035619523511751686726000586
423 711.1302741796854315654748563903775977821925981610435919
424 711.9002899143753120389150790532116044380003781649476081
425 712.7493834701012902546105743672214999289924623663907808
426 714.0827718206693930769245271659682672645407211597256949
427 716.1123964540521101481820264759308803733066291079199117
428 717.4825697031001907144418975793226977666341639703240626
429 718.7427865454858939884491826849093718650484968044905904
430 719.6971009883656651326909608975887306013403354144388504
431 721.3511622185364171283861586963583429951943719888733027
432 722.2775049756742373403761436601858125358697720616377398
433 723.8458210451284155116719224036801895288105671661968527
434 724.5626138903790795922462167714048513283601101229965159
435 727.0564032300493816176484052778908547699431822087409707
436 728.4054815889340600347443552329310256047873916111261088
437 728.7587497956142685661306322733904860822472201406424279
438 730.4164821227564347099440393543578466815454819675621591
439 731.4173549185985250807493569602953020102425405372448327
440 732.8180527144998492085675268877710173064980865827464817
441 734.7896432523779942523125100034045480269960853222495728
442 735.7654592085783210769321888052322980023932745688144558
443 737.0529289122653080423105408769888194233587336940964372
444 738.5804211713738225217054480917100442744900401008867207
445 739.9095236740419440297009593878332515204296151062362004
446 740.5738074472950105150359715971530713246649854054611949
447 741.7573355729416732758611620027917081786788900380979614
448 743.8950131424736593815501491978661352871504090996734624
449 745.3449895506118743256405484835926302084400558341798773
450 746.4993058994323295096050066186273798779676199763698314
451 747.6745636242695283595693678729526649630433100168266389
452 748.2427544650845478685032946989341215482362441674042698
453 750.6559503621242998668074383702946266550683870062652389
454 750.9663810666508372684584196954287854227862412909191242
455 752.8876215672023747495077050031265589404171068961750553
456 754.3223704717126726851030862505928143318041481116133657
457 755.8393089760378298727924403700043879568033383942254474
458 756.768248439950930720133210234744034288660051199115292
459 758.1017292464125834114897682910439904201685579659422765
460 758.9002382248923747674353929054097564823612180336251571
461 760.2823669835120645318696008621036996769860327153876954
462 762.7000332496910547280689999085766531655086463149879321
463 763.5930661728372229969732471726643525444176077985911659
464 764.3075227241802217362512258255529837254657080708051425
465 766.0875400998362053944224648269211253503997471980630059
466 767.218472155539514082499410162404264877172486121385829
467 768.2814618065092308234566650262148983278438040563600724
468 769.6934072526244243250066549104190546809066595209522296
469 771.0708393136783163211872219161192892494852384724220006
470 772.9616175657570243378291659452684096708419036485671574
471 774.1177446279405074021419093965571889946487430569237013
472 775.0478470965805080500169929692055606518162999991490757
473 775.9997119631714424777315826030311980589672465659666542
474 777.29974852959256481651097706287499043406783023484695
475 779.1570769491890040639245377421199240695199532843846719
476 780.3489250041816705381277835507949869521751802878063742
477 782.1376643908120947543176873277865651751334937147270099
478 782.597943946073539866166505744092930829897377748683894
479 784.2888226124655014631460996657758202878745554382808313
480 785.739089700715051840646187769078694301841650736481978
481 786.461147450506277459896787496878472683329696589336617
482 787.4684638159100383814734996230300369640051173600739285
483 790.0590923641195642949460032546819337543902570914035205
484 790.8316204679210350190829313947982637224527779057020874
485 792.427707608604526866391070189121412795608002157534148
486 792.8886525626225880422427532063530827860524952191537519
487 794.4837918698931644813183752774461914190553029493126841
488 795.6065961561624126279125580477651131218225783150963672
489 797.2634700380355849161917045774173894746732756319514068
490 798.7075701662962113096919534217282742101517705501196722
491 799.6543362108976327728268906635375367826388158572041324
492 801.6042464629820559666766161424372984839938314263873386
493 802.5419848784181496624171410589680861263306715767119914
494 803.243096204270194190226229053820301426072552293169649
495 804.7622391126617639515957839630378364378895441534575353
496 805.8616356670948028368031915427265304326892551615302332
497 808.1518149359937473923558585809423471962475758876650489
498 809.1977833633007103877196047950183957500845467501961073
499 810.0818048864070998915247299014713895479007917657797052
500 811.1843588465062603378843274648800220770345396309940477
