# Geometric reproduction of L7_chi8quad_q8: 500 zeros to 50 decimals
# method: pi/3 helix -- placement (sqrt-n radius -> amplitude), running count-residual
#         amplitude A(N)-m, log-projection to 1D, phasor cancellation, cone+discreteness
#         continuation.  constants from mp.pi, dps=60.  NO gamma, NO functional equation.
# compared against zeros_500x50/L7_chi8quad_q8.txt (independent Hurwitz+Hardy-Z, 50dp)
# columns: index  geometric_ordinate  |geometric - reference|
1 4.89997399700703650103830489919651601610239881143311158  1.6e-51
2 7.62842884176939783416059334365750262574870271005352768  2.3e-51
3 10.8065881638617120143862267502480243525133315487331596  4.3e-52
4 12.3105429942365296811289615097798386944986673609987446  4.6e-51
5 15.1957542506451227684480667123661358305699372616231048  4.8e-51
6 17.0222859743083473389709003044355338021897932701189562  3.8e-51
7 18.8059589077071483998237551065370679718287993805157921  2.1e-51
8 21.1316459622213438826379936806728085456679844221377091  9.3e-52
9 23.0838499962005465428874879500261423245130874934813034  3.4e-51
10 24.2019635578156016125472077802652048396827212698190785  1.5e-51
11 26.9585351803804674196866524131700180402396998761457707  6.8e-52
12 28.0974449606307973546168663708097884680021875793394227  2.7e-51
13 29.930764210151905037228608386737247243151461544973314  4.0e-51
14 31.6381394913210173170438506074680033457416533285320682  1.8e-51
15 33.845630895158441864120869670727511363049675891312984  4.0e-51
16 34.7457770061700233094726920004930694305473795547578893  7.4e-52
17 36.5416638517745896890614889390374350100441832672474935  3.5e-51
18 38.7755777738700658142351748854180960029749703773760001  8.0e-53
19 39.7868809976666407179435562981477737607883863970890215  1.5e-51
20 41.3422061644219370451021550601534480090961462473596345  4.5e-51
21 43.2274848641477500943785920060391801134875130798458858  4.2e-51
22 44.7317275168463948346252828796045939806169544934609882  1.8e-51
23 46.5394018271776285560197113927156294803840682539988594  6.1e-52
24 47.1333101093179995091127767811107685869173783870990837  3.7e-51
25 49.7290329937546509603082302598688009061093249670631648  4.8e-51
26 50.7836534977194279922447889393159262324159898509910121  2.1e-51
27 52.116522813007331845148407472116181453850185477899099  9.6e-52
28 53.7037201598677488830573119881674578837102096183899749  4.9e-51
29 55.4503391116215046362021273656726767535702464480762488  1.2e-51
30 56.833254531120047813577800276875158976588848328877036  4.0e-51
31 58.1210450257907432303101355272502007122138517684363161  3.9e-51
32 59.4011067469600451573567272583010156200286458441539532  3.2e-51
33 61.4300063316455751437933403036764491601931152015421275  2.5e-51
34 62.8192831187407274723939584830669577318026567877519772  2.8e-51
35 63.4343574636735473973300153788505404612778687632912014  1.4e-51
36 65.5742781315366143451932396989462612871625149923159725  2.5e-51
37 66.8410941774843971743748749156445670409566165921390829  2.9e-51
38 68.373978721049489364990582636886672636810470586656905  5.0e-51
39 69.5912191297187635461567351326207871964339369456691525  2.5e-51
40 70.6975485681920040197883381935768282113790199848937414  1.4e-51
41 72.838282287058063604875935905838423307942553301404136  4.0e-51
42 73.811358313369513578668031228792176971285945653289854  4.0e-51
43 75.0667253859172155618688915570402839671033185950362748  4.8e-51
44 76.3094455242994254181923821511862948355695455831440367  3.3e-51
45 78.4505360254026246710796467730018470610280703786574962  3.8e-51
46 79.0246415915538979626673642531808243368075461220907161  3.9e-51
47 80.8210658149856640996959270732092502360361968690659578  2.2e-51
48 81.7392212539743371156976649020584223140290519836421564  3.6e-51
49 83.3241154604256669265867121992081837930606898649230059  4.1e-51
50 85.2989348065594911145534414315805758455708888173218504  3.6e-52
51 85.7322231434150774237500048720429475622368767111790118  1.8e-51
52 87.0677531198065544877848630353993640580528925684424629  2.9e-51
53 88.9367281235618526964918357664422003735716384409743608  7.5e-52
54 90.096610038896338585814861677450655541354519004974137  3.0e-51
55 91.4559420564015230735041014127972933371483235977023461  3.9e-51
56 92.5045366769061037329668484822262731996856824350891062  3.8e-51
57 93.8874321612898543074942186623022186696592727392018006  6.0e-52
58 95.453625166583728854996164704176768561055137178203172  2.0e-51
59 96.8380010551181037509660753469337331278874351995842725  2.5e-51
60 97.8621808757845928462748317402682435055745114484809281  1.9e-51
61 98.8008076515755587816518006107497584608531849674009277  2.3e-51
62 100.871341996356283500431769664453881881422217676398195  4.9e-51
63 101.960362529418349151791896293657072229726140121428353  3.2e-51
64 102.831546269707136103310329774854849931115045762834404  4.0e-51
65 104.579379930028453615901981494893110798371261011722526  4.1e-51
66 105.312569832547771869022807424773268498244568734325891  5.0e-52
67 107.292496727635148809824564794079070608795872947778223  3.4e-51
68 108.30473534861943526169871848380849431535976621760137  4.8e-53
69 109.396010577622040302134045713468302618968038760642928  1.6e-51
70 110.452240470485543509669422250029404217410856764949237  2.8e-51
71 112.359303168858448771445021815479795825327062779909959  1.5e-51
72 113.381184057081043282971756036630352687425109609959011  6.9e-52
73 114.56812891265665506817276751525711700006613090874727  2.3e-52
74 115.543414039713111601698515396894025217891956731137831  5.3e-52
75 117.254254629949444265835704141792665396674798659459142  1.7e-51
76 118.255277274076741713620852934957658686987405137617366  4.1e-51
77 119.897804451919584552589422754382042184740853693376092  2.0e-51
78 120.826934424637288122833872850668995377608101605265853  2.8e-51
79 121.607956911339322756792126392334927932563139165773285  4.8e-51
80 123.580515563777838758172665098304504511817672010546577  2.6e-51
81 124.950509983232541355577329149430963957819211973298202  1.7e-51
82 125.46001643066823962088149936412672050574510723350532  4.4e-52
83 127.068940610376077735884221783762797983633933414372418  1.7e-51
84 128.111055770785064427523165194347094508332204188016923  3.3e-51
85 129.704861728565963570761705736474429995829041433079739  1.5e-51
86 130.840012943780974949247679313925986958303313661417614  4.1e-51
87 131.985764965319146918562525853959746747379061522597133  3.5e-51
88 132.992294204066092479974556047291059226653614490259515  4.7e-51
89 134.257666333727590313787696481508186055300844913151307  2.7e-51
90 136.161864762843691889997917512163625923596564240688358  1.7e-51
91 136.791820629278204544498370080485589949015620750314551  1.0e-51
92 137.781671129011857076148823770457050590348295699600257  3.4e-51
93 139.237445264251533585907707201268678502745341773382074  3.9e-51
94 140.691253874562556213518682546937394449689438017111543  3.2e-51
95 141.639598980581032730085117923248306485122621667844415  4.8e-51
96 143.177081108332284397823535506242225307362624681307595  4.9e-51
97 143.98667325039946137209920273861864699087711851349825  4.4e-52
98 144.955632290137414055731806978385861596061303630140724  4.0e-51
99 147.019382574969649193033468136886483328050991730549291  7.3e-52
100 147.610710472825082236881356346468119779599147604837741  1.4e-51
101 149.226040914697002386598429852987486380198465417241772  2.1e-51
102 149.578782916450479521031508188947240653381321278581249  7.5e-52
103 151.442957432196309841910500378865396473459804322784123  2.5e-51
104 152.681409707516237510735501144582907829432261970724462  2.0e-51
105 153.737636177076387993758272345810424476017300944803621  1.3e-51
106 154.843032070053440999309793740921617132773633599268782  1.7e-51
107 156.111985585779981693082543821466456581911722554947846  4.1e-51
108 156.947999596108096500649770938075702651912055180079223  2.8e-51
109 158.877067312610111159594467896990458878619876737306991  7.9e-52
110 159.878916489179291937683558670275349432404094961647083  2.8e-51
111 160.39537633719590340937280477426922930328868135192517  2.1e-52
112 161.888225131160860710060005955346826074991684329645734  4.4e-51
113 163.337599237190885092318740167668208412149390296993321  1.2e-51
114 164.463979375301761494701436465044743027588841117695609  1.1e-51
115 165.535525721064057005094354336137037364606117125256615  4.5e-51
116 166.748397823623269355072954786131750203014136971376814  3.6e-51
117 167.591036404218568349273058388508589392916546852000828  1.6e-51
118 169.125058483427207695422214492395259457436555533958525  4.9e-51
119 170.411792384082400522272937370928266552955399244103749  1.3e-51
120 171.530390576757285030261464930629780691578807702944987  2.6e-51
121 172.381332510721413582241391549200624144363322852699501  1.3e-51
122 173.361886078556608802171378774311823088184275791619466  3.9e-51
123 175.34199901804356841990896206374940009599700856573006  2.1e-52
124 176.034417231506106866174397792835194349775965327089351  9.9e-52
125 177.018411684181465285206317359880254684910322589991866  3.7e-51
126 178.615647600837851641054762354168332033206343612077359  1.3e-51
127 179.117486185907828489965150855597475007339630673494175  4.8e-51
128 180.760008267166139168265304020574655644467417677917834  4.0e-51
129 182.049448051000986978804963993686213838837175219483352  1.9e-51
130 183.292620249264892594235261659870388492922784916088345  4.6e-51
131 183.58774285105683779657705864282795842166121824968243  9.8e-53
132 185.243607030039056708463663886912207031973487381175776  4.1e-51
133 186.570495570330024119100246303407228225021824684391567  2.7e-51
134 187.836943479227016225943983139352088306335623585307684  4.1e-51
135 188.617567382607769111326913845810617943129057526704669  7.2e-52
136 189.666940621690055450352227260462110629450847099761214  3.9e-51
137 191.10626936019489953534538302470763989218059087154354  6.6e-53
138 192.048500011470119456127612257238738840477255498015457  3.2e-51
139 193.575080785045138552907633013093089117961560421494174  4.1e-51
140 194.489747195713582577338502580932704701437683803654564  4.4e-51
141 195.54135297191592030951468056462230020359765496680648  2.5e-52
142 196.250361823215351004663506102183810525158769521700121  7.2e-52
143 198.51774368847545498332764998865656182809128904560307  1.6e-53
144 198.800442663994990632107850401750407994384305288800036  3.5e-51
145 200.055603224988645583869641245150330802858805554463286  3.9e-51
146 201.245975406913429603207127804901526287267059588550269  8.3e-52
147 202.231939475311759044445270373938047692399570603731537  3.2e-51
148 203.585078261900674423503314330118533408821061099757794  3.8e-51
149 204.901788958004526300787680115693976055122687917605087  2.7e-51
150 205.716700883751040145270008041727112852070757463999475  4.9e-51
151 207.010134773830458886870578286016466929108033835059503  2.9e-51
152 207.610493215577262495241386732415367660531985981547808  1.6e-51
153 209.325491374230530117950052403795148413828400166857185  4.8e-51
154 210.64639601532924996755887554871287961966522218568034  2.3e-52
155 211.341930739256971986247269811193379858176052526307415  4.5e-51
156 212.240421836582351937100659263613710708079625049826423  2.7e-51
157 213.651355914121158052262204829002107424731134789983595  4.9e-51
158 214.947444727394028194960058288662436329962157456737417  2.6e-51
159 215.76309160177487152039374604949931875980554933962932  4.7e-52
160 217.416850417006850454021537745764018182742603373015844  4.3e-51
161 217.958079480824465338933892006977317557415509792639826  4.1e-51
162 218.890626469281189124021354275921327991922253168887156  4.0e-51
163 220.453691842162006832815883060591293034659682489512706  3.8e-51
164 221.780771541031264695326472596624357196067563222905087  2.9e-51
165 222.633220194176287582136104226896269218419530668068105  4.9e-51
166 223.484153912751597552021990799968119861276941182538148  1.8e-51
167 224.718239143708075137631000037979618843011405188432555  5.0e-51
168 225.877766263212478041559232547010876282071543136702372  1.8e-51
169 227.556202677380059130228036121114306531009130529946589  9.7e-52
170 227.766526383810857199739164150769006909666021175734849  5.7e-52
171 229.411934026184427736189572590963424359760372205814227  2.9e-51
172 230.283021180198841987485390637137950554731880520427177  2.6e-51
173 231.093047117585506827440958857651377720573986226863895  4.8e-51
174 232.996468931054502957104061768762786272676536997287757  3.4e-51
175 233.782099224891196873433247529736400602462395560439968  2.0e-51
176 234.675628035679319710675859583659561682800929284478427  3.5e-51
177 235.551654745890107378160808757105230130641082875807963  2.7e-51
178 237.080666633849459397489014321834017511276687955724537  3.1e-51
179 238.212449606140010756322831304810565623765338935228882  2.0e-51
180 239.13067941358719137426373466288061930280854301959278  3.4e-52
181 240.544243710424457477712052502596365902694342090007742  2.4e-51
182 241.066633092513219357778237300292969079079250608393176  3.7e-51
183 242.337125082391286095139759454208578320179349908130473  2.6e-51
184 243.616174605765512196072758424368937638237891886017107  3.3e-51
185 244.918153314902268440904716395118724835090711274241301  9.0e-52
186 245.796211108793475696971821769479191240763748000377497  2.9e-51
187 246.760648580165057728871520353779492091840449638525551  9.0e-52
188 247.522386413801917348037294124020601120184633927025432  2.0e-51
189 249.496907275172136066752990378914341674606829621329836  3.8e-51
190 250.024207061505406476050188109869813082226266301962553  3.4e-51
191 251.233807864462272682968700034308580675538517225021946  3.8e-51
192 252.216929788283543218838755256351080594256966731918647  3.2e-51
193 253.488804624435771735605144886875169481861198539150858  1.8e-51
194 254.101539019899619683160396196706401296514515885689627  3.1e-51
195 255.866979744918034640217085753013113195053565378808619  6.2e-52
196 256.972712663510925178865711597017644627189477519841564  4.2e-51
197 257.423530593389197426194292818946300992603347333977578  1.8e-51
198 258.654035265612836220305823682039958354997805272718258  2.0e-51
199 259.80833644936652888859779264911063901616559779277495  8.5e-53
200 261.213142892074823849896896255372976746906382528023365  4.6e-51
201 262.285156173621348701894671054941860164151637524237758  2.5e-51
202 262.875380003345345375405023374293947654910300942756413  2.5e-51
203 264.310692730165084744815669195489041910354554716636328  1.8e-51
204 265.052210530314040064345156197499870132628930881267078  1.9e-51
205 266.545494834740884417789216148771839860566278530607008  1.9e-51
206 267.429990480457951885850405173045221127230227432956987  3.3e-51
207 268.90424090616872493992022843210501711687914064202961  7.2e-53
208 269.515809820562866629077026685148798908395821664047525  4.9e-51
209 270.15421143498071219138674924094335314745483886379542  4.1e-52
210 272.033390055920036717371856821087975667082428872784992  1.7e-51
211 273.100861785124891536412548107957220663154715761286456  4.0e-51
212 273.751934769360654281086109571081366834223449970021854  3.8e-51
213 274.984119869160166761602710276364819133920593106213435  4.8e-51
214 275.972589088382436845609857810388480519386872868717289  9.3e-52
215 277.007885743529199868269150703989551269293305205537505  4.8e-51
216 278.297787919347655452508403417669503494407660163084366  4.2e-51
217 279.524851358659834622249165106442453301249062991404181  1.2e-51
218 280.259711336118328690289348258291678752569557501187817  3.4e-51
219 281.362074346231293008096621406970675546898736175936493  2.8e-51
220 282.164085383740846880685915063686442806395417046183394  3.6e-51
221 283.686057212290937189427555152122986579257727396727033  2.6e-51
222 285.008682520057772935104631718961816295182188579306195  4.9e-51
223 285.564013728382728502988922105383813370562219474725396  3.8e-51
224 286.454793199204249273762108268129569990829335001700342  1.5e-51
225 287.836642732538564891841481617523524396357514674116589  8.8e-52
226 288.911659660277276916107347704365602064196180425371511  1.0e-51
227 289.870558525370852316825164097791099071232562962013975  4.9e-51
228 291.309568205555273363504882321042174564051519195704709  1.1e-51
229 292.004949440392150153608592827705430155081706272322263  3.4e-51
230 292.941656019034808776646371142051873647581689271240089  6.4e-52
231 293.882751340008491938848148722495358692971090573585837  3.3e-51
232 295.764503856464896259137083594681728609929286152940735  4.9e-51
233 296.227769365523342700833589391553273769528254894283038  2.2e-51
234 297.274984789037372982618858747016752274526958833190705  4.5e-51
235 298.460137289625018812159945193464604159573769378196269  1.1e-51
236 299.120363601344754238123754332049523050119913321145892  2.0e-51
237 300.867744891718822657173535576323550532706179342786924  4.1e-51
238 301.521972698317284423106913610133309982619914707120121  9.4e-52
239 302.674112526789767983145886354327884612628862388738023  3.5e-51
240 303.845763386166630183135136127741325716115578989768302  2.5e-51
241 304.511321339958607673523076702681112240494052260300888  2.0e-51
242 305.567601665236712637095522427200293254321216674489221  6.7e-52
243 307.176991246959968329131439539653924903930467183428403  2.9e-51
244 308.13246900071658585669823767447724534388553936573155  2.4e-52
245 308.916223376390849747385665961756322023893719291912151  1.2e-51
246 309.582333309593073926301623583170915643436062167984227  3.1e-51
247 311.323743367022952040007044050084394412492051141049473  3.0e-51
248 311.949241148651643046903254939846735358604832464546587  2.6e-51
249 313.417177505480340149389947394129222356241797792800341  1.5e-51
250 314.14396689134151496953703365959541231296627475537778  3.1e-52
251 315.430502446671931329457387996668262310620839723987234  3.7e-51
252 315.931157443939363178627465375931828883389209377386001  5.5e-52
253 317.327660511565931171564173844368011129156653867320154  3.8e-51
254 318.589397320620613973325504478581997042634790513402433  3.1e-51
255 319.63698920572954233019350853036643212340741172751044  4.3e-52
256 320.522366123342179562662295869628190524970678988085194  4.0e-51
257 321.2030750821081352389646099541994416760120960445866  1.5e-52
258 322.464068801749783475395365693797817199593389180552919  9.1e-52
259 323.971764915726474503232538644054853194068894875972079  7.3e-52
260 324.702439110402479620631675764431022036153782494122929  1.1e-51
261 325.537800085138919499536909120433385387931144296394423  3.2e-51
262 326.991321975681402784941440100019432080363812027032822  2.1e-51
263 327.58455305954269321202786762572636588719136552468936  2.4e-52
264 328.561332382377747071606416248161225677719096364352763  2.9e-51
265 330.32289737866448207083099154538177674252095474707481  3.7e-52
266 330.959878358170265475037617541513032242916617919873609  1.3e-51
267 331.905822354723284543259250792184512025706617994518979  1.3e-51
268 332.778588888114930090027231115297343528975921008552353  3.1e-51
269 333.877006562879153018681376173550390128692638715102918  2.2e-51
270 335.469535526668789712512557479612014939270036067047194  4.1e-51
271 335.960436031461472197132838463170613222689239341532856  3.6e-51
272 337.389241244411898434369912821954709845661151049377639  1.2e-51
273 337.917565731350692826067621654060249413900274958242897  3.2e-51
274 339.138736052511889371427565705488227109447701010394963  3.2e-51
275 340.291358643280889175511226093721094902321740044989836  4.2e-51
276 341.209806699659832945611797323609933457729434931455368  2.1e-51
277 342.751030511304426953509241394195231448939311768242712  2.2e-51
278 343.347771131012385370476660781640680373274466791558781  8.8e-52
279 344.019346527988326720990090303775852172686602689282628  1.9e-51
280 345.246425258425630481731817238336317776164225322216539  1.4e-51
281 346.781567828174076056446002327911661131431309481996416  3.7e-51
282 347.658195001107193904241212819158019004958807203223627  2.7e-51
283 348.28226404204390923281435016436236944997716335982042  1.1e-52
284 349.635349142878627153290213348818340067608998938995479  1.2e-51
285 350.485716356191012358835393969671961387380383236146348  1.6e-51
286 351.406575465336703734479094702597582432871553248985111  5.9e-52
287 352.844493068125045346782932030603580844108605321714575  4.5e-51
288 353.883023356727777209528797415339722227296836065079453  3.0e-51
289 354.558510673120118637221306220428484287446263530361634  4.4e-51
290 355.820269103126654416655321523912170546737245639442558  1.7e-51
291 356.295878730545268906212449226282778663280834069222288  2.3e-51
292 357.965387555256897045924462248980658389586585549530671  1.2e-51
293 359.082260117892948788113762293334824055683084846763246  4.4e-51
294 359.862217266215538032642680750575914064778723387499324  4.4e-51
295 360.546891813734928891384218134992587307381956995153569  1.4e-51
296 361.917943506109801120153998401986662065688223321100757  3.0e-51
297 362.840219929196877847432641052745384620939404534830572  2.5e-51
298 363.951996157177947042349036230753950113495610978798505  4.9e-51
299 365.048028406740151891535454140116653311636981477086442  2.4e-51
300 366.176364760089159719813255999321802027848926296908726  4.1e-51
301 367.033382538242220383048784667650940260945655962213479  8.6e-52
302 367.408484609141283617575924410334321366022278843893688  1.6e-51
303 369.394437306728974439261057406497806397760110012145362  2.1e-51
304 370.077458208849471703101565349466090645507715143880481  1.3e-51
305 371.231599263867258650581336955267235029700141496241114  3.8e-51
306 371.969160084834021952317103896015919900928870487497954  4.0e-51
307 372.95788953339109859596136382833729952790015279034568  1.7e-52
308 374.072612487694423622612179448662338586620095899864156  4.3e-51
309 375.336733499405214513273320834259843198287034609004421  1.3e-51
310 376.14947859119198043726775799664171598437363927738625  8.6e-53
311 377.409184255762219823238499981323208204785819996409289  1.0e-51
312 378.024558364423945956547955305900207697676663268223746  4.4e-51
313 379.271079618069546328362938011337331413379787996713984  4.2e-51
314 379.831047827957934065573804792503102670144718409967951  9.6e-52
315 381.760491412296161394716891691231873042414207190719061  1.3e-51
316 382.495712630969365107993812671878115707706742802185028  1.8e-51
317 382.920822948224419655439076502951158258359851869108181  1.3e-51
318 384.21511846208147124983256389971781959692021337733852  4.2e-52
319 385.274774342199397370143603610726615095333587180825027  3.4e-51
320 386.410462721170410203036048157214658114752348539384273  3.3e-51
321 387.396266152201824301038638822607908930130935563264615  5.0e-51
322 388.441704988245718450909410742550571711232686482102821  1.4e-51
323 389.546026971471143371806773253713957838662567617335536  3.5e-51
324 390.03925960774416125071716150766847362442232936825914  4.3e-52
325 391.257481065124490182648057306854074371869064487618948  2.1e-51
326 392.589682652321190708346677671310507446730548421430985  5.0e-51
327 393.612217083174959229415123298389582462581280149465514  4.1e-51
328 394.459579365027406386855293466925185269072471658438841  7.6e-52
329 395.35470688576967743110524076959002724927964874392399  6.8e-54
330 396.088390917348952640612245864408287379710320606599115  4.5e-51
331 397.670253680506957762773461702756657985603398275865515  4.6e-51
332 398.700701483683808442550049423956061199545337895156951  1.3e-51
333 399.271470494395013929851557944795508216519891204136974  3.8e-51
334 400.595610788397468266782267228197002377543614921240289  8.0e-52
335 401.62992845488651582764224478364439185404270672774864  3.9e-52
336 402.067021908907073464104717467695966721216823559225963  3.3e-51
337 403.501725991499926689381448914980725538339315504294207  3.1e-51
338 404.914811796684776631955960223783964724323971333938616  3.8e-51
339 405.549110756786980542760457610145913863688156850848737  2.5e-51
340 406.401661232216922978879425366302950309574694429339117  3.5e-51
341 407.231071692693179317662563099214412168887551915805053  2.8e-51
342 408.661348721799636749817126226344667222733164262205704  3.5e-51
343 409.519969823846913151631690124190356825511098369092636  3.7e-51
344 410.803605714440476257677968172569904884399454400481733  3.2e-51
345 411.517254836705500771591454527996592814473822008063627  2.6e-51
346 412.330762012099277630904532279515401211681318352245824  4.0e-51
347 413.776213588050374689269584569459053492913658372487528  2.4e-51
348 414.153878856078833250802908237829049434265833868122017  3.3e-51
349 415.815392251328023491636543016632953334459869069609175  4.8e-51
350 416.645041307466869084845009108100418275797415165920483  2.9e-51
351 417.829462760441048104724202852625060140683209194539373  2.5e-51
352 418.190697071624773410894725783308995136340674492379836  4.2e-51
353 419.259002861425121943408850616846625941236877290266774  3.7e-51
354 420.864867683191794101941009462727237078517587976254955  4.6e-51
355 421.861892452818650328828673505838138835267061838793049  6.1e-52
356 422.220121617854420091862923677933010944355543931849083  2.9e-51
357 423.724979625524953228212533367916181755937793225944352  2.3e-51
358 424.5101768793645457343663233319767719091965099694808  4.5e-52
359 425.259931193920206230275023466768450873352520140097313  3.3e-51
360 426.703301025148797097448566729687803914065871449749145  4.7e-51
361 427.664610896134304602052818846042412333434180267074842  1.7e-51
362 428.795409894525142173525332044783961416327448176494694  4.4e-51
363 429.324582698271137136339602803608533576792663746233038  1.8e-51
364 430.390522817298284446357320417846629946726516708063587  2.9e-51
365 431.362220418247923227049926573839624728605426469282393  2.9e-51
366 432.895913466097107477262049121903290161602694009562318  2.3e-51
367 433.63754162330377916021973135883970164968441210520936  5.0e-52
368 434.398242560390072410935429433336501096730203602352006  4.2e-51
369 435.398470310231921534484964702437478025201758092025801  9.2e-52
370 436.463560218079535595723391555348352415547086466140081  1.2e-51
371 437.599983634702029115444792216535658342272698043318155  5.0e-51
372 438.325327326713842084683932140730316356477167057796714  4.5e-51
373 439.9668572031617326858465017277845896892669541938212  3.1e-52
374 440.417485636606418382550445603278847062014947118016088  2.3e-51
375 441.280813506628425502220049991342538608471716792453604  3.5e-51
376 442.161494529025759115992884874026972355044188148255343  3.4e-51
377 443.717804904060811953626012174681021582949271549870001  7.8e-52
378 444.573235761845784967177140039768100507986135877520931  1.4e-51
379 445.604997123199119197229095574227608399593913330475906  4.2e-51
380 446.159472659238874418956454051206645273734012757745674  3.7e-51
381 447.531691982973376423747126658516581909356654019236302  2.3e-51
382 448.145849247903253280466215223523850171568233865385098  1.6e-51
383 449.561098234000027404681770575857749524374899339566194  3.7e-51
384 450.573140756294476794283928501077577666241721844422648  1.8e-51
385 451.273855627308481046069082482186463896333747865392208  2.2e-51
386 452.599508535724522821521907259397315562471123133754394  4.5e-51
387 453.170905512622482906948434414893558777401946198886091  1.3e-51
388 453.944134546639695688336866713620811580805732478619255  4.6e-51
389 455.913930115088125433373918502589170493406171354275612  1.7e-51
390 456.247219802360106452902533100088951872518995502287803  2.9e-51
391 457.401149822580684449961844965681899704861754055504905  4.8e-51
392 457.996044329543848134156995041380100695647257532106027  3.2e-51
393 459.233287710052854809251196364813607038884244237314005  4.9e-51
394 460.419300641263330407499787761459177321140036418105718  2.1e-51
395 461.12652263881877845042305114226782473387479549087183  6.7e-53
396 462.460205857323534473983072311063261848410776783687503  3.2e-51
397 463.344373410374300515127514932870534761047807569327648  1.8e-51
398 464.065201308054899751643400132144784920632955047348474  3.8e-51
399 464.940237904840566232731815567432102617871813139892246  3.7e-51
400 466.190300106558935560699853821081068106350205599076713  3.4e-51
401 467.420487816054199296482923519128299469541389634349473  3.4e-51
402 468.213384459719275531840595097784398613619476811839523  2.8e-51
403 469.305076272377165638676415526852424377032966980302205  4.9e-51
404 469.663963158079125609584352774994849642332209883879937  3.1e-51
405 471.051790540638289090223734061487516982625122291545201  5.9e-52
406 472.240803517590240725818643956275025248107319342835802  2.4e-51
407 473.198344848520923539944732687787454742608531046551464  3.9e-51
408 473.902306962782061532801474304289113955019723567526623  2.8e-51
409 475.21196944611266503935405801078855215363992078565294  2.3e-52
410 475.960201065245479718692925424762354822580667301230444  3.7e-51
411 476.630488600685227591895588509252405260217686922623101  1.1e-51
412 477.980760635562518396443786050026950853785635489792437  2.8e-51
413 479.565033749107635897875486415948847675755802753230176  3.8e-51
414 479.776348097784250487391094446617694151932748195957443  3.4e-51
415 480.584527799856320859395828641859701603316420274991379  1.1e-51
416 481.94856071115162170283005055961328897296438030775618  2.6e-52
417 482.630224998664410179639265126529484778494926737802022  1.5e-51
418 484.117809453180665311108893210092489171413319359735109  1.2e-51
419 484.865555406151836506400545104082124489445018267088502  2.0e-51
420 485.737486956177023942955742527907836670966812086148434  3.9e-51
421 486.890592194404431712022569867376472783024601657582851  1.3e-51
422 487.504718266104318452179442823450480438921603069179013  2.6e-51
423 488.643293668718556231154519001856909167939054177987957  3.1e-51
424 489.774456929332264904681543346092616613238208654176833  3.0e-51
425 490.867786007832170749581054843154705503366458368199417  3.4e-51
426 491.856366350422991809795931813446436747115931989814222  2.1e-51
427 492.515509292846660734131395929613154904989770455269349  1.4e-51
428 493.106154827147436219291260656006528207503340141433054  4.1e-51
429 494.903807663400394807114838328990123025794329189146872  2.4e-51
430 495.6440109573189561379367966318381937448910673582545  5.9e-53
431 496.46436618852840898555669551891854938973124889902583  2.9e-52
432 497.590278510628841989856014665164995653592671369498052  2.4e-51
433 498.399404560480315643860818105658646575924704390432714  4.5e-51
434 499.427440435291104856350746124482801990483661672185566  3.8e-51
435 500.146743217028607722912224233074687232965770019182253  2.7e-51
436 501.745333982604602558623593951505407559966073132555097  3.0e-51
437 502.4603760042586281246560857124540422850349227673844  4.8e-52
438 503.326255495844363935761915337389181303576206862294147  2.8e-51
439 504.200097643034996157988983406087351251788304888208441  7.5e-52
440 505.043997611977773345338524548917983379180379948118377  2.7e-51
441 506.285461626813125233352182212594360533564152568523757  3.5e-51
442 507.65189022745750372457456449167378667585787157504093  2.4e-52
443 508.104032874404154066991032297543175109046244122066561  1.3e-51
444 509.051788713098073833141234523928893569616499181474793  3.4e-51
445 510.042173958131018552182131223904197316663683537925923  2.9e-51
446 511.236744258457642367163558738720740798335220129022072  2.4e-51
447 511.826692685136876349486702606396178308805408744033624  3.6e-51
448 513.215782251622911751291921267388425103398634626925157  3.0e-51
449 514.295216297382760540642786129791986498339030256686808  2.4e-51
450 514.945519222093124849565123176924632722854294964888883  3.3e-51
451 515.768338979405942775170564977647304555891026880546767  3.4e-51
452 516.591839811372338335749525227751240238292854170300236  3.6e-51
453 518.318419602811690070639934540406342576221766550637484  4.0e-51
454 518.862761405444716460190949002527424122895230963976763  2.7e-51
455 519.816186525249361586411781904288191493910113369872666  4.3e-51
456 520.754659503768980189705058234437636503642651515270907  3.0e-51
457 521.787779775859893695666860164122170257380131084982284  4.4e-51
458 522.408797224641421719294353604742386390252044383700304  3.6e-51
459 524.092365872999997127029448942172269853133075436463656  4.1e-51
460 524.453327784664885717267091857015963289128871615286106  4.0e-51
461 525.818825402534135425819535607611730664437289392407932  2.2e-51
462 526.751868483942931560005200079507817033889509140681899  1.1e-51
463 527.221398196282564816561112011714468792794181817693284  3.7e-51
464 528.311239428627823919415187360783938493030048038360143  3.0e-51
465 529.646079623923784240510505808622066044052507101684007  2.8e-51
466 530.797813941936446273934503936098281503685314902902323  2.6e-51
467 531.532278357453539470400529066097875872190098770115834  3.5e-51
468 531.897365214884868468716547964668918891348325611695623  3.3e-51
469 533.502569098711723304317989041753860258076167332691035  4.9e-51
470 534.184391720158235175735867224505462106923279397058685  5.0e-51
471 535.270206532179471244197949467614477907424536670311657  2.9e-51
472 536.321018303976051371789799026821273475658857610746677  3.0e-51
473 537.568725487919719947051727183639698553403579174890375  4.8e-51
474 537.870434002241831371991502118544403063821321604247981  7.5e-52
475 539.033977070953128166161951016983191793481008075894967  3.2e-51
476 539.833961515502139114236288694149374157534140578651513  3.2e-51
477 541.292010317148760890075873018978101722503077440057103  2.7e-51
478 542.234658162320076304572083218329261548821652757007106  3.8e-51
479 542.863410923577761404195331133214716483245363111312286  4.0e-51
480 544.042551052647338149052631789920954232359562035470566  4.0e-51
481 544.453648297401421347784917768374703887043718030217615  4.9e-51
482 545.986962490083295685584277118899598143549109165117318  2.2e-51
483 546.914521962495738032543470770553546826951650992016774  3.6e-51
484 547.800526419217531581899295082184279192687437010830301  1.5e-51
485 548.689175617254240738622438845597473142412440504273429  9.1e-52
486 549.934256293950821872120911273365959149365626453854188  1.8e-51
487 550.441392634588240878916121006437403561513445682619888  1.6e-51
488 551.201374077978060534489496951865004919286379537195117  2.6e-51
489 552.981732165315547976648666818650466400204382799360621  6.9e-52
490 553.681326485814170166418006730323806624746591471489184  4.3e-51
491 554.383150598458431347592028147490939919964660677173953  3.4e-51
492 555.359883327832853231819563016268699881339318208596505  4.6e-51
493 556.168264234759077097450486695147641979737841310899958  2.2e-51
494 557.449768516810258792167732758275615787448620188789799  7.5e-52
495 558.370703863742658357017596402955264270610425095547012  2.2e-51
496 559.325618350712063432994513184162413562768520601136839  1.0e-51
497 560.381341668208872583321390834001537459260669302972332  1.9e-51
498 561.029671325766682358270134987517203588602625700553255  4.7e-51
499 562.010458808337617187541360436892770166202971377165314  3.5e-51
500 563.043009142320853526392060771459545006586787292692005  4.7e-51
# summary: 500 zeros, 0 miss(es) at 50dp, worst |geo-ref| = 4.99e-51 at #38
