# Geometric reproduction of L1_zeta_q1: 500 zeros to 50 decimals
# method: pi/3 helix -- placement (sqrt-n radius -> amplitude), running count-residual
#         amplitude A(N)-m, log-projection to 1D, phasor cancellation, cone+discreteness
#         continuation.  constants from mp.pi, dps=60.  NO gamma, NO functional equation.
# zeta via the CLOSED-FORM ETA technique: eta(s)=(1-2^(1-s))zeta(s), period-2 two-channel.
# compared against zeros_500x50/L1_zeta_q1.txt (independent Hurwitz+Hardy-Z, 50dp)
# columns: index  geometric_ordinate  |geometric - reference|
1 14.1347251417346937904572519835624702707842571156992432  3.2e-51
2 21.0220396387715549926284795938969027773343405249027818  1.8e-51
3 25.0108575801456887632137909925628218186595496725579967  3.3e-51
4 30.4248761258595132103118975305840913201815600237154402  1.8e-52
5 32.935061587739189690662368964074903488812715603517039  9.9e-52
6 37.5861781588256712572177634807053328214055973508307932  3.2e-51
7 40.9187190121474951873981269146332543957261659627772795  4.6e-52
8 43.3270732809149995194961221654068057826456683718368714  1.4e-51
9 48.0051508811671597279424727494275160416868440011444251  4.9e-51
10 49.7738324776723021819167846785637240577231782996766621  2.1e-51
11 52.9703214777144606441472966088809900638250178888212248  4.8e-51
12 56.4462476970633948043677594767061275527822644717166318  1.8e-51
13 59.3470440026023530796536486749922190310987728064666697  3.0e-52
14 60.8317785246098098442599018245240038029100904512191783  1.7e-51
15 65.1125440480816066608750542531837050293481492951667224  2.4e-51
16 67.0798105294941737144788288965222167701071449517455589  1.1e-51
17 69.5464017111739792529268575265547384430124742096025102  1.6e-52
18 72.0671576744819075825221079698261683904809066214566971  2.9e-51
19 75.7046906990839331683269167620303459228119035306974003  3.0e-52
20 77.144840068874805372682664856304637015796032449234461  1.0e-51
21 79.3373750202493679227635928771162281906132467431200309  8.8e-52
22 82.9103808540860301831648374947706094975088805937821491  8.5e-52
23 84.7354929805170501057353112068277414171066279342408187  1.3e-51
24 87.4252746131252294065316678509192132521718864012690282  1.8e-51
25 88.809111207634465423682348079509378395444893409818675  5.0e-51
26 92.4918992705584842962597252418106848787217940277306462  3.8e-51
27 94.651344040519886966597925815208153937728027015654852  2.0e-51
28 95.8706342282453097587410292192467816952564612249879984  1.6e-51
29 98.8311942181936922333244201386223278206580390634281961  3.9e-51
30 101.317851005731391228785447940292308906332866384300895  4.8e-51
31 103.725538040478339416398408108695280834481173069495765  4.5e-51
32 105.446623052326094493670832414111808997282753928535138  1.5e-51
33 107.168611184276407515123351963086191213476707881404765  4.7e-51
34 111.029535543169674524656450309944350415345968390073057  3.2e-51
35 111.874659176992637085612078716770594960311749873385874  3.8e-51
36 114.320220915452712765890937276191079809917657723829892  2.3e-51
37 116.22668032085755438216080431206475512732985123238322  2.8e-52
38 118.790782865976217322979139702699824347306210592809383  2.8e-51
39 121.370125002420645918945532970499922723001310631728742  2.3e-51
40 122.946829293552588200817460330770016496214389873863517  2.8e-51
41 124.256818554345767184732007966129924441573538774693561  1.1e-51
42 127.516683879596495124279323766906076268088309881554982  2.5e-51
43 129.578704199956050985768033906179973608640953264659431  1.0e-51
44 131.087688530932656723566372461501349059203547502975045  4.6e-51
45 133.497737202997586450130492042640607664974174943904675  5.0e-51
46 134.756509753373871331326064157169736178396068613647164  4.4e-51
47 138.116042054533443200191555190282447859835274624146236  4.3e-51
48 139.736208952121388950450046523382460846790052565382603  3.1e-51
49 141.12370740402112376194035381847535509030066087974762  3.2e-53
50 143.111845807620632739405123868913929966233102430354633  2.5e-51
51 146.000982486765518547402507596424682428975741233095804  3.6e-51
52 147.422765342559602049521185010431506168772775250476831  6.0e-52
53 150.0535204207848803514324672369593706230373215595282  4.5e-52
54 150.925257612241466761852524678305627602426770472996718  2.3e-51
55 153.024693811198896198256544255185446508590434904145507  3.3e-51
56 156.112909294237867569750189310169194746535308500942921  8.0e-52
57 157.597591817594059887530503158498765730723899519141734  3.5e-51
58 158.849988171420498724174994775540271414335083049426966  3.7e-51
59 161.188964137596027519437344129369554364915790327475467  3.4e-51
60 163.030709687181987243311039000687994896964461416477683  3.1e-51
61 165.537069187900418830038919354874797328367251745068604  4.5e-51
62 167.184439978174513440957756246210378736460769242616767  2.6e-51
63 169.094515415568821489505871181431834796667648580441625  4.9e-51
64 169.911976479411698966699843595821792288394437125341373  3.0e-51
65 173.411536519591552959846118649345595254156066063420118  2.1e-51
66 174.754191523365725813378762455866917938755717620571663  3.4e-51
67 176.441434297710418888892641057860933528118497108809715  4.7e-51
68 178.377407776099977285830935414184426183132361461272504  3.7e-51
69 179.916484020256996139340036612051237453687607553018407  3.5e-51
70 182.207078484366461915407037226987798690797457778239909  1.2e-51
71 184.874467848387508800960646617234258413351022911950668  2.2e-51
72 185.598783677707471466527704268392646612934717649513283  3.1e-51
73 187.228922583501851991641540586131243016810734603990319  8.5e-52
74 189.416158656016937084852289099845324491357103023193354  4.4e-51
75 192.026656360713786547283631425583430105839920297977097  3.1e-51
76 193.07972660384570404740220579437605460402061581054886  1.4e-52
77 195.265396679529235321463187814862250926905052452286924  4.1e-51
78 196.876481840958316948622263914696207735746028691942215  4.5e-51
79 198.015309676251912424919918702208867155062695438570997  3.3e-51
80 201.264751943703788733016133427548173222402863639186734  4.1e-51
81 202.493594514140534277686660637864315821020244899420054  3.9e-51
82 204.189671803104554330716438386313685136534529228741907  2.6e-51
83 205.394697202163286025212379390693090923722914772048407  3.0e-51
84 207.906258887806209861501967907753644268659403768884  1.4e-52
85 209.576509716856259852835644289886752175390783181326162  2.5e-51
86 211.690862595365307563907486730719294253394030982935644  3.7e-51
87 213.347919359712666190639122021072608821897183276633069  9.4e-52
88 214.547044783491423222944201072590691045599888053083076  3.6e-51
89 216.169538508263700265869563354498128575453714274164111  9.8e-52
90 219.067596349021378985677256590437241245149182927011351  1.4e-51
91 220.714918839314003369115592633906339656761145077661966  4.3e-51
92 221.430705554693338732097475119276077950222331077319909  6.2e-52
93 224.00700025460433521172887552850489535608598994959553  2.4e-52
94 224.983324669582287503782523680528656772090054485587427  3.0e-51
95 227.421444279679291310461436160659639963969148321976628  1.6e-51
96 229.337413305525348107760083306055740082752341387818518  2.5e-51
97 231.250188700499164773806186770010372606708495843123371  1.4e-51
98 231.987235253180248603771668539197862205419833994562496  3.5e-51
99 233.693404178908300640704494732569788179537227754565836  3.6e-51
100 236.524229665816205802475507955662978689529495212189124  3.7e-51
101 237.769820480925204003236625926387107794160619352116061  1.3e-51
102 239.555477573327628740268932034334492481708318326706162  2.2e-51
103 241.049157796216586412837921410335670549645682844722094  3.8e-51
104 242.823271934222600016826474458878549953940543767614932  2.4e-51
105 244.070898497078158236816527989844501347100190716770327  2.5e-51
106 247.136990074897499467550968179208132267864642009627181  1.2e-51
107 248.101990060148459256762142084656997355810381258443319  8.4e-52
108 249.573689644707209192329794188739970342611130682670739  7.9e-52
109 251.014947795016001142954155103708048152326782831536646  3.9e-51
110 253.069986747999477194599013785618090930087150249644973  3.5e-51
111 255.306256454914022753086491794001423157910032814963419  1.3e-51
112 256.38071369443447778935838233972953087121665239003275  3.5e-52
113 258.610439491531368208983058644759131632194406284990086  4.1e-51
114 259.874406989678000350672844613876592666198481464570218  1.8e-51
115 260.8050845045968701859312334724645480349389538724255  6.7e-53
116 263.573893904870132233081588131023303170314219436993895  4.7e-51
117 265.557851838876320292477308964184914641004986152484754  3.8e-51
118 266.614973781501072495720112973867911806635957187170114  3.5e-51
119 267.921915082824059440378967172185618374292568143282724  3.8e-51
120 269.970449023997602594693505318898479662926905288056308  1.8e-51
121 271.494055641644999018179416757522850693543519562990489  5.4e-52
122 273.459609188403287045714250298801772922840099677093524  4.3e-51
123 275.587492649343841248740702619377784826447528597228431  1.3e-51
124 276.452049503132938679887343638399241948079966680998862  2.0e-51
125 278.250743529841954492748276711316258926117900655886741  9.5e-52
126 279.229250927745189228409880451955359283492637405561294  3.6e-51
127 282.465114765052096233027201186501024205506836280345817  2.6e-51
128 283.211185733233867420493837943328938298455684878958634  3.9e-51
129 284.835963980904724133157633922696216463142827928311918  1.9e-51
130 286.667445363002884292847624146414939343868226282777808  2.0e-51
131 287.911920501422187155254120271867510385461419440570659  1.5e-51
132 289.579854929218834152738023569352343889669498362942551  7.0e-52
133 291.846291329067395835513054424638511882820635599982136  4.5e-51
134 293.558434139356285356776697106035077343798834356470954  3.9e-51
135 294.965369619265542175066448639009671343055445882550616  3.8e-51
136 295.573254878958292388460831458778610637285157110630223  2.7e-51
137 297.979277061943415209929682957682834181057097189798913  2.5e-51
138 299.840326053721312960027052525293769254215570064342984  3.6e-51
139 301.649325462194183623470100208417982081105610093523295  4.6e-51
140 302.696749589606917051751477095352922762935820411681498  2.1e-51
141 304.864371340857297700148749903144499592586945838241946  3.9e-51
142 305.728912602036809289222821261660967256963159579082376  4.4e-51
143 307.219496128170054789410033399934502267433848278422839  9.1e-52
144 310.109463146701898804786219767998945834763013181532886  3.5e-51
145 311.165141530356003270942670800354819899188804939703869  1.4e-51
146 312.427801180600891980485983092874263762853940093152919  1.5e-51
147 313.985285731158922979048965754576328568024981575154166  4.0e-51
148 315.475616089475733868596078143953765335774697630989645  4.7e-51
149 317.734805942370180395645494204968114015242740585147951  1.4e-51
150 318.853104256316597906689184547749182203013102410885385  4.7e-51
151 321.160134309113578291921471417430694029752662798292275  4.8e-51
152 322.144558672482932298837445005988549260371980208614465  4.6e-51
153 323.466969557512050506212030414795163356763087177694562  1.6e-51
154 324.862866051739613264980086995400409919804521051533192  1.8e-51
155 327.443901261905457343469263816320703356694348255731952  1.9e-51
156 329.033071680480934033614727576803946203692825604421437  3.5e-51
157 329.953239728233866343892122188631466058323921638948958  2.5e-51
158 331.474467582663424375661753866344827923217600313511903  2.7e-51
159 333.645378524869850584961683080879425380867826435891802  1.6e-51
160 334.211354833244383232403407959192493154187277022001421  7.2e-52
161 336.841850428390684794654762919411886007208368560628434  4.2e-51
162 338.339992850806611886257326087163203390917643563347098  1.5e-51
163 339.858216725363540192326550930873997183197044249769493  3.3e-51
164 341.042261111046560482597784598536917187337647470737228  2.4e-51
165 342.054877510363585451403825094098056715186930665395486  4.2e-51
166 344.661702940252337044181188098199185782715242402814929  1.5e-51
167 346.3478705660099473959364598161519338981967354434629  1.3e-52
168 347.272677584420484475797094888069979676080928456855574  3.8e-51
169 349.316260870696144123155555733993721336088905562238856  3.7e-51
170 350.408419349192099187671953234487234469645873664331023  2.5e-51
171 351.878649025359280436713393076596932729930319669585438  2.3e-51
172 353.488900488718806783603768609435318413343265129892633  3.1e-51
173 356.017574977264947317960361960766442675714445547193874  3.5e-51
174 357.151302252039624809602928232290356611757081185117946  4.1e-51
175 357.952685101632273755128918982777442823466384714138304  3.6e-51
176 359.743754953114448799291985976990295405373745761297432  1.9e-51
177 361.289361695804650390291311227715228190875941637995833  3.2e-51
178 363.331330578973834747334449566614731270035245758754729  8.9e-52
179 364.736024114088993716262102126940400017202300305689967  3.2e-51
180 366.212710288331316861077145196806574179109375379860613  3.5e-51
181 367.993575481740303326183298044207846399024882018516546  4.1e-51
182 368.968438095734389891576901299891910638194413780711012  1.7e-51
183 370.050919212106000339651163061266611422466593933768733  3.0e-51
184 373.061928372112838449119396431285391902941772742312802  2.0e-51
185 373.864873910908569744756362733659460949678507922263612  1.8e-51
186 375.825912766739334107907714146693025752929666674355203  3.2e-51
187 376.324092230668052117190819612427579612962026684976087  2.9e-51
188 378.436680249965479724090965913203520556316530938757843  2.9e-51
189 379.872975346532346651024059690446271568109156968041857  3.4e-51
190 381.484468617186524919662522423657395365799198385042587  2.5e-51
191 383.443529449536487704345755480722536904199311056508957  3.2e-51
192 384.956116814863687103751584208793513390270929150123543  2.6e-51
193 385.861300845974229180561959359803257615611806561018259  9.8e-52
194 387.222890222387980975948514738109814090964039296706784  4.4e-51
195 388.846128354232254600809420300373558057355405857938161  1.5e-51
196 391.456083563638045770578228122554134772225870114072316  3.7e-51
197 392.245083339519096749015184170992880562362188445136742  1.9e-51
198 393.427743844434025936698952920128869920492928920345547  3.4e-51
199 395.582870010993720970877711323141642136070243910356784  4.0e-51
200 396.381854222592186931999454491730529063761599688102123  3.3e-51
201 397.918736209614243386981179710798683804483401291182062  2.2e-51
202 399.985119876194899505917299868289645770638909961393128  2.0e-51
203 401.839228600533216539911304378287230726400400393259496  4.0e-51
204 402.861917763886114176315443096039634696894041477105245  5.0e-51
205 404.236441800208004740227799563527690196140586752048084  3.7e-51
206 405.134387459909927257486268025416736162756058477020315  4.7e-51
207 407.581460386896182076309001181390537640506144974509681  7.8e-52
208 408.947245502351112519634039764157901795622891749191115  4.6e-51
209 410.513869193366638646769105284867187789692707298270351  1.5e-51
210 411.972267804278750664640298507272917407539125085294283  2.9e-51
211 413.262736070185046886257059317729090870648558511170896  4.3e-51
212 415.018809755155115646319211462817221509881510703593663  3.1e-51
213 415.455214996294598857128782486669824931693017207953958  2.0e-51
214 418.387705789534779226045723099554798824172409177924694  4.5e-51
215 419.861364818152323687852309138382817393330169016061583  3.0e-51
216 420.643827625041786267974652985000480702457519021789137  3.1e-51
217 422.076710058826759629840665449381375274245918175777903  2.6e-51
218 423.716579627481818610562874731766074189262793520369937  3.4e-51
219 425.069882494461347614374692649156431342104157303889429  9.3e-52
220 427.208825084074580528142933885711598385191493806400508  2.0e-51
221 428.127914076616682110305068486318159309260938775705959  9.1e-52
222 430.328745430938636669926981541854862684153505293151287  3.1e-51
223 431.301306930703592019505121927555681053518826916120718  1.6e-51
224 432.138641734588568306253249108952716905139488335003735  4.9e-51
225 433.889218480927225302946611050792902448876224624160672  2.2e-51
226 436.16100643264698407180151826237803798987125116340914  2.8e-52
227 437.581698167668581154013167233325459498790141788327466  3.7e-51
228 438.621738656272196290915010137170395629783098112331954  4.3e-51
229 439.918442214370656410221790027024039280832816189529305  4.8e-51
230 441.683199201189023874204436499167993071419323647024442  2.3e-51
231 442.90454630260944946972310241276620206608713626613151  4.6e-52
232 444.319336277559155920305743539790620945587317644652268  1.5e-51
233 446.860622696429522528860875180746743137681648820646182  1.8e-51
234 447.441704194493290065526925303609159730480696368875211  1.4e-51
235 449.148545685023304753023503134704650003335745648059296  4.3e-51
236 450.1269457803135240300457625287817055143907653968446  1.2e-52
237 451.403308445388795462113224631358811204209973747860456  4.2e-51
238 453.986737806677916038366810294004858372241210971229889  1.3e-51
239 454.974683768616788875309438951270945926994901297298634  4.5e-51
240 456.328426689246051224499830063055483498457485318166013  3.3e-51
241 457.90389306410297157469932917178764504489521230695381  2.8e-52
242 459.513415281106011754009943802041405383613308852731606  4.4e-51
243 460.087944422175841255330255428206546245523553777869014  3.7e-51
244 462.06536727488253096383092114561846204322781755400164  3.6e-52
245 464.057286910548284576246084783666675915832683288407258  1.5e-51
246 465.671539211371094552966645743995528851494762058541572  2.5e-51
247 466.570286930826255167392125952264412091020284178938807  3.1e-51
248 467.439046210261638856645001384446842320172524711642123  3.2e-51
249 469.536004559112032191819068829123165678003435566259151  9.1e-52
250 470.773655478101647690118879454436353540928850509100551  1.1e-51
251 472.799174661908816658297992681770003196973059754811365  4.6e-51
252 473.835232345139687073805468023383043690661598855026696  3.9e-51
253 475.600339369375785605428819923679925062405518812257957  3.2e-51
254 476.769015237484520852848689195468311920887614784338869  1.4e-51
255 478.07526376667096919987272740490951431988042880487915  1.4e-52
256 478.942181534634826538317101767038484021904243109601896  4.5e-51
257 481.830339376286561366681376285097598090203003919340698  2.5e-51
258 482.834782790982397306556996676321646468696744168777108  2.1e-51
259 483.851427212482537560188221084668127688889586966536702  1.7e-51
260 485.539148129356006930025423658082117260806471749763154  4.4e-51
261 486.528718261651244352367526269941499436227923522305402  2.2e-51
262 488.380567090017448527111430664811922191767188460417426  3.7e-51
263 489.661761577956131512780904174977104974169272683919511  8.8e-52
264 491.398821593663006569213331008539128017633847524729897  3.4e-51
265 493.314441581785300936360604043227082234686759172573355  4.8e-51
266 493.957997805369464909583091286885151985412467988377523  3.4e-51
267 495.358828822131277496834132737170598262641247397976653  2.6e-51
268 496.429696215759103483918912816073020436220011011346345  4.8e-51
269 498.580782429686542016675082912487905161561476333053767  3.3e-51
270 500.309084941690495539309390725171446472704870369647771  8.8e-52
271 501.604446965145477663332545762851174533419386550991445  4.6e-51
272 502.276270327118233175399507333885342548651707838851562  2.1e-51
273 504.499773313427737183791262228361389155148817066918955  4.5e-51
274 505.415231742244442029552166109282855338114496513046726  4.1e-51
275 506.464152709523531221526074780645230739269626692331545  4.8e-51
276 508.800700336467820809469672508191999337705587997163507  2.7e-51
277 510.264227943672834420779517654734925130171257929297558  2.3e-51
278 511.562289700374595460454904486599125570312683709013316  4.4e-51
279 512.623144531407418667101254943481034069611131681544229  1.4e-51
280 513.668985555473683436244146417926108827951893210124015  4.6e-51
281 515.435057167299377249676893672957310708188070759439041  8.7e-52
282 517.589668572467425341357965286940548832792058007046841  1.0e-51
283 518.234223147550143573858274373479820669062436287412602  2.3e-51
284 520.106310411723255903196146134261858075622441724293615  4.9e-51
285 521.525193449492040967732398163194141203786999138040744  4.5e-51
286 522.456696177730210430144413322512508137587977933878769  6.0e-52
287 523.960530892015840487007509480972102533964237228112712  1.6e-51
288 525.077385687279622180591217630138044888849347484163784  3.8e-51
289 527.903641601272345229617268071154120425858445483088705  4.7e-51
290 528.406213852292658941608896647383642662683157410699345  4.8e-51
291 529.806226318706900798163983301564829357041689242415751  7.6e-52
292 530.866917883961089644387434514856070176110764240543701  1.2e-51
293 532.688183028293730505126445569143568476310285988671403  3.3e-51
294 533.779630753768732565482546023135472721918119360259667  3.5e-51
295 535.664314075873224617046123182274714681444498945062784  3.6e-51
296 537.069759083122327588389737753582268038726636386780734  3.7e-51
297 538.428526176247962843500955239781566770638701359261145  4.6e-51
298 540.21316637622813338364566898996335095302403518190001  2.6e-52
299 540.631390247295117360128077599175934027048048454650868  1.7e-51
300 541.847437121201281547119113508906736693415121753136292  1.9e-51
301 544.323890101005262903121308755760836204503042278881158  1.5e-51
302 545.636833248934818254855439794422051566830332135202656  3.6e-51
303 547.010912058122292463655881793125071664259503914834657  2.5e-51
304 547.931613364489338310451159426145557525438785686258319  1.5e-51
305 549.497567562661378459984733879773569963624316558198386  4.0e-51
306 550.970010039483889045657234056993886473630308383897687  2.7e-51
307 552.049572200564892792576702545569569680427366907946193  3.3e-51
308 553.764972119158814617149782592093555711203694252599487  2.8e-51
309 555.792020561682508416573221485355189326697569200784319  9.6e-52
310 556.899476406855351261964218656146374472616320615719863  2.8e-51
311 557.564659172058528408523989874331277788818355032438095  4.7e-51
312 559.316237028682163760935142240205788971567546227973499  1.0e-51
313 560.240807497295668241793276358860519826586176918269636  4.3e-51
314 562.559207616045851108137916695324536239641021958784522  2.1e-51
315 564.160879110786117813879533500406528663935670739735879  1.1e-51
316 564.506055938149835122245968938976840576910146090502594  4.4e-51
317 566.698787682807956241512280667240726318436084182938348  1.9e-51
318 567.731757901176937450334730493575064641799409895436367  3.4e-51
319 568.923955179629368496753487416866151730569267205845121  1.4e-51
320 570.05111478246359203852701660132786884051162280285239  4.2e-52
321 572.419984132452764045276927107346862149490447255676495  5.0e-51
322 573.614610526758129987246032109643300937226895595346026  3.6e-51
323 575.093886014494885607457172282198207852584241612813237  3.3e-51
324 575.807247140928780709429332894430443853037021115963657  2.8e-51
325 577.039003472098211216637089687739189296759367579245256  4.1e-51
326 579.098834672036607431284364328921100148033526056936214  4.2e-51
327 580.136959362384628672716276348033200009168512453105408  1.6e-51
328 581.946576265901625551506114544723956732510563126586377  2.8e-51
329 583.236088219167278261960573649485662097389626069575467  3.3e-51
330 584.561705903465528366945893393454466849226298874506683  3.1e-51
331 585.984563204988300574187258985588990838294060300518843  2.5e-51
332 586.74277189125015564477184508734522087471206506512388  3.5e-52
333 588.139663266247956417554235270490785291465779184145836  4.4e-51
334 590.66039751676527563103200331027427486077801691222203  1.3e-52
335 591.725858065048056649222446472740558131004620037277461  1.1e-51
336 592.571358300225569820772716120316474304065122812542448  1.9e-51
337 593.974714682231029243805174509381626220203313046928789  1.0e-51
338 595.728153697388949177020920732867804422663544399957321  1.5e-51
339 596.362768328393684089579097070462356203840902612662316  4.0e-51
340 598.493077346164754401063582936110050837384035079309115  4.7e-51
341 599.545640364364853997515395144445410292207207969226645  4.8e-51
342 601.602136735932636051738107595968508474664652617039118  2.1e-51
343 602.579167886387354298822724542837818457954433023190581  1.2e-51
344 603.62561890357916067224396685745155420552600682735888  1.4e-52
345 604.616218493753232914639602788649237535811092755754246  4.0e-51
346 606.383460422109041088674311239883745213869147704836856  4.4e-51
347 608.413217311187325175126723757179671243190252727968005  4.8e-51
348 609.389575154720080527323879547898767847971133516405388  2.3e-51
349 610.839162937739406926702537767778832711904198090896228  1.9e-51
350 611.774209620887204635168361972656966904478530297771497  3.1e-51
351 613.59977867563711940518645618591430339691642090552786  4.4e-52
352 614.646237872232621525553083987619235052302568261236842  2.5e-51
353 615.538563369407027853474265895699474389971347354524579  7.1e-52
354 618.112831366442373382540227024580926363263416205351091  5.2e-52
355 619.184482597953634249028146424311812394043847656926077  3.4e-51
356 620.272893672227521919085572594792896401397368958642182  2.2e-51
357 621.709294527948622957298633060848371856511027750093622  1.9e-51
358 622.375002739779009217881543779123522671034592526744297  3.4e-51
359 624.269900018177880834772947038749973870536971717561247  2.6e-51
360 626.019283427654382198336217405895559955426754723684418  1.5e-51
361 627.268396850783020751997645596383297569499787734262962  2.2e-51
362 628.325862359460361935943815665121535839615938316538147  3.3e-51
363 630.473887438292045870606586776348549850103988269080329  5.6e-52
364 630.805780927197532641871725248146886833987296689514261  1.0e-51
365 632.225141167115951952154705929610468457285087538790363  3.3e-51
366 633.546858252251777484197133458782459287874317637190377  2.8e-51
367 635.523800310605453810525581751117890605791793407097192  1.7e-51
368 637.397193159837307173748074287929478258327666577696941  1.4e-51
369 637.925513980822581093428839716523895075716537698888596  4.1e-51
370 638.927938266856770193772690921371862192099338385080612  1.6e-51
371 640.69479466882566762318753849869779520897346861531818  4.9e-52
372 641.945499665705294545378538553217411110533804276950168  1.9e-51
373 643.278883781397889361143362803357105219516079796100885  4.7e-51
374 644.990578229748002512443712324699258625938808211829048  1.8e-51
375 646.348191595501592033880941621662376538093862862269126  3.7e-51
376 647.761753004288883793766808952248850112048123318534229  1.3e-51
377 648.78640088878244077108013376947459835963018375387512  2.8e-52
378 650.197519345256459083253897592356323525959366788735008  1.8e-51
379 650.66868389139598253056063305467549162182599336152014  4.9e-52
380 653.649571605394691902086864959449327157113891736865461  1.0e-51
381 654.301920586319342275470616322981742125112632318343445  4.9e-51
382 655.709463022355636316026742750395804288877207940950504  3.6e-51
383 656.9640845994606174228698965857639277925683384798933  1.4e-52
384 658.175614418605399744879807909276645814947130361105568  1.5e-51
385 659.663845972964107831165182146023635564404125615045417  2.6e-51
386 660.716732595279270052158881251814685047160082527706335  4.7e-51
387 662.296586431100410644378266391805639028619808360163741  7.0e-52
388 664.244604652273013449890257261437727870187970395468945  4.7e-51
389 665.342763095599040542788169792516018230237398608208497  3.0e-51
390 666.515147704172960548775095819232042822597691315430815  4.8e-51
391 667.148494894555429941069213274532735949500373390604442  2.5e-51
392 668.975848820235131406192279662263428894908028476587284  3.7e-51
393 670.323585205862584034429553317221758449911144951364868  2.2e-51
394 672.458183584169734181365086335178005763905106023194901  1.3e-51
395 673.043578286147645770131040651320600010261397604571934  3.7e-51
396 674.355897810123167896156320106087900998546654059154927  3.5e-51
397 676.139674363626748203178135714343430525253959050811215  4.9e-51
398 677.230180668763973247854799569612932301090617758155143  2.7e-51
399 677.800444746221334918938757393269471479822947684734816  3.6e-51
400 679.742197882528217719525938911269995345613551415900666  4.3e-51
401 681.894991533151889109452411081367657278562874753567652  1.5e-51
402 682.602735019750545487540836644871189095934758141563312  1.9e-51
403 684.013549813869505236194127958794519616663674023134587  3.5e-51
404 684.972629862098452545736661738344413249192141746878537  2.6e-51
405 686.163223587727949603473006711388515393433559252425627  2.6e-51
406 687.961543184703648482796337489685035527761799265495158  2.1e-51
407 689.368941362272368423255192825172550900917832529280417  2.6e-51
408 690.474735032350397693943089453902971729673347096935217  3.3e-51
409 692.451684415520848849846652365059281430262570105374003  2.9e-51
410 693.176970060601824845623097508093181950712986119339767  3.1e-51
411 694.533908699873140015630704541932224428700664172165763  3.4e-51
412 695.726335920926730167801428227729339893025355270356774  3.8e-51
413 696.626069900345614970902818519561105056936610866228453  2.6e-51
414 699.132095476013506710816169587951164312766986197022547  2.5e-51
415 700.296739132143494568012149844110231819216834988556523  3.4e-51
416 701.30174295464615568517391403947574389961963735052362  4.9e-52
417 702.227343145760500119435319810337407975644799520879503  3.2e-51
418 704.033839295525309322653072295826003956727104104411405  4.6e-51
419 705.125813954619227666867479439439142921998661554836224  3.9e-51
420 706.184654799517919025810985016001087272113217193304998  1.8e-51
421 708.269070885109899995269028639629649108970936269946684  4.0e-51
422 709.229588570284300709034693303561952351175168672600059  1.4e-51
423 711.130274179685431565474856390377597782192598161043592  1.9e-51
424 711.900289914375312038915079053211604438000378164947608  1.9e-51
425 712.749383470101290254610574367221499928992462366390781  7.5e-52
426 714.082771820669393076924527165968267264540721159725695  4.9e-51
427 716.112396454052110148182026475930880373306629107919912  1.7e-51
428 717.482569703100190714441897579322697766634163970324063  2.6e-51
429 718.74278654548589398844918268490937186504849680449059  3.7e-52
430 719.69710098836566513269096089758873060134033541443885  3.9e-52
431 721.351162218536417128386158696358342995194371988873303  2.7e-51
432 722.27750497567423734037614366018581253586977206163774  2.2e-52
433 723.845821045128415511671922403680189528810567166196853  2.7e-51
434 724.562613890379079592246216771404851328360110122996516  4.1e-51
435 727.056403230049381617648405277890854769943182208740971  7.4e-52
436 728.405481588934060034744355232931025604787391611126109  1.2e-51
437 728.758749795614268566130632273390486082247220140642428  2.1e-51
438 730.416482122756434709944039354357846681545481967562159  8.7e-52
439 731.417354918598525080749356960295302010242540537244833  2.7e-51
440 732.818052714499849208567526887771017306498086582746482  1.7e-51
441 734.789643252377994252312510003404548026996085322249573  2.8e-51
442 735.765459208578321076932188805232298002393274568814456  4.2e-51
443 737.052928912265308042310540876988819423358733694096437  2.8e-51
444 738.580421171373822521705448091710044274490040100886721  6.9e-52
445 739.9095236740419440297009593878332515204296151062362  4.2e-52
446 740.573807447295010515035971597153071324664985405461195  4.9e-51
447 741.757335572941673275861162002791708178678890038097961  1.4e-51
448 743.895013142473659381550149197866135287150409099673462  2.4e-51
449 745.344989550611874325640548483592630208440055834179877  2.7e-51
450 746.499305899432329509605006618627379877967619976369831  1.4e-51
451 747.674563624269528359569367872952664963043310016826639  1.1e-51
452 748.24275446508454786850329469893412154823624416740427  1.7e-52
453 750.655950362124299866807438370294626655068387006265239  1.1e-51
454 750.966381066650837268458419695428785422786241290919124  4.2e-51
455 752.887621567202374749507705003126558940417106896175055  4.7e-51
456 754.322370471712672685103086250592814331804148111613366  4.3e-51
457 755.839308976037829872792440370004387956803338394225447  2.6e-51
458 756.768248439950930720133210234744034288660051199115292  2.0e-51
459 758.101729246412583411489768291043990420168557965942276  3.5e-51
460 758.900238224892374767435392905409756482361218033625157  2.9e-51
461 760.282366983512064531869600862103699676986032715387695  4.6e-51
462 762.700033249691054728068999908576653165508646314987932  2.1e-51
463 763.593066172837222996973247172664352544417607798591166  4.1e-51
464 764.307522724180221736251225825552983725465708070805143  2.5e-51
465 766.087540099836205394422464826921125350399747198063006  4.1e-51
466 767.218472155539514082499410162404264877172486121385829  1.0e-51
467 768.281461806509230823456665026214898327843804056360072  2.4e-51
468 769.69340725262442432500665491041905468090665952095223  3.6e-52
469 771.070839313678316321187221916119289249485238472422001  6.4e-52
470 772.961617565757024337829165945268409670841903648567157  2.6e-51
471 774.117744627940507402141909396557188994648743056923701  1.3e-51
472 775.047847096580508050016992969205560651816299999149076  4.3e-51
473 775.999711963171442477731582603031198058967246565966654  4.2e-51
474 777.29974852959256481651097706287499043406783023484695  2.8e-53
475 779.157076949189004063924537742119924069519953284384672  1.9e-51
476 780.348925004181670538127783550794986952175180287806374  4.2e-51
477 782.13766439081209475431768732778656517513349371472701  7.4e-53
478 782.597943946073539866166505744092930829897377748683894  4.0e-51
479 784.288822612465501463146099665775820287874555438280831  1.3e-51
480 785.739089700715051840646187769078694301841650736481978  2.0e-51
481 786.461147450506277459896787496878472683329696589336617  3.0e-51
482 787.468463815910038381473499623030036964005117360073928  1.5e-51
483 790.05909236411956429494600325468193375439025709140352  4.7e-52
484 790.831620467921035019082931394798263722452777905702087  2.6e-51
485 792.427707608604526866391070189121412795608002157534148  2.0e-51
486 792.888652562622588042242753206353082786052495219153752  1.9e-51
487 794.483791869893164481318375277446191419055302949312684  4.1e-51
488 795.606596156162412627912558047765113121822578315096367  2.8e-51
489 797.263470038035584916191704577417389474673275631951407  3.2e-51
490 798.707570166296211309691953421728274210151770550119672  2.2e-51
491 799.654336210897632772826890663537536782638815857204132  2.4e-51
492 801.604246462982055966676616142437298483993831426387339  1.4e-51
493 802.541984878418149662417141058968086126330671576711991  1.4e-51
494 803.243096204270194190226229053820301426072552293169649  9.6e-52
495 804.762239112661763951595783963037836437889544153457535  4.7e-51
496 805.861635667094802836803191542726530432689255161530233  3.2e-51
497 808.151814935993747392355858580942347196247575887665049  1.1e-51
498 809.197783363300710387719604795018395750084546750196107  2.7e-51
499 810.081804886407099891524729901471389547900791765779705  4.8e-51
500 811.184358846506260337884327464880022077034539630994048  2.3e-51
# summary: 500 zeros, 0 miss(es) at 50dp, worst |geo-ref| = 4.99e-51 at #321
