# Geometric reproduction of L6_chi7quad_q7: 500 zeros to 50 decimals
# method: pi/3 helix -- placement (sqrt-n radius -> amplitude), running count-residual
#         amplitude A(N)-m, log-projection to 1D, phasor cancellation, cone+discreteness
#         continuation.  constants from mp.pi, dps=60.  NO gamma, NO functional equation.
# compared against zeros_500x50/L6_chi7quad_q7.txt (independent Hurwitz+Hardy-Z, 50dp)
# columns: index  geometric_ordinate  |geometric - reference|
1 4.47573828372868313197462848719313092040080235485057529  4.7e-51
2 6.84549171249137726783979779478480978700627421870514932  6.8e-52
3 11.1601845431195296551018182658851536463823929964988291  8.7e-52
4 12.4896033430331342377582400305071750877701189936222926  2.6e-51
5 15.1128822587437686596283697366568413779962421980091322  2.2e-51
6 16.8028764757288539823498996986776508834344240251765578  2.2e-51
7 19.6118780566900310287433509366369857829971609647045029  2.9e-51
8 21.8999137033183224862718153436842769698985771400566158  4.2e-51
9 23.162971799736578638404938561830916691609843912965143  3.0e-51
10 24.4988475553563289730896180142473927329158390033428359  4.1e-51
11 27.3614775190012825234445897294318879758900539234796821  2.1e-51
12 29.1788796663634706962877655381121894621074226575310013  1.3e-51
13 30.721899644547575587639904102723196300098164694513892  2.0e-51
14 32.4758875915420758078446454007304010335911828899699092  8.3e-52
15 34.1112407830373395217523355152124931204249765104703912  1.2e-51
16 35.311847458977969626587230969278687483082864245938136  4.0e-51
17 38.364637336031365968444591803781826243313917049447647  3.0e-51
18 39.4825787466619217226887212181048358856565492131732739  3.9e-51
19 40.7103286516539188858032460596200558234107736713105854  4.6e-51
20 42.3048575876426505807287701405805804577441584487619519  1.9e-51
21 43.9318542874271456572304122151506665893346004753616228  2.8e-51
22 46.194327427405816062018739697323089740905771519991616  4.0e-51
23 47.2985853402766980496275351139833469815121476862503105  4.5e-52
24 49.2358942624162595582001378897898638530429837422345097  2.7e-52
25 50.9830994349479094104025686958494344662095119558402424  2.4e-51
26 51.2966314584267851668236982853459636048848982141963611  1.1e-51
27 53.2465567164486658591352733047865036583281292214821061  3.9e-51
28 55.6393307687993553611214055328845077324586073712504724  2.4e-51
29 57.0126870736403102897108395168990263692651135173040699  1.2e-52
30 58.2819230961116390991464068282680093984783488842478111  1.1e-51
31 59.2062019456285425405843478779480900727881726893119137  3.7e-51
32 61.3562873859827207680298114972174287839584612348235958  4.2e-51
33 62.3246086173657793479732822154413565250295833393633039  3.9e-51
34 64.1032611312305103168812247527587475655952055463695462  3.8e-51
35 66.1266401921262491648200265522978424987470758192165457  4.3e-51
36 67.1493203102426777698620005033870204698000280911393987  1.3e-51
37 68.6148551438195635909620595542100188871686444566154873  2.7e-51
38 69.6180308213965647400383359100385977810446656322435884  1.6e-51
39 70.8299023367585430363826340376770727900685067155359835  3.5e-51
40 73.4067209295116215031304606366094632103603617422198224  2.4e-51
41 74.5471409222637507656923258526988701814275906782931769  3.1e-51
42 75.4657321760259396310474592736763020377558359558865822  2.2e-51
43 77.2427454298126342422021847212178095214204933419336555  4.5e-51
44 78.494846517302300218378897046822625196850736977033081  1.0e-51
45 79.5825097670985097768314579598880289523001267415603278  2.2e-51
46 81.0641502387797730228849123073408155982348463816817722  2.2e-51
47 82.8747423762849828761063309310467327714462024922497648  4.8e-51
48 84.7006279317483968664300071017057906148894150476500391  8.9e-52
49 85.5947414770408604847516934869979477134823130032667389  1.1e-51
50 86.478453083226031122487619646425036631241638895365803  3.0e-51
51 87.8250152729489741591041686875555954830110829057835741  4.1e-51
52 89.5764031374718819519591889621261724240990835686948399  6.5e-53
53 90.9847224110129889428274198099889123555681165777358621  2.1e-51
54 92.779639034816960056884940331709965983986485589247419  9.8e-52
55 93.4436854253925588030676577361411574262422093663516319  1.9e-51
56 95.2206067040345819886280676440782797466405384375782619  1.9e-51
57 96.3562986903709164888810076652151497600476474695762538  3.8e-51
58 97.665110120174716744443428515906399637832168594971967  3.0e-51
59 98.198032230371016042039387309435764163219349299089218  2.0e-51
60 100.935985080970004548584212897645437824934122493677694  3.6e-51
61 102.039107553870273230962048957646278748523764845012163  2.8e-51
62 103.050247098165607197087715556284934370040291025679432  1.5e-51
63 104.265426368321158747983338654742582237084569944757462  1.9e-51
64 105.427501287707627230822915630003256168320324976389944  4.1e-51
65 106.763444277516429404329790144542875416978763467772995  4.9e-51
66 108.378725340935142233926738018359363429389881367009578  2.2e-51
67 109.603524242230930472521510034390454521543576961868813  3.1e-51
68 110.977035782058017602281098490851851401972925702014371  1.1e-51
69 112.804420712861212971940159625233231221249794624444254  3.6e-51
70 113.39626714310471621378647474205109944941855857117007  3.1e-52
71 114.589857621377536044063958109175396222273665826567252  1.7e-51
72 115.675510415557241291423653973490983467353309875521738  1.7e-51
73 117.171903423055397710770644655163630126245963133662348  2.1e-51
74 119.253834890074852626889645124380219556887264384941204  3.6e-51
75 120.200035385450028055550235414836625665353123424434202  1.7e-51
76 121.286240022851728745147694694817256246249323055912204  4.3e-51
77 122.148499092479728974991997393290718493794843613586582  2.3e-51
78 124.138259395241566467097838664097961321957165627979705  4.6e-51
79 124.801568020388900270514627748260755589169155238130852  1.6e-51
80 125.951146805688351565888783442742841873710310359422103  3.4e-51
81 127.736292005880277106553626184519058529099414047626769  1.2e-51
82 129.341141261872805400135086901154576494337317327478159  7.3e-52
83 130.226074822938471471231358214908053368418843660916393  3.4e-51
84 131.668862178255042841573610187456119944732652808616155  4.9e-51
85 132.42929165556776896017702896079802329656965026797765  4.6e-52
86 133.302911510976395853677668406109061928863291221345826  4.3e-51
87 135.156722029647026639452597353520725344775750941778521  9.1e-52
88 136.995379746301363441631138644900240898839698418719939  1.2e-51
89 137.519301386864699597378556769306749063755750438437081  1.1e-51
90 139.057029172718792458252162737931856600897099805892722  1.9e-51
91 140.258865698566865319531308858016644963604117482749608  2.1e-51
92 141.420014990652102415231161673729389477866625307983044  4.1e-51
93 142.531248432634673395590510025570854070162268811204934  3.7e-51
94 143.584901603925965963656724016198160703819136148223132  1.8e-51
95 144.820532539012725948504628778517854259209228453677825  4.6e-51
96 146.967847415506117285904128061802018635743412051143136  4.3e-51
97 147.99879653259773006765267385564590944656639532171252  7.9e-53
98 148.780646492736171207863033861139130593556391325754291  1.1e-51
99 149.746569640419125508298696620132047279981245310164519  5.1e-52
100 151.12102049010469359756688311321696318275021173641305  3.1e-52
101 152.41411977401946161759086589699784060226681394058693  3.5e-52
102 153.557427765201277541942343498575629615098286443572423  2.5e-51
103 155.404984301241919927711726383468758379172998110771764  3.9e-51
104 156.054399213862030173360088637449142788698555483251662  2.5e-51
105 157.468475587424861301373098390721627132855648193658156  4.3e-51
106 159.051220835730736381998023617064511212819561392570867  3.0e-51
107 159.617059070885050365952249846188894534703502311330118  2.3e-51
108 160.755071582812265891570204371787300721699064326749589  1.5e-51
109 161.604939574087402553053102417985094149583454451265178  2.0e-51
110 163.954925047149080161414246274553675640462170248591744  4.1e-51
111 164.789401322035883386710142280889202280171865659207886  4.0e-51
112 166.267829802595909073610782946131504496861414183367644  3.6e-51
113 166.844330671604969667297631551042407094759900032714535  4.6e-51
114 168.155086438802521036293403203504779578778536465149468  2.0e-51
115 169.228960137500598556144772878525566835272656892719823  3.0e-51
116 170.829894022391592343987962302083684018857694269077118  1.5e-51
117 171.524109205333407004964992391152662475607062786139466  3.8e-51
118 173.006387330568066988335682480882057275500253215950891  6.2e-52
119 174.617045945606507323217531459551476742782224613883664  3.6e-51
120 175.792239121414471698068757055546005972111902241055529  1.1e-51
121 176.640610762733374050722636276489829014941869971663952  2.3e-51
122 177.55097023319860877832305374731948952759231343763668  4.7e-53
123 178.929980419827812579657591261703956678950814987641945  4.9e-51
124 179.578976034003964783222584293416942186771612073687573  3.2e-51
125 181.687932340372644413171404161273676199739443872190118  1.7e-51
126 183.039887399171292889115793427050696848230256242386093  2.8e-51
127 183.755510414274131370700507640773597592112798153273242  2.0e-51
128 184.662396252807272212514733157714162768747573568806828  2.0e-51
129 186.265786932745195495174462695016538900831837929196164  4.2e-51
130 187.441310178864845278688513757246767552243710894450104  4.3e-51
131 188.048576007561989993073191391995717050584633209809729  6.9e-52
132 189.286584788612586920008239108599187365350043344130314  3.8e-51
133 190.836408498741781204102596538751402863018468897817003  2.8e-51
134 192.329556964348256032332236180388998842834104310628995  4.8e-51
135 193.425976810479259011125272290613074121748021748660409  1.3e-51
136 194.51897454436049347579916332735489669314207910688485  1.3e-52
137 195.354611872834871929729832256151994202060099939575913  3.2e-51
138 196.039200453602834577704616876231032015755210070080142  1.5e-51
139 197.792863396352807568437055182054594808100417094448415  4.9e-51
140 198.971780750117697566416658415517881947422312116544961  1.4e-51
141 200.315973355083162222196232332548919339036340909885304  3.8e-51
142 201.343829788951808364828209766597494499054062167771769  7.4e-52
143 202.684144417263771838136311066209490067086745897936426  4.4e-51
144 203.578909057586952414998149644488913202980979415239022  1.6e-51
145 204.859930502788456816466120125883791544426788085079984  4.0e-51
146 205.962218390611281437214233380000510303087482853882612  1.8e-51
147 206.560618751490428982027910023866038940843126115585635  4.5e-51
148 207.849393800275611741747050454750267906062928231938268  2.2e-51
149 210.045646176894438779565838964491441393088692247482401  7.1e-52
150 210.99132615737400091489594806470956529768896765256655  2.6e-52
151 211.445137827249745927806565549832082814844642407871605  4.7e-51
152 212.919994793045444136126288464449188502203413551705449  8.8e-52
153 213.678166237590648359917950206516642356928274428535568  1.6e-51
154 215.222130364642046892543287499411238312447840874863984  4.1e-51
155 215.910533227550518185569516529181814168883379516589431  8.6e-52
156 217.558383970613673578184704119623971198618512922814577  3.4e-51
157 218.672691448068871033011818985590905709361955040614943  3.4e-51
158 219.655441419082288549955961872612505628369049704476804  3.8e-51
159 221.417008577357677005468890803814529722342580042400563  3.0e-51
160 221.993468186256006852204126893472725782615698145181516  3.5e-51
161 223.152296950959776271978140483644541431710247880458608  1.7e-51
162 223.736469254910573966204522355771981487314415332299268  2.5e-51
163 225.084458540573019370612389340169670694532990534260385  4.8e-51
164 226.679493853843036962810837442973891470553591323713884  4.1e-51
165 228.048902060026542345251553787788279290770889981728078  1.6e-51
166 229.061351647886086097191901218560106407676336620413613  3.2e-51
167 230.081227900797916793200669818129173167802597633961028  2.4e-51
168 230.712120496568294779208140326939469385802133926992406  3.7e-51
169 232.305648956792401507671576049658797641578179854820135  4.8e-51
170 233.352528479718644882138279291876807515562488925345462  2.4e-51
171 234.36110349984413485876899647770539677003323697414626  4.4e-52
172 235.106117589420169792067316475579570974051162180226523  3.4e-51
173 237.132110244007421393283269487557961925260651687450705  4.9e-51
174 238.10342114778544361363029519880935666047725133934743  3.0e-53
175 239.348309663568824783166676501998835015173926378025379  1.3e-51
176 239.913879889125546737279528964505246501953613202187354  4.1e-51
177 241.31491750466661281656051606225473120527921890537955  2.3e-52
178 241.886737728898321957397622240520125368942403039939457  3.5e-51
179 243.092759404177038061478968001053895837286934096075653  3.0e-51
180 245.00621290518803030766404199884068204458936941543557  4.9e-52
181 245.859729995763181342609384307059579129800037365490092  1.9e-51
182 246.970127342687617611439297751444496481911913666383536  3.9e-51
183 247.777040083555553321281596108023491894860379809162681  5.1e-52
184 249.446856670064836273813383963696781098955145965792216  4.4e-51
185 250.165419309680668558820645002381652195673213058405656  3.6e-51
186 251.013510056137369793395536769250672274290522464217217  3.0e-51
187 252.279796401166619595591182123713295479278876308787116  3.9e-51
188 253.13518735627612691443569538903089083230356785241732  3.1e-52
189 254.927042056990887455542716816562021300020450253972515  4.9e-51
190 256.182647799402636927140993373634142674957343770861768  1.6e-51
191 257.247613119399291045493731921933649769112690839561769  7.9e-52
192 257.831215570576168466510051051978205870807517146566167  2.6e-51
193 258.699892425618545174848024614622461919882807478225738  2.2e-51
194 260.068026085302394210484449247392961652710029988657369  8.8e-52
195 261.381232033319718274726514633254293781173360670721169  1.2e-51
196 262.143397352738104683693997204127648291489991932128743  3.1e-51
197 263.725681352136620653256468418443361229754550997109738  2.2e-51
198 264.768163346789770151556513669879721537243887730008023  3.4e-51
199 265.817490926026710235117941900941084847493938116617253  2.5e-51
200 266.938416287677805843974627580596868856749652678746438  1.6e-51
201 268.150903120867618791002521715866926633206017667099634  3.6e-51
202 268.999102194599293307829029541925282225198528764044225  5.0e-51
203 269.588525825874620531896187675388216392613660685824639  5.9e-52
204 270.802782433717303463577425022695645042374129340193078  2.3e-51
205 272.884293829440950069767854153066142502742062876968993  2.8e-51
206 273.756874179584026736918061448348665429276690765387565  4.9e-51
207 274.524348301696164306545563206264399742267346751899474  4.4e-51
208 275.675347953980018521540353816180541092971364397977039  1.5e-51
209 276.694631882849724717450009945983410234501148317880609  7.4e-52
210 277.576129659461946472043851073192085448914242112499057  2.9e-51
211 279.047141423815274004429424724773168824398180161782047  3.2e-51
212 279.678685565448343255488516987452987915227828207309008  2.0e-51
213 281.258507351030311420662466781277889442838585612253114  3.9e-51
214 281.957109358258607249173278774900375712748696256182922  2.2e-51
215 283.956892146266802796615983822134637764888780515697716  4.3e-51
216 284.458786481475774512136620256715794736478983417387233  3.1e-51
217 285.612693651620271915156245016481967655859722556995414  4.5e-51
218 286.279743084777505903031301449563667989850795124146049  7.7e-52
219 287.359342275546476145264969746340206292388969207911299  9.9e-52
220 288.491883672455251982108551477967525733056373066349337  2.6e-51
221 289.787510780624215978152426205674970406132623691148791  8.8e-52
222 291.414260894363842071052633146448737638331710268042358  1.5e-51
223 292.253525354516176407337763423980757192570036609735133  3.1e-51
224 292.93642505999449713575137046841003077245062591651367  2.0e-52
225 294.066030891766425060172946645399902899269044230424124  3.6e-51
226 295.410721038675946349834884229996417835713212844878292  1.9e-51
227 296.552231312512665299984876235971106168506296141919823  2.8e-51
228 297.019893905816075746407271262215572402331326207776622  1.9e-51
229 298.060106607414864646006737103955679094040566192999658  2.3e-51
230 299.724317619209658456772555338746276877709744921823133  2.8e-51
231 301.149441180118668985124967868828788223545087541564894  3.6e-51
232 301.828416672839189136626979737727900541777706467966445  4.5e-51
233 303.178748117819979506871222784607352495085202532152264  3.6e-51
234 303.724013073472507311180274535539859066597759086535267  2.8e-51
235 304.769553390289170509568792990381952620446672801156178  2.3e-51
236 305.626362908672935409275320892711108445693547223827289  1.2e-51
237 307.26440640849950581512663884277573009176950518237179  1.7e-52
238 308.341157743553829353474999902781889267314299836058924  4.2e-51
239 309.337174466117281773833233185542339927433239096121873  2.6e-51
240 310.482080734387043822260916693524917702796613404902322  1.7e-51
241 311.532390355936338873898491925675573160108518283249799  5.4e-52
242 312.903872994967904732649616627160600709385022371801486  4.4e-51
243 313.332610340183594543749655743717466864961662390975863  3.2e-51
244 314.567654392992938574453207711851208754591927674728084  4.5e-51
245 315.659736344245889284200382838214148831236002929415016  4.2e-51
246 316.16512415182298361795650872757266055291110521736316  1.7e-53
247 318.302557832854340051966675435937047517146843692077822  1.8e-51
248 319.4335589762068270271531661441466856915063870452345  4.8e-52
249 320.186162787309886076825779029934096141979719668260933  3.1e-51
250 321.005711659454128597832386140783921390896403295527967  2.8e-51
251 321.80453682217771129630469248664439743247108116580076  5.3e-53
252 323.446678097378147016209886001475118030973872238014059  9.1e-52
253 324.010811440424139539207354482113057173613566518453946  4.0e-51
254 325.21517620724252123578130088089378659033401316883322  1.8e-52
255 326.378230321989089202127236392001597925838501703585889  7.6e-52
256 327.792459732979040792835374364788092823653413366257677  2.7e-51
257 328.479349328927203517922968364119689526568928433126388  1.8e-51
258 329.895768479523658015045094513563241259184573222729392  2.5e-51
259 331.197083263486115003765756384755131933893860841026305  4.6e-51
260 331.366329339867617245932837949876189327816765150353569  1.4e-51
261 332.643762877918937676892272558002150795537767650085726  3.7e-51
262 333.252219908919337571881146199562791893513726393899558  2.3e-51
263 335.00705032385847994167387621129210876193115665841873  3.5e-52
264 336.419130674274255008489728781963429447329242329089873  3.0e-51
265 337.11999704948072102388752715198542234768367597295423  6.6e-53
266 338.317113797777619841000562659464276133539802593541018  2.3e-51
267 339.177475891816405364547332746283271425266900644360321  7.8e-52
268 339.992782023630695609486243470107935756771683028095263  2.8e-51
269 341.37816312356706499394573843310064796956211961333823  4.1e-52
270 342.285714101926179917660838447571186105098062111357791  1.2e-51
271 343.271647848196777534858118759074072607411402130155275  4.7e-51
272 344.064562655984301200510868127714027592178072065581462  1.6e-51
273 345.693158974921580327966217071692031156632703108057373  3.4e-51
274 347.204205627868518536549681747999731697264529760159051  6.9e-52
275 347.736712078353325294090645074077105522465745481442246  4.2e-51
276 348.508494710496276895404354201815208179188077773495409  1.4e-51
277 349.919091279357475612834020448347603574550342811494732  2.4e-51
278 350.265177584100298317606209288469367318532233932744598  1.7e-51
279 351.656369848589336486262846213862651971932070447892831  1.4e-51
280 352.705050288545969851774423152401534406655118876045649  8.4e-52
281 354.426436893521424009856086186347799413540125989662118  2.4e-51
282 355.21756849183883821129120438244878046704124009423612  2.2e-52
283 355.792726173533111790792096976675087402930713305014547  3.5e-51
284 357.178912652080663122955082730388368648590427266740687  3.0e-51
285 358.356844362323806849931588888738507870303637747229174  4.4e-51
286 359.273426716486673576930891904817408298227366026963322  2.0e-51
287 360.023849759676242524086230453519181225142908256573571  1.3e-51
288 360.803582536127120526189745557836496956016037885488654  3.9e-51
289 362.224166881447968650618975164243595947023705262125869  5.5e-52
290 363.578233830858296862244253223414077001776777813689141  1.3e-51
291 364.867814409234021074669973031708147509858435902198348  1.6e-51
292 365.69178118083974804808797500011525574447026922916659  3.4e-52
293 366.548920141456410488264189275473933215536569272375046  3.6e-51
294 367.43557920869597530607495875717071255197113433915008  7.3e-53
295 368.122090448055874780086406903229600005495659086329076  4.4e-51
296 369.843152329847912446846294579092350849493603394414438  2.0e-51
297 370.54239683962288794384433804711571349447380493026622  2.9e-52
298 371.644432922152519572886655844143520660749709470435564  3.6e-51
299 372.950499853699800660583210414105329920489551619586166  3.9e-51
300 373.927752393590967649565234546033733234354173458347323  3.3e-51
301 375.135346708192628940951997137105411379350339531352359  6.3e-52
302 375.898070108048675861455447197373440337478846735328031  9.5e-52
303 377.060690551290428412911696603348463991634777943168814  3.6e-51
304 377.835141505731912209294109140570053003906642575822775  4.5e-51
305 378.722754125008078134001302382807281437442759557910007  3.3e-51
306 379.491163611393798577090104729945521381449314918469601  8.0e-52
307 381.826011722324877474252805913110681583229296133857198  2.0e-51
308 382.195457389972322548391521463964045134586740284382872  2.4e-51
309 383.6205795212846813950483487737639326026891229586718  4.0e-52
310 383.825903955834126719226268722169324255743688550013478  2.2e-51
311 385.235386241872305538722225001632601458367257869498251  7.9e-52
312 386.353406730001540017395825205306727738591358145256063  2.5e-51
313 387.153030206319431830306700127610497112882305939340805  5.0e-51
314 388.179357425456945966129926391924004352349345562323513  3.3e-51
315 389.337096893969313791152660740941300312163371892220643  2.6e-51
316 390.381521288935666026474825846111564607720242323457962  2.4e-51
317 391.605741709073558090269171466664368850560827578518638  2.4e-51
318 392.819336858075745293781513163428869187827629169317029  6.5e-52
319 393.935993236136099364877396363163544696686490654200821  9.4e-52
320 394.529961097994993314363166808800668615928234720380016  4.2e-51
321 395.103196766616717796303363688503958383104132778514025  4.6e-51
322 396.463309659967246905346209430720264475415829362328571  6.3e-52
323 397.343552270770617630342210894819978278015553266089194  4.4e-51
324 398.927342896247540796659858772162135974445224330044842  2.5e-51
325 399.807019572146202111706138053290675037681651452877686  3.6e-51
326 401.198076218768448619847306413014800097055107055584908  2.2e-51
327 401.713621241388351886035453292278919821269574031235914  4.1e-51
328 402.593217377919902582583550047077993128013181433061872  1.8e-51
329 403.971185169786787553351556823560902203851563054801666  3.6e-51
330 404.961460409168829549218603402402272738582580807336719  9.6e-52
331 405.82621256018430815251778810078522876237761105703285  3.1e-52
332 406.438829547417499824091571708920263545318665285776709  1.5e-51
333 407.661134523047638401977211293574840967838484348883886  3.9e-51
334 409.671521377374349095136776013047406000688535586233815  4.9e-51
335 410.052732587019760085402433586945714559774387461621497  2.6e-51
336 411.236458446969166336218663475516261400853944188456192  1.8e-51
337 412.028037662050954362806512542541870437301545711374545  4.7e-51
338 413.058614357674233077607992524833687462538919153617986  4.3e-51
339 413.739276000490855930591618573099711711743528360614486  3.7e-51
340 414.871372391117426461706291400444373455268428698943743  2.6e-51
341 416.166697495348742209931467464259651360622834948261246  3.7e-51
342 417.396170382119105539694752074092313767023999085764763  3.3e-51
343 418.32024603711773931677730615525341729466580979479361  1.7e-52
344 419.046511586733482896777098557463954563822639547095944  4.1e-51
345 420.561702238043878516102841772108804565070168614902604  4.4e-51
346 421.442344273643844354909378181794212762759037369885893  3.3e-51
347 422.224940756106269470421924016380924746645254048159322  1.6e-51
348 423.165859772471712832542157164974422498955614412861437  3.3e-51
349 423.988006259468791383899982351686713576945710848202454  4.4e-51
350 425.054918114577639340163664459483696201357599850040953  3.3e-51
351 426.367166542079101133569490374260931936814911398953986  4.5e-51
352 428.075579804861177825775014081483773254154635054408258  2.1e-51
353 428.520550025670817322898092462015898730126590153054953  2.6e-51
354 429.47246542287610355136994620467552855914673255014712  2.9e-53
355 430.241260275684426747800643107491691731530488171266567  3.2e-51
356 431.188585175426690695850930423409978030731854412187371  6.0e-52
357 432.596756865115303211333064309736900144940706062198394  4.3e-51
358 433.577068612437953238418029215009420154485096514642786  4.4e-51
359 433.985634590674212218551599446296244606358035331819629  9.3e-52
360 435.717065759980730535573129267584909619492321985669734  4.0e-51
361 436.630004348418776834638418905875723774498473354476618  2.1e-51
362 437.709764060468584999349597934956872955576396565214254  3.6e-51
363 438.841843004514475185086555050401085910576469565178013  3.1e-51
364 439.600036370369630623869968486826190967260160503111509  9.6e-52
365 440.745772642832378340502556833262458032655473174298041  1.2e-51
366 441.320782212287112272593858695123134602106316876251079  5.7e-52
367 441.947136706587409036128520842203530395929033396469479  1.5e-51
368 443.705917239819489580972938194817357618482982068355183  3.4e-51
369 445.05797761779688849554853388927572239886489298342087  4.4e-52
370 445.904679509622485389564300214611673840475344225202058  1.7e-51
371 446.576523341038987552796146677347787370317890465951153  2.9e-51
372 447.864149431227962558777353047134340461055772141925613  3.0e-51
373 448.525259230231217491851152349024467360641401120270098  1.6e-51
374 449.848394086673947146696864250628974002381095928780178  2.5e-51
375 450.452434079832302613326609463964165816015774712683695  5.0e-51
376 451.863416539051810520814924638777173050805615215844761  1.3e-51
377 452.307825503644663857340590567072615795562780451007146  3.8e-51
378 453.632187733047945945537257499323918715643011299842145  4.5e-51
379 455.097268334255700807178504742177872943356772478530049  7.1e-52
380 456.275786990873638452466153403901980810991621272003666  4.0e-51
381 456.871082322075456889583327672358043040001043074948252  1.7e-51
382 457.652645364966082059586298506527718998611779788368964  4.1e-51
383 458.519151710363587354751387417539126193755359128238182  1.7e-51
384 459.658430295651558436515611645681472353381125611931879  9.4e-52
385 460.573215109128429394984628027784542366248349078622993  2.9e-51
386 461.72465546751143313925633326182372047664190594593121  2.0e-52
387 463.196281976305732334458588054186623066761047130444937  2.9e-51
388 463.903960420132057736422515838773559534897283122720467  3.3e-51
389 465.086003784607313460495294841333419134289230623497801  6.6e-52
390 465.447399346493127176285126723893675882942132154985943  2.7e-51
391 467.283636572652701631652683537193320153315611602978303  2.7e-51
392 467.904207011121023921401050696959466571370647001677887  2.7e-51
393 468.545178733267668946356126972800657818933791535823749  8.7e-52
394 469.625308474606106452448812846158147636723618791621896  3.7e-51
395 470.356766293910300875440242162601654387508476895940289  1.0e-51
396 472.277221621164011924846689873564382101103927066622457  2.7e-51
397 473.125938438618760054540596798625750296579614462092424  3.7e-51
398 473.984531990419151901301311262998469258443547578726199  1.2e-51
399 475.211283552125963660294381438173007441990522680559606  4.5e-51
400 475.672748428565875709461554754760450864704242897342992  1.7e-51
401 476.546124042573044573885523733198303879781977761854889  7.3e-52
402 477.71143302415484481736750180134117977153401798416396  4.2e-52
403 478.849814196851033005889112724627968092581173287542237  3.4e-51
404 479.925976006961469609567048462590648648039306052478105  4.7e-51
405 480.773153125524498762162507098946099106723930936459063  2.8e-51
406 481.913920178500770984580187786221263520693306206930354  3.6e-51
407 483.125512172483115847600425383415625642704762376456838  1.6e-51
408 484.110460068961353175837324064413749568018932013464032  2.0e-51
409 484.906803229951462690580161367393192827676640304065814  3.5e-51
410 485.826129591401031579722061057934312109780510091948758  2.0e-51
411 486.660556016528015524129353633136494327720722164567525  4.9e-51
412 487.675713451510920860682140572125975962572418813619532  2.2e-51
413 488.328708526998858106200898984412316793414025745143039  5.9e-52
414 490.261708556985317575140576824146101007159824336277057  3.0e-51
415 491.31807654475844563758592687760431232454517749803066  1.3e-52
416 492.019075571716265066620662866049318768058005859250186  3.5e-51
417 492.63977212009478265732337597088999545326178139290652  1.3e-52
418 493.726936923148721768300538024863087771144539088264551  1.1e-51
419 494.879786124679752829202984770104923150065901410207646  3.9e-51
420 495.881835920857178184288897516007337255340937531363138  2.0e-51
421 496.689885008736117673091639189552273815164190767392251  1.4e-51
422 497.411457078274948018073388701230833477032023133073749  8.0e-52
423 499.073265800768929866422331930139456702574521624461034  3.7e-51
424 499.688679089088919763589749678355877511957627329918633  2.5e-51
425 501.148381826018343485761574655865673741864090503672434  4.1e-51
426 502.071689073550508193108650208927622645405711085795958  1.9e-51
427 502.894233539214648457215546871371815653765004493391599  1.1e-51
428 503.864615136999439796048370872367485693100106104912541  8.8e-52
429 504.253641641456265883098667665425476829770494810706691  1.4e-51
430 505.371252109078496259679058914249794768963340035826752  2.1e-51
431 506.882488511695472484244015073671411421083460202644176  3.8e-51
432 507.813389833542449415961160737537916657761010450211607  2.8e-51
433 508.97470783179500125608419330555318938113674286594244  2.6e-52
434 509.982776942592858994614776447958929714937891392528304  3.7e-51
435 510.550261564644141265671833192580716861671724095447263  3.3e-51
436 512.048881095606962808977815989402210627803156541242582  2.0e-51
437 512.330278090659827403966983271600850207043429762362388  1.6e-51
438 514.065928120420456505809913537256274184262028077752489  6.9e-52
439 514.410871078368234059328297860167807852595920820810692  1.7e-51
440 515.310995854948993478205616097880406701299980584578059  1.2e-51
441 516.316173573635770669891567438283651964460700801889361  6.2e-52
442 518.050953395877584875355550855832917090770900088492522  2.3e-51
443 519.197016479012243547521566606363081202686139827624203  2.8e-51
444 519.638564949679280112583166427789312871237540048384125  4.9e-51
445 520.556265201483413648282054109150453756228054561691954  4.3e-51
446 521.51882107956837452842508062893146358934726937301281  3.7e-52
447 522.440314597801729440995450150084243479801813122249503  3.0e-51
448 523.321014773058314821282422214050324863729161312385353  2.8e-51
449 524.421042994679454645759930725407944679847840689546863  2.5e-51
450 525.628942024901931530365240611827319216971650953590684  3.7e-51
451 526.854102725836246762244808801972792750498542624399744  4.1e-51
452 527.446317480575689479517455087565334794675573142637521  6.1e-52
453 528.425206878376006412930139377923794434540778668796994  3.7e-51
454 529.869566945982316016105471665901955858050998245685005  5.0e-51
455 530.621433373883400764131659331723987477516282110770559  1.3e-51
456 531.391297872259488276673556630797928075073494643673535  5.0e-51
457 532.064562254438077747423276081756327253171490644769644  4.0e-51
458 533.1592833464079067454534397369576545777406198873689  2.8e-52
459 534.140292910096233648754998320917665915544335042154349  1.1e-51
460 535.820179885349965603306568398121016043797410836552628  2.3e-51
461 536.526379010123381574355812503201695248058851591891744  3.8e-51
462 537.71626025068826006036276759341776501190549205325078  2.8e-52
463 538.502320882879227326600478380956815717132855364698179  9.4e-52
464 538.92826843389761939710226868198518779032321546868521  4.6e-52
465 540.080589773436412823755491194757057875149759379244332  1.9e-51
466 541.562344103152906153680853160704489844067891701051161  1.4e-51
467 541.981250532747323392176036465693930050033635005582107  2.5e-51
468 543.232119275999655911581412234177498961200509941758906  3.8e-51
469 543.933841204962852845586722592279042088779756364724916  3.5e-51
470 545.562460540517452489403540565062570382020058668532611  1.2e-51
471 546.362000181788069536636294759601751198122367722117499  1.3e-51
472 547.308851461320915806770498966879843128323008243955727  3.2e-51
473 548.330567659729655133443849555766834341724068018836905  4.8e-51
474 549.047730788006135022384694135108856040560881409583895  4.9e-51
475 550.017015981296936375470861291813113243299582742797158  2.4e-51
476 550.645524797025170218246804986217424213149194173668443  3.0e-51
477 551.673083966230277793049944179866890606235341557106755  4.8e-51
478 553.512899762417325551616402543273827239513167757802765  4.8e-51
479 554.418468573095743895151137986287875765615680588924253  2.7e-51
480 554.860056644923522517518316993129644362399122586402022  2.1e-51
481 556.092631616109861208950279356316635827647555468879824  4.0e-51
482 556.801383700673879711374864970698542265637364041060983  3.4e-51
483 558.110565805903170489982390796641167020017124387261779  5.7e-52
484 558.92342223520734058024554086156181526646248808621298  2.8e-52
485 559.568560248390807949810781252771456278252201683842155  4.6e-51
486 560.803623995903381811436016566424333507085101789418752  2.0e-51
487 561.575321141358240413552618062794675262867874076933279  6.5e-52
488 562.837617174249834536333667992598222235122697103371254  4.5e-51
489 564.102732243662665999081665114974251743325229724907609  7.8e-52
490 565.33729024251556927063528518343921628263036695177387  1.3e-52
491 565.677814037400020086169690383524497071695784783574705  4.9e-51
492 566.631141054687272617614123169755308872048696799481937  2.5e-51
493 567.406671956248272287156469555372798314599727049953656  4.4e-51
494 568.316348079029875965055815128806721318217636117395936  3.8e-51
495 569.836269459632591915406476988281036518756344833633046  4.4e-51
496 570.283876434477328536924529584335683202492473640599594  4.3e-51
497 571.861836081465238423020941970237975628844306883225689  7.1e-52
498 572.75457346041286601069063023482753117634704072146567  4.0e-52
499 573.583489718037816643527996490922121820953332909296828  2.4e-51
500 574.412358837052831378137477884626404761698916826414639  9.1e-52
# summary: 500 zeros, 0 miss(es) at 50dp, worst |geo-ref| = 4.99e-51 at #375
