# Geometric reproduction of L3_chi4_q4: 500 zeros to 50 decimals
# method: pi/3 helix -- placement (sqrt-n radius -> amplitude), running count-residual
#         amplitude A(N)-m, log-projection to 1D, phasor cancellation, cone+discreteness
#         continuation.  constants from mp.pi, dps=60.  NO gamma, NO functional equation.
# compared against zeros_500x50/L3_chi4_q4.txt (independent Hurwitz+Hardy-Z, 50dp)
# columns: index  geometric_ordinate  |geometric - reference|
1 6.02094890469759665490251152161208586886403396300619616  3.8e-51
2 10.2437703041665545521377574791099590248641524476746701  1.2e-52
3 12.9880980123124225074531097895629937649719849973389908  7.8e-52
4 16.3426071045872221949768614834561499393506877714541279  2.1e-51
5 18.2919931961235348385260042775906994281853648402153645  4.5e-51
6 21.4506113439834604972009483862922399891451931260768256  4.4e-51
7 23.2783765204595315318195588863454227773149988588967234  3.4e-51
8 25.7287564250887275672650886742772947447796416155173773  2.7e-51
9 28.3596343430253277856516079417864183910295675341608634  3.4e-51
10 29.6563840145931527218099069682187993116264171970651657  4.3e-51
11 32.5921865271171551308151940489588152265576306216513634  3.4e-51
12 34.1999575092131469130447954700028838924255140330441621  2.1e-51
13 36.1428804583031378305658144701031478293778528802277546  4.6e-51
14 38.5119231417186912937765046880657656422217759531709702  1.7e-52
15 40.3226740666905441803443943623120264302574072629553627  2.7e-51
16 41.8070846200045623371575218972450425023018180641796764  3.6e-51
17 44.6178910586623033934820457250604568578553473833331227  2.7e-51
18 45.5995843967915667459377022933554130327615019292858962  3.8e-51
19 47.7415622809391412507813473430380774882259236436191916  1.6e-51
20 49.72312932378258606656957088097042897262756638734922  2.0e-53
21 51.6860934528705284395338111103193395733241513216830633  3.3e-51
22 52.7688207678047292650350765787766034386814259554531823  2.3e-51
23 55.2675435846992248467182596569154672995851346216624443  4.3e-51
24 56.9343740552022968868017119611255128395298646362466968  3.2e-51
25 58.1167071106739179772623675469901319037656482619216549  4.9e-51
26 60.4217139490078346730186182923321168944935800503717672  2.8e-51
27 62.0086322857677694519306155029402915079880126728336096  4.3e-52
28 63.7146411187854331235182979567821251557783241181658792  8.4e-52
29 64.9761705730959993486059247356834310072057448213449122  2.2e-51
30 67.6369208635460683980549911505678584956809474934131645  4.5e-51
31 68.3658845038344229612337381444032948118131376706262831  3.1e-51
32 70.1858799088021120613712821241791995070480363485170032  3.2e-51
33 72.1554849743818812146915425997752469968906851510699946  4.6e-51
34 73.7676355214858933361546261625303235544673656234226951  4.9e-51
35 75.1431216474331114057980004258183707378503802036162225  2.5e-51
36 76.696303203430199064566659968115381414191232348445406  4.0e-51
37 78.8099983143209130036917832027988443938120696204548062  3.8e-51
38 80.2101312383666389151480326685134462141227193405427862  3.8e-51
39 81.2139516268831511577348333513502166645901327132230994  5.7e-52
40 83.6666560144705716512833103608000714630720288245862861  3.9e-51
41 84.7317403637816286082175776045496294830210566566453629  2.9e-51
42 86.5776601683902644102105487299362028048583166048662219  1.9e-51
43 87.6297181195878996890394323872815678197495684298395257  4.3e-51
44 89.8011316166958113259693882945881624130517216758802783  1.7e-51
45 91.3497038146975734739310139736088729466601213885739876  2.4e-51
46 92.2374999104542580460041757780964410373242754848573113  1.3e-51
47 94.1666195859600213070530609345782998909020785035816851  4.9e-51
48 96.136011161780558185274479272518513673602539736446645  5.0e-51
49 96.9617415794174835776077433261112058947147612217722311  1.1e-51
50 98.7553004157545276686039735562337366724913273475648923  2.3e-51
51 100.134886703067685290192319001377017560997698293736384  4.0e-51
52 102.141380826889613826759978464172399249631882312853522  1.7e-51
53 103.288075381679002701593339262099639050347294338570699  5.2e-52
54 104.333269844267454504950852182893217425626321228166347  2.7e-51
55 106.69445890889584172960040026828334842404648498143432  3.6e-52
56 107.6902069751467002081294669597129093028975267678501  4.5e-53
57 109.259942973928192491289734779255991334059218214118898  1.7e-51
58 110.49960817642909478048490818316598693356323030687423  4.7e-52
59 112.367816744012179957166610164201932311021197020591098  2.5e-51
60 113.814795548992673539563092168567005004610422336191744  4.4e-51
61 115.142369647649327903509437288979825056651109781165534  4.4e-51
62 116.193204658461218989630139767160735286335707086662462  1.6e-51
63 118.537554378846861657800113420593193558938302733672421  9.5e-52
64 119.452989876209090358241862371462969222793782859734211  1.3e-51
65 120.731293618660376933684877338615946496702616095279549  8.9e-52
66 122.447461379068711919679476661265819356266153196094336  3.7e-51
67 123.794548760319506098793806174635513500878418143982805  4.8e-51
68 125.768519559915593762496399507770352811220331818867827  3.2e-51
69 126.298776024941409097900147114322975250687013821213166  4.5e-51
70 127.959407683063299383055888749542302403138092431420379  9.0e-52
71 129.885623358645469326235036728534041118827058780406954  3.7e-51
72 131.093578754083996075234368060693830080769139544051157  2.8e-51
73 132.14357660098782788050132129995860676757901484502  2.4e-52
74 133.74418146397481319142376702528027087420993724357414  7.5e-53
75 135.490837252557002247554045175353691275625581583103297  2.8e-51
76 136.547312267282558389331273468300155160292950814496601  1.2e-51
77 138.457294509696257665090380723455146454397287083879266  4.4e-51
78 138.750177704611440129547689459944296942267157651907977  2.9e-51
79 141.253632509751784128066698692250807537571046942196631  9.3e-52
80 142.394417522197782298347001242468061233046005801544888  2.0e-51
81 143.329062741617732011593590764429984805652500178206232  2.2e-51
82 144.978166277711362181786748245710532545899094058757282  1.5e-51
83 146.522005284908338489958383591936226435698968070003657  2.5e-51
84 147.934530812180917034810251249677623765109293115887394  3.7e-51
85 149.18845771730253638176802818226489272305912672848081  3.2e-52
86 150.29635900154312145801640887868249123066615404476006  2.2e-52
87 151.961987670483690727918463464399580590188101092283478  1.5e-51
88 153.699612623515260525505975292212429084038687077165548  1.7e-51
89 154.57549142871991733629296698407686942194288974042366  7.6e-53
90 155.650248663243435868115346361012057834551907538079928  2.4e-51
91 157.748305307902928319074573993940072535218607933989728  2.0e-51
92 158.705021125529351124930677057991997953653673913622183  3.3e-51
93 160.236484096771042333777684005608728958179271869362209  9.0e-52
94 161.407146976156707345281351109105527925737824216571297  2.6e-51
95 162.566046689599039626274183783775307930472488570099384  3.8e-51
96 164.731164616576896919907552180765980004382125367792784  4.3e-51
97 165.401419285863154094614823286591744373681465451273815  4.9e-51
98 166.753879169108427114679292381390784362393203326211189  6.8e-52
99 168.044420781709744620742845900467398915782374892612791  1.3e-51
100 170.051131187526690214848101408353248277249842209939517  2.5e-51
101 170.73476699457880545645576325930106536903574053144942  2.8e-52
102 172.280481771621338118381967630323000987553223648939147  3.1e-51
103 173.442978836135015716970796787037792681450685771530198  1.8e-51
104 174.915088085400573404415484546434953616201532810020183  3.0e-51
105 176.597302141918067442995583712629531677075596255276994  4.0e-51
106 177.701212574573775808024268111171529890857506695630599  6.2e-52
107 178.362374908985655609412060959888370222508051560377158  1.5e-51
108 180.569310385285531397794497994621659083596556859571412  2.3e-51
109 181.614913731704389980908123630974376936824426389300307  3.2e-51
110 182.916768328968967227206683637409932018549340313886767  2.5e-51
111 184.11503237536838876567103734718468900194020081226523  2.7e-52
112 185.373996607700474917214810549316795605904507104455046  3.8e-51
113 187.068760590694409541455919244036676034133152996571771  1.0e-51
114 188.271374332270750685903765856670304832002786685998448  1.8e-51
115 189.491731492128542513581854495025773907281890234347355  4.8e-51
116 190.371187610755772743336418721694426992948388108193034  4.1e-51
117 192.361137876056318407416052033032532184828243836301013  3.2e-51
118 193.797072926146680994554360829982634130507882117711275  4.7e-51
119 194.231883229360899221952850109877211891965534023160849  1.1e-51
120 196.132005654684284823352968395384805481621190968696835  5.0e-51
121 197.113446221576408537763381539586227990362414508590654  4.2e-51
122 198.806475736146906711349162241827627958447730620411101  8.6e-52
123 200.162039428698630207202235795106944646676727638767914  3.8e-51
124 200.901617870768879402603353940189835555480303916500747  3.5e-51
125 202.260577995931730839765346032650654025241819606108001  9.7e-52
126 204.221070780158206415220764108620032098762234866918037  2.5e-51
127 204.99200345509828370916637885306093575923807410927057  9.1e-53
128 206.411911047611243314311016800022109209674900090360513  3.0e-51
129 207.317377481887858306274233399803503004524818841731627  2.8e-51
130 209.227752492648013052395966459158514601071127927212271  1.4e-51
131 210.103185517398540170726380603048087172393870603431241  9.6e-52
132 211.833411820423899192116726732514174322947888609023584  4.4e-51
133 212.537607537213424197673736338420801955864254738696662  1.9e-51
134 213.761842101278102127134588902190838106029587384517397  3.1e-51
135 215.793818382015599605770428843868680263380230800849262  2.4e-51
136 216.703415266202965476343660163659463492506127694882947  3.4e-51
137 217.581931418038017096111758460695247208731251316279265  4.7e-51
138 219.172670566944370724662913424913808134352472446509005  4.9e-51
139 220.405621710636975157959936375146433474954570474527272  2.4e-51
140 221.928548507254478049149369995536045705511418166570635  4.7e-51
141 223.003103180629161355282397737582794011443758758412362  2.2e-51
142 224.122238487946832150047587503775528657125574637462063  3.2e-51
143 225.293261475205358065461860215890404392886696881695106  4.3e-51
144 226.988188488375374719614212972949604994229615463043045  4.5e-51
145 228.405506297436379225598025869376925318237422914773028  2.3e-51
146 228.959023632675236751019100938022781072099239051873087  3.3e-51
147 230.330130577804802305940693126036528968512544158711415  4.7e-51
148 232.100481747069011952036831314791284172238315980695606  4.3e-51
149 233.048063745298804025105703907094991107199906692458153  2.7e-51
150 234.351787701832785591266916495226417683638298557005877  2.7e-51
151 235.836218771141468788715981009855657842053634903232362  1.8e-51
152 236.241560494475637547657183577370638761007755361427625  4.8e-51
153 238.537113049982621441983365760111465154063579278717869  1.3e-51
154 239.338488135619670491911608318089282996634218115310992  2.3e-51
155 240.626711169393067321947418394275159965508857619186755  4.7e-51
156 241.477920928211195861314452755667248047483854846759644  3.9e-51
157 243.228931179738584402590945755438357605727786470687449  1.1e-51
158 244.51316858358815891067982334814532471417041460318623  3.3e-52
159 245.564881380113959157218910533066399230460523302071536  4.4e-51
160 246.724058534725135206714422809214072826148450388024212  1.6e-51
161 247.995118582738426663457376888858939452644372725615554  4.2e-51
162 249.184508964885456379263596857135209128401863991545415  4.7e-51
163 251.086563150456195122131205086749098053495609180823861  5.4e-52
164 251.636915839614305543025156703993943594137758986534449  5.6e-52
165 252.623445779668375704108660204446504234881324765988978  1.8e-51
166 254.314437350122739009015448237580540970251248636874855  4.9e-51
167 255.83791804974205189835948389887877232168860777947272  4.7e-52
168 256.504584947348405733905890899057301130691625661277814  3.8e-51
169 258.165262850351218552365777481551892665803650312255045  4.9e-51
170 258.834470523524965509771909616162051453052549143840129  1.4e-51
171 260.430472134925575157559332930875270350576815610650912  1.9e-51
172 261.913614987649805734645033123033760580467807084127916  4.4e-51
173 262.883617342460631505091668137545961197159493725245461  1.4e-51
174 264.054257888128253903961636628026956208062001988059202  1.7e-51
175 264.932859141220083645343277689441048739864623666622284  4.5e-51
176 267.000651199715232206841962664566706712329168826205529  1.4e-51
177 267.801446984602329629899824154051116074003404318493938  1.8e-51
178 268.78330606204792631747966005927562570467276587691195  4.6e-52
179 270.278087167481904170413574605031780430433611908446029  1.0e-51
180 271.254983694448837962652278447852545464291297281815858  2.0e-51
181 272.755878601693418231846362521108801148523220594356887  3.1e-51
182 274.171458312519090850186424685337682908854092346770554  4.4e-51
183 275.033101236580214032652320202300066243958160307069332  1.9e-51
184 275.858946011083076863333736396826776762395211661097758  1.8e-51
185 277.77232263831925417841397015771294237745367543766464  7.9e-53
186 278.803683887286538588098876964095729137670342444831006  4.5e-51
187 280.157144870974605123354760329715632594440388215953054  4.1e-51
188 280.793106949409114651659212631255765682837862996115177  3.0e-51
189 282.37964046356129969375983170297385506085847900049889  3.8e-52
190 283.604543433883077939968271673165268965752102458787509  7.8e-52
191 284.925595823416716758909971351746780391866490187108556  4.2e-51
192 286.080233307716953041245630033922320500513964821223958  2.1e-51
193 287.149424648241851930727885337451150140485304640458362  2.0e-51
194 287.978476263321329279763569731090342715142880941795075  4.7e-51
195 290.25214699517454327999080833920025709722348086840499  4.0e-52
196 290.677296323260715251645448204031353865756607021819366  4.0e-51
197 291.832024588844755485130715148787511549478816250503245  5.0e-51
198 293.202434177472877110213123180636879880603415555273626  3.7e-51
199 294.327268451459767376660410148122555286211131004215094  3.7e-51
200 295.803470824719257769889521864708595576937505772375014  4.2e-51
201 296.900666138854932881626677318570430996721892204568444  3.9e-51
202 298.078874114892260099301909334679697370324736659448608  1.8e-51
203 298.87032030707756002676910775739655887285137617028256  3.1e-52
204 300.434459850534534618204203836588596082771686435853276  4.1e-51
205 301.919842528597118143235320557261088669720072089044181  7.3e-52
206 302.917937583117195136816001250371271205396550297699438  2.4e-51
207 303.66111804033389116484131303465481172023103203212668  3.2e-52
208 305.065208865419004408150500486350222924762419967729339  1.4e-51
209 306.795133963712121024259599687815853188176862961296847  2.7e-51
210 307.286084936714846687896219926137044673716370266427251  6.4e-52
211 309.122483030422520964120504908092558009419353454532218  2.5e-51
212 309.739907613974830158597905896078530971816496910581769  7.3e-52
213 310.823674960945422260664922749493263681341090396101162  2.1e-51
214 312.556366867561006880646346916574795119313734204576435  4.9e-51
215 313.877942455067937877842405118276899428734120925208366  3.6e-51
216 314.433165169288902921038377732773512053284871871488153  3.4e-51
217 315.734986124926961887251907181740222114742939020475519  1.3e-51
218 317.012318042232597265154617978447340668574283636949267  2.5e-51
219 318.456217256355020243582022167593287518165820684077479  6.3e-52
220 319.579691297035399856208624132885499117614823357795815  5.0e-51
221 320.406303644492989836276529763026847284273840279691902  1.9e-51
222 322.001967804490329922901466017874888443744128112277938  2.1e-51
223 322.539117423791916644868925635459952388492974065227939  9.3e-52
224 324.51844467372429468247621747233225429879654029490231  1.5e-52
225 325.474784044106338753731926880980026419693772469614701  7.5e-52
226 326.458541219865395044739102628112439789330457305649936  4.2e-51
227 327.259931766511577051646548147496257778922474690909166  3.5e-51
228 329.200097937579180380199127415079894988939603575317421  8.0e-52
229 330.036049590345863625582528949140165573153340829496865  5.0e-51
230 331.211402899581858005305658970204167759353084534437577  3.0e-51
231 332.572946528233439745545565271009613929045505897955748  1.7e-51
232 333.181508328694446939228516176038498565202595977050551  8.5e-52
233 334.768699894679417514419683006149355113952324191170119  1.2e-51
234 336.152717554433284433502100993131175659946196491708671  9.8e-52
235 337.139663054777136275249567005761082854766715804266252  2.5e-51
236 338.226282686036666903963339178993146989281437960511352  2.2e-51
237 339.01125261519977890816451523888171827625872508225802  3.1e-52
238 340.841952352352921620667106125010551872897727317126303  2.6e-51
239 342.026153183364697413741067471699577439523384993736221  8.4e-52
240 342.685858237358770679282715747742721250863839799323291  5.8e-52
241 344.083666156568686262700476269622600987263845276749924  3.7e-51
242 345.209775341345957304411062640123411168718597898441699  1.1e-51
243 346.26276046710169414766479781365627485931684540953044  2.3e-52
244 347.924648114363269737456612931380904174694800078770001  5.9e-52
245 348.981798388546812014949922815980182738120075369077064  3.5e-51
246 349.434342456600281463000600708509730337709981913450692  1.7e-51
247 350.977213109308617100522854325462654438313474327425617  2.5e-51
248 352.391768243124844163930313622217439694920216442617026  4.1e-51
249 353.693333325682954612468513728526349192618893282394591  1.3e-51
250 354.301737741464131435550589820778733172322761626928994  4.4e-51
251 355.744440262597030643135834704301204885572557268245123  3.1e-51
252 356.62764721376739857531410960984396367899697244084674  1.0e-52
253 358.288275092942436621100948166910717977555293130249909  9.3e-52
254 359.096461192605564356621413885739629400716735265800124  4.5e-51
255 360.711041024558924347989358205290571929944647659512362  2.1e-51
256 361.197493036208480607452479026783848698215568567416065  5.0e-51
257 362.276968893166749770539685491073233934757832795522745  4.9e-51
258 364.41972443183521559453173569293953162145100507210617  4.6e-53
259 364.803736092111996649798785728967433739589490673406819  6.2e-52
260 366.049689518269001254346358037074672906984125146681202  1.6e-51
261 367.125534935074746226205366381803150068752954896127197  3.1e-51
262 368.433814889807776167291607733555701313936678829455469  9.2e-52
263 369.501693331896440536371018311516338683066082703092312  2.0e-51
264 371.069016090564873769959102582081785171060502037225787  2.7e-51
265 371.770095915150246627553579159412989552003947470212411  6.7e-52
266 372.88486088659112263932468993633902705815860683030117  2.0e-52
267 373.934868915461652379950226596663975251096719669199114  4.1e-51
268 375.546874727007592696024701799561204462574756249162347  3.3e-51
269 376.68390093797465393674779056512676966324699048212714  1.7e-52
270 377.559223274184804430765239956975467132122060691869959  8.7e-52
271 378.386929045761663014669509494650112308223703651391176  3.5e-51
272 380.057073182313993996624958892887708877736516647378873  3.2e-51
273 381.048670123035255353285022960447260213547490867116855  4.8e-51
274 382.239766419015733825442237707812981133083105011880236  3.9e-51
275 383.485092354202797547008469511574477381505206127635754  3.9e-51
276 384.372845681680591972301296816384949365379587613818831  1.2e-51
277 385.215227671810011052067267157544380273781690512749582  1.9e-51
278 387.149209287630809459562775805795946693296787335587107  2.7e-51
279 388.082142477715349785075529205742778205212762805001237  3.0e-51
280 388.777717961852629778829103027834810730150044366439279  6.4e-52
281 390.16911262889737582485773883849564772093340702583055  4.1e-52
282 391.081925719960705636482076227630366697676708595891198  1.6e-51
283 392.851762913361749415172289512666373159024835561531031  1.3e-51
284 393.443407711010714092091526191831646041264988465888835  4.9e-51
285 394.819997091793563399200438486873787423293788250381548  2.3e-51
286 395.804609603417829627655860831440826853947603376877571  1.1e-51
287 396.734455422548506308019706949873985524056493923142092  1.8e-51
288 398.25041597673794669571240199355948764072893354157798  3.7e-52
289 399.565510922142837150117069933003484038166412006109286  3.7e-51
290 400.692875768711579434383834980448914627507133304274922  1.5e-51
291 400.826430942254731813572223913520094779869427938736168  1.8e-51
292 402.818318458899697294991385886647980660899453927400213  2.7e-51
293 403.907405043483608088477132031276134387260835893777375  4.6e-51
294 404.945586220611861375995784714859754749042176384175874  3.6e-51
295 406.161247797888218283759223461551037571637552512884521  6.9e-52
296 407.145015561887180596832218714782805545298228359577213  3.4e-51
297 408.039526672953984287117063389126273352323379408117355  4.8e-51
298 409.588213120835764765327928842181104553689930947117981  1.4e-51
299 410.871662863483397256244740245489759743842590903851003  2.9e-51
300 411.660571450853068625596933019243368914228854987505214  3.8e-51
301 412.73114695758272453525959161654319172116085756153616  3.6e-52
302 413.669285395295658137077430685739028872233587241166872  2.0e-51
303 415.429295872920605343334575521639837173530704847017949  1.1e-51
304 416.370591226615998676214797442367537485366768639233243  3.5e-51
305 417.129270213613314197053890406280262434758860574970679  1.1e-51
306 418.557476726827494356874523449861760383500808893964894  3.6e-51
307 419.487459422307052959538050358055346759034144874996256  4.3e-51
308 420.528953897983312124301406884485876184896067597145629  1.3e-51
309 422.510373029579939581291238842956357425523103113962045  4.6e-51
310 422.687254605134226853657266987081275938467047035592875  4.6e-51
311 424.066895492737527911677987445783078058768402373055932  2.3e-51
312 424.823388820004963186458504177235468107488202819933648  2.2e-51
313 426.732417008649459971072539946923196393458046850648757  3.2e-51
314 427.384017811341801710621170233857776670254384925592606  3.7e-51
315 428.698107954067468446215062218087998091277873577005788  2.2e-51
316 429.589385972485221663769624863608554271874820826242986  4.4e-51
317 430.617557835895920596936768138037613277239780159354028  2.0e-51
318 432.060772515970175163597389244861314800517098042701091  5.8e-52
319 433.037443119577549106197962296151739393298654067990369  7.4e-52
320 434.439352398953230372577898785137032834413063629078476  4.3e-51
321 435.348154160343350885785339074764090617382546430656022  2.5e-51
322 435.904163677449666499833338436781022754338021522330425  4.6e-51
323 437.582219399193184077123076221352682770810531540106551  1.3e-51
324 439.158108255197374428700082430409716909644515021872875  4.6e-51
325 439.537569445176472324013677638500314545735813053561154  3.5e-51
326 440.677227899854500255942171405013984913503681556021291  7.0e-52
327 442.169739917182404707338456981670551180490429658671994  4.4e-51
328 442.777044291221830459399566080216462440807720031409455  4.7e-51
329 444.438290507888746148873000856402383955951904956852497  2.6e-51
330 445.463739168413374571711313039986276886997372351615922  2.4e-51
331 446.448331621937080391104088770136024438160856111557905  5.0e-51
332 447.302008904810920693770981351254317791713503289429362  1.6e-51
333 448.506931088657839584317883013818781876285725329401285  5.0e-51
334 450.056620306917512377580209550666161319620580351523941  1.4e-51
335 451.07077590542470231685689047744915919304589856835032  6.9e-53
336 451.839972460976790920937303192212140596684167659150078  1.9e-51
337 452.879869538279281929726694959990308433832909578843232  1.7e-51
338 454.253514329354037405850632430669020819282838452819163  2.9e-51
339 455.422497421378526832586805831390435918526130095834345  4.5e-51
340 456.392498176648917324725529107612685792717082616034321  7.0e-52
341 457.782550501734671027206438377356261658811707371173669  8.4e-52
342 458.602132213340034655427617224518627574474456084338677  3.0e-51
343 459.23288337402854169687060094585015099488427750406896  4.8e-52
344 461.229860089685136434954503234684073794118993841729185  4.6e-51
345 462.093262103950774048052396570876642350141537979426333  2.9e-51
346 462.984574325850528391126686470078164130038053605834785  4.6e-51
347 464.074350134387308362698669583635642611714245907911961  1.4e-51
348 465.084496147604413338948173717755920178272231540879286  3.6e-51
349 466.565294070754829804144114551158608300278464384489174  3.9e-51
350 467.469878437024681127056116068240341228614574595949579  1.3e-51
351 468.852763450971667959092278690521095569787331192133222  1.9e-51
352 469.41015342401842214401846526117714368199429484070152  1.6e-52
353 470.850118898186746699001183893026424193633594752915164  4.2e-51
354 471.558488620326431750096405138880948278749029376434877  2.7e-51
355 473.449639415461498621616549161844432143435536323621682  2.4e-51
356 474.251661331198213788155133232673131150577790215173781  1.1e-51
357 474.862403416339994238193590234738037106104401630689192  1.7e-51
358 476.106908836421749224837054840769685975250952199483941  1.2e-51
359 477.524504888667104395180472232277427419494642019501656  3.9e-51
360 478.585174878089866539621061538020799762832195714443176  3.8e-51
361 479.563790858923658202329671981487414775701133250257782  2.2e-51
362 480.853431155414690231249177741408803776665738778702452  2.4e-51
363 481.635725155083835359533044138626654876058092315402573  2.8e-51
364 482.560089556220431980379019626180627923768061016518307  3.2e-51
365 484.373451762985536128553462252280812999814175775531735  4.7e-51
366 485.024407684856762401993928675948383472543683900330718  1.7e-51
367 486.43385221502242224856999643908837856362899444706512  4.2e-53
368 486.860821172527327510630461222521258441906840976248176  4.0e-51
369 488.201746375388681113866889072760396158861848747371791  1.1e-51
370 489.727584131497233274206296880445432648626907922203822  1.8e-51
371 490.72591186419646691605250775197326925193675632374759  2.6e-52
372 491.381656786789505688281335578001789519928333416438914  4.4e-51
373 493.008423782596829962290004324247773772130169176941671  1.0e-51
374 493.482083562986211375870178718934185984339703039214743  3.3e-51
375 494.840881854819450056167701525900706730269330856958045  4.6e-51
376 496.26459617221454969898714497181205403054710402239168  2.8e-52
377 497.51465023078319165520056999909435006451015642533241  2.0e-52
378 497.764550541258289973084742435184819880768002755790559  6.2e-52
379 499.021411746316585096171716206732452724796800295211252  1.6e-51
380 500.59777393152630055029434256085850920788371838457918  3.9e-52
381 501.470600996472423712186428820524543081998376573097041  9.8e-52
382 502.775458195535840245739683817906824391065925315261768  2.4e-51
383 503.466430549621544874537944564905187797741558965087694  3.7e-51
384 504.654124961430536057370035150559449372640872076283867  2.7e-51
385 505.739139439563141269290781199081169939996155231155521  6.7e-52
386 506.940053081678172238400659743507658999500171983175812  2.0e-51
387 508.298673685162359847400261795359539413902058904929006  4.1e-51
388 509.017744547113386245476446885304659391209606374348374  3.6e-51
389 510.163388567594024318978027195169717990416630866128123  3.5e-51
390 510.789757306407083058392613749123866207663881679530115  4.6e-51
391 512.829907982419404106209192938977328064019746136777807  2.7e-51
392 513.523603253454855688748731303948037894871181923281016  4.2e-51
393 514.223717529728986695784451519665548638934979608675053  3.3e-51
394 515.800889499231162095279696044381053988030614377263195  4.7e-51
395 516.411584547120099777198371309814224228960572527214131  1.2e-51
396 517.735975415498484854015714976440214793631133539144307  3.3e-51
397 519.016986672414854729440674706354734437249007707911664  3.7e-51
398 520.16729271525970064404125718657491122461163339684084  1.6e-52
399 520.872667783021411224520356031601562988408827625351907  3.3e-51
400 521.841481363614764092876735105561037553181154801671152  2.4e-51
401 523.120986253098935893650910010197734574521201868901253  2.8e-51
402 524.602934326171414696714302505967586456312311191019146  3.9e-51
403 525.360948828422915152867379014228395620847561782824122  2.5e-51
404 526.404135942230746919443351968412189739705498438393381  9.8e-52
405 527.200666147475494600426812301543269438847508433667269  1.4e-51
406 528.755645244318127843309291444972365917630410453410684  4.2e-51
407 529.579467899654296309249492270606647155332722694752434  3.6e-51
408 530.842335853777615239170158026866030967105059955925589  1.3e-51
409 532.055495939794014558873227460348879404172929518604244  3.8e-51
410 532.815358474646289877260412592963811562750322407827577  3.3e-51
411 533.508383228707246673546572332599148483994033454184665  4.7e-51
412 535.330957786314622640169277388438394736232406304810668  2.1e-51
413 536.335200439568643917032686122370462862628960848036533  3.0e-51
414 537.227107044986547262634892128160759408777962080362401  8.1e-52
415 538.026826770333265586353378054243592359527645204313963  2.6e-51
416 539.450819996046204648530420789822544979901250053960828  1.7e-51
417 540.220384197938898022085922942521375532977621094194711  1.4e-51
418 541.907599138113878088860806165580261184689217325218594  4.2e-51
419 542.462563061115571906009950099280180107756534953299806  4.2e-51
420 543.696092760348981217864351006596454757710897481193516  3.6e-51
421 544.785461264317429324050274815494536218833592604350976  3.8e-51
422 545.383442847239417840764971444251750798016957169062618  1.7e-51
423 547.187258082853037113023509890920209186987821313966502  2.2e-51
424 548.217679158056327900908343112307128064349494581154908  1.7e-51
425 548.943532318786134744281337986120976933462547620044457  3.1e-51
426 549.822639673720850720528766099781356232888222322933873  3.1e-51
427 551.119867403314586371118259107474853934924420307046516  3.8e-51
428 552.614795665225726559971577985400145761304777324100498  1.6e-51
429 553.034345058515262054056661726073373181367752308976897  3.3e-51
430 554.73480113831750683627673162370785859643897365680918  3.4e-52
431 555.381062032171904670686517831134507412797841655842426  4.1e-51
432 556.218689984231299233960825399682618188554032977640906  3.8e-51
433 557.56254652271768201560375807430991246265896742732257  2.5e-53
434 558.989683695929141372868347234754512743256009590351215  4.6e-51
435 559.789420852530058774751570344200243826744636278740052  1.6e-51
436 560.82418580975155368648473542045588511519033178633463  1.5e-52
437 561.579552852494603841530361625681795229917318020077646  3.6e-51
438 562.884918855124964198279541327396239830331246631554569  9.4e-52
439 564.375152251819672126008696459253422496409511329662879  5.5e-52
440 565.000010036537040790092478159154182017048209237298408  1.9e-51
441 566.121867806380563080596806029784168669284960563454001  7.5e-52
442 567.295583168317323311961111782638391819457371387991447  3.3e-51
443 568.09267366772893928863638096928925458339292726212633  4.9e-52
444 569.181680299434079316273498588168625172976841471629972  1.5e-51
445 570.934821531253256885868876369106989341873759309848633  2.6e-51
446 571.52684005924771069778816817756659959017404632532674  4.1e-52
447 572.24006775884661610627194599863017122403301518168092  2.1e-52
448 573.468181834449291538941106571084481951295289957043041  1.4e-51
449 574.731873613463318576779458684377269686702471862451644  3.9e-51
450 575.955557587145441906964265939531813362882353628961493  3.3e-51
451 576.798420970159576523787609284566084486345773585945055  4.9e-51
452 577.869362405309961566444391042720439043049977528657083  3.1e-51
453 578.90169657339243900927237806517530957456600681659054  1.5e-52
454 579.747418739431355423874099983522905864766309255734039  1.4e-51
455 581.248096442861343092245690465479285116197089733913132  2.0e-51
456 582.192370948181819144231913865574085593408516888879605  4.6e-51
457 583.351349314551280521130772823625930177987445205045219  5.3e-52
458 584.341799150616550759839857434494768444574532064177365  4.7e-51
459 584.662080711478200725005439676351663050631529985925705  5.0e-51
460 586.855128396000401388050190731793850576164924059391272  2.4e-51
461 587.363530089933806145712284415113041288730758139290209  1.4e-51
462 588.57174115254109679375169304563180632934121713964561  1.2e-52
463 589.366144575314032076680635646210236744487095389237775  4.9e-51
464 590.794446209377664889863307410472487175594720461370045  4.6e-51
465 591.322226552667454722420814642478855583031901269690755  4.7e-51
466 592.855302557493737119600157597771258514158146155481337  3.3e-51
467 594.116707762473928139234230862549574237961753136894254  4.2e-51
468 594.796809254261813067271691648728989883538180445728773  2.7e-51
469 595.668258507199283024827684891470563007227297350533504  4.2e-51
470 596.824141744650085948129438665400699317193177221930842  2.2e-51
471 598.08888874573331715724037950996138233161941871387581  3.4e-54
472 599.536729742477440713176223196340723590975143732277899  1.2e-51
473 599.899728686504582646221592092111339976764910062518013  2.5e-51
474 601.093915602816031876282713371305267129272589297903038  2.0e-51
475 602.134674465438813246708155517274572596010172457847555  4.8e-51
476 603.388979582488310744623554203526425461995990622142792  1.9e-51
477 604.293814846850776736437030124484904624036713341931787  3.5e-51
478 605.657211641386305267670522655780059658967794535563641  8.6e-52
479 606.59606153931089884562383567644049311819342811365711  3.7e-52
480 607.259225962843847260476069283072128210019212105944467  2.8e-51
481 608.263762769864270067531227500091816356341971348266839  1.2e-51
482 610.048741577270059721956938231427860290276695111770428  2.1e-51
483 610.875426492555260565474525433010012890264613285173657  3.4e-51
484 611.43565220099112083014761994880173239981145792793784  2.9e-52
485 613.003677066867178622134954289343712605491373426053171  8.8e-52
486 613.493458367671475346533329356236727040633720108740589  7.4e-52
487 614.973836698571425802073979062720764589955849530966215  5.0e-51
488 616.120801041653924270529206472375202738860919539210319  1.2e-51
489 616.988074234104058635073308234292507462733256457879631  6.6e-52
490 618.275844943958531764151128902530910487232357569214451  1.5e-51
491 618.78502748456729674084989344142219899352616954183653  3.4e-52
492 619.974871126388084851971483214293670782721609234278522  1.7e-51
493 621.398865412799396443114070076205228524933118093563125  4.9e-51
494 622.569382107109438005337485605037801347318850810378769  1.4e-51
495 623.328788593477709698148341228982600725249216689551643  3.4e-51
496 623.907597822062744042824171900023528143474092384468747  2.9e-51
497 625.552890517289720876893213927053509084060082568885958  1.7e-51
498 626.455609450305606350150288562738611827294707066649476  4.0e-51
499 627.493450467570391328899954211898219959339428926827611  5.0e-52
500 628.824833260082991703144875911153722152015685632863298  2.3e-51
# summary: 500 zeros, 0 miss(es) at 50dp, worst |geo-ref| = 5.0e-51 at #229
