# Geometric reproduction of L2_chi3_q3: 500 zeros to 50 decimals
# method: pi/3 helix -- placement (sqrt-n radius -> amplitude), running count-residual
#         amplitude A(N)-m, log-projection to 1D, phasor cancellation, cone+discreteness
#         continuation.  constants from mp.pi, dps=60.  NO gamma, NO functional equation.
# compared against zeros_500x50/L2_chi3_q3.txt (independent Hurwitz+Hardy-Z, 50dp)
# columns: index  geometric_ordinate  |geometric - reference|
1 8.03973715568146668171362321417296580279301026738606143  1.4e-51
2 11.2492062077729352497050256788632146486959267932246507  7.0e-52
3 15.7046191767216255651655508804327807582048028730466527  2.7e-51
4 18.2619974956931275689244140935948651201930385651660195  4.8e-52
5 20.4557708077424928534450258313131026704439632754707949  4.9e-51
6 24.0594148564934507745930535932129647862605968274816824  2.4e-51
7 26.5778687357745853145843509375340769341855096749197224  2.4e-51
8 28.2181645062333860931830297603107705648142582518785109  8.7e-52
9 30.7450402613824957378082418105061713503695279477092679  2.1e-51
10 33.8973889272594190176778740330052395794468918190591901  5.1e-53
11 35.6084126539386346548129101280317141916070650178076456  4.4e-51
12 37.5517965563646270198604464577036637576799175853295701  1.0e-52
13 39.4852072609293507673662926600393419070484349954282894  5.8e-52
14 42.6163792261575675743228068514800664471419980330202079  2.1e-51
15 44.1205729120722024420244045930969996263296217907096783  1.7e-51
16 46.274118023513140085104871660141160166399130271726175  5.0e-51
17 47.5141045101173221149363569968595955002548773803486376  2.4e-51
18 50.375138650636265982821917341449429147756225432442177  3.0e-51
19 52.4967495990607536672882221717895981369763812845872902  2.1e-52
20 54.1938431015519135786018683035347947508506707218462875  2.5e-51
21 55.6425587002162213738564033666295577893341534722444895  4.9e-52
22 57.5840563604491837814865894882262645076262528111761397  3.1e-52
23 60.0268574567159022352614907721736966737240981460928746  4.6e-51
24 62.2060781222821364868696458801356158614455174259900421  2.1e-51
25 63.1769927673391082911831183881181922206237259055134753  4.7e-51
26 65.2949255440837120331285381106466182219059912146196051  4.9e-51
27 66.6231346255329300596585374172857719563068182535676234  3.4e-51
28 69.5130229859799959341968373725478993409087355494538565  3.5e-51
29 70.8197986955471496367959721046036908415876186198862804  4.0e-52
30 72.656149070696664856894357587385729290433624815149872  2.0e-51
31 74.0054285210041896933088088400566501351078068774959081  1.9e-51
32 75.6224069640307096832584766909751411335027061945826945  4.5e-51
33 78.2174812709266098430193390790621667499127289491992157  4.3e-51
34 79.637975751907802016411748410504166480111800154769787  3.0e-51
35 81.6119876094714469223642343236395452317537235550319487  1.3e-51
36 82.4702525122219579464894764848141390311841965826309344  4.4e-51
37 84.4122866382934090878445527560049320670586816961067079  2.1e-51
38 86.327646283014147939122640793664325611845748626886951  1.0e-51
39 88.6526172085393908232687442437282383543700137964682487  1.3e-51
40 89.6464027568417001125531326889610392304188296638612386  1.4e-51
41 91.3356103544330823325608964644512291376707037196754534  3.4e-51
42 92.7534643871191581751072587835742793555865644996277727  2.7e-51
43 94.3943587971633775779343178070362397646292801517078462  3.8e-51
44 96.8742520897853082683672743374510652912687799018483479  2.1e-51
45 98.126454904241912131455249996179000375165059671612007  3.0e-51
46 99.5334892640586055101529186295704703478254042410776372  2.8e-51
47 101.374963467900018957570941464886557395412561067721911  9.9e-52
48 102.116361845064920790422393771022791839006989044582328  1.6e-51
49 104.765375470164518760615438600232207663497351984703655  4.7e-51
50 106.246061848876376740293298104138788705048208462386438  1.9e-51
51 107.970316117138102741247774826820098356635414300911747  3.2e-51
52 109.137603914491757377846514842627120209931520462792687  2.9e-51
53 110.523351036813351028380396867864362300814790818738692  1.7e-51
54 112.154771842199969474797953337620345775638344025237276  3.9e-51
55 114.217148271564252355887014899745930084018704845127173  2.8e-51
56 115.89814244184313910926683910572542189097883247501964  7.4e-53
57 117.369750996605359971226925344106213527863833377353498  1.6e-51
58 118.299418307897605362943383629159741740810300783851649  1.3e-51
59 120.255182238494447330436305744614586787595637745994309  9.4e-52
60 121.278841596507372881566026228914365179933748591473224  3.9e-51
61 123.890490659809631867010293489049825169604793878425078  1.7e-51
62 125.010783500604025438712027158389062243626324889406433  3.2e-51
63 126.397312255835030130681903494892594895434955281467802  1.6e-51
64 128.052677184236142051808846249450463565788943457335088  2.3e-51
65 128.937236928623780151285437824300033404877522935358527  2.5e-51
66 130.811369910238557029437426886804149693305436356610861  1.1e-51
67 133.032449649300534162141171866100996145897704614930951  9.4e-52
68 133.990862643415321641574578328199768312768194006910762  2.3e-51
69 135.820891223149538939934409875869827312198560592260762  1.7e-51
70 136.826373271550017252313129787307185449291088891022923  2.5e-51
71 138.095359556468882092586898367656061842746385555683473  3.1e-51
72 139.99828007550451125550428383073764484238732124865309  2.2e-53
73 141.647847111848760730631584645699969234559964454936216  4.0e-51
74 143.638477145126742234085970254506623817315941940744147  2.8e-51
75 144.251663982588466004577138299844035729428262789241966  4.4e-51
76 145.91962956744678365384080473335649292234477538311817  5.8e-53
77 147.22423028195671559038567983455502782777728491678509  9.1e-54
78 148.603136989263800618175149727440468492055301045027385  4.7e-51
79 150.716489569812798947441085719360771601071565049352942  2.0e-51
80 152.318529151590303042252910852057710379426676970847021  1.4e-51
81 153.190716494260005365389627614885417497896944636498668  2.0e-51
82 154.815216151925169333629572945046036831522587132045064  4.5e-51
83 156.136480891007221318584543865859404900501260149778532  1.8e-51
84 157.14838127659447301608505568474708321823936053661018  3.6e-52
85 159.718252420750466634184123964476359071917917203352359  1.4e-51
86 160.568314696625827186881313111656635238573815038498596  3.7e-51
87 162.415075570967196367678406155468008810846761536036706  3.7e-51
88 163.417951938298530800750264837408256668554917323449159  7.5e-52
89 164.674326596558228336510175978176163484073873451495669  9.9e-52
90 166.066252529275645631115903535652932345988410851928274  4.3e-51
91 167.867728531281197382458396130203399455655860354500921  1.4e-51
92 169.598284560816616281742963130183656960801588943398018  1.6e-51
93 170.847483042399128316482810590852669239268161532768301  6.5e-52
94 172.307630253830302120939341435116867220508047184271768  1.5e-51
95 173.060233619416215890771187706689339755346837367544908  1.7e-51
96 174.971359930670042161637111949290031455819698234894055  4.6e-51
97 175.930081815384251753407242127819316292367318653547525  4.6e-51
98 178.256167655476025051358136744096971687996080247643558  1.6e-51
99 179.518833457921559134834237838777470313195937652064741  5.1e-52
100 180.431386810030894271673524569824011163277078509531937  2.8e-51
101 182.192116598912084674477958755163653816758015138284413  2.9e-51
102 183.08690052849118188456732471400794017249505156147912  2.9e-52
103 184.431819560808526731044600587025166818402432408058527  3.2e-51
104 186.467254959950407491340962583380847557724634570729205  4.8e-51
105 188.004432724510677480445141446374608994279971249530722  1.8e-51
106 189.001067145020892925254903056635457170216459399284254  4.5e-51
107 190.60192473504366975164553661367748117201725761206506  4.9e-52
108 191.63039667549473778089747273490150121564737603116682  4.7e-52
109 192.710197236518362842036962079421784309774350229701117  3.0e-51
110 194.664864109038926082128963855390541334255045386993398  1.7e-51
111 196.108458364150639561897168525459959154408055771250468  2.1e-51
112 197.699606489158147703589867876667616917611945034938453  2.8e-51
113 199.008858798637882763470115312538014292150453632467515  4.7e-51
114 199.681423183602625293270102184719452666379897545202266  3.8e-51
115 201.588006636176695486831099729313168059816243918464877  2.7e-51
116 202.354900753126810705568126544766404184080381049751965  4.8e-51
117 204.34156686043495173491434222599366894799030992707167  3.7e-52
118 206.044349753668853568574835785586724753530145850593318  1.6e-51
119 207.140302536267527525753609367404851530690895764147639  8.6e-52
120 208.239005690981780853472791329375257510062051886294709  5.5e-52
121 209.681812464746616405294004632456666199745534409704945  4.8e-51
122 210.868807593637424052621480102085883842114665339390353  3.2e-51
123 211.984134746517460231713012145955161284263775600571877  3.0e-51
124 214.575936417903415771515628353360113134099342380114549  1.2e-51
125 214.921126188652143384993652895299798951641838016524046  3.8e-51
126 216.751745568452924798189537200452980739156284443098192  2.0e-51
127 217.955809966512023370416997444113928949976085236968648  2.0e-51
128 218.877069206881097180436821310854176759721145057657409  5.4e-52
129 220.251865356446415026359264698909898234763786109304117  3.2e-51
130 221.895406284373667511932876454231387860688951388708382  1.8e-51
131 223.547587458247875987899227526407203094857341996196777  2.7e-51
132 224.82556842312725345813709256694381644902849331596403  4.3e-52
133 226.113045751289044707652202661184362290737601098844922  2.4e-51
134 227.163954811853301720658616582842389104318538983198939  9.2e-52
135 228.310362968066977403172293625766204404778746311717384  3.8e-51
136 229.86032075995806341988348486181148412613817157168246  2.2e-52
137 231.112666766787632220127073553454325093050648408098102  2.4e-51
138 233.247327885643618978939114009106896224053042575376937  2.6e-51
139 234.062185827723496875303577277915049449834817245619214  3.6e-51
140 235.19018368059526255633272528828440850986260052107536  1.7e-52
141 236.667423278931036743619700280588222160478618198646849  6.0e-52
142 237.799847538519295668070164924791922847399565352438958  2.3e-51
143 238.781519275040630041261921373220050924928050962265621  1.5e-51
144 240.95462161992473249949686116952415528332191044603089  1.5e-52
145 242.135551632677911605646482589810555421625096786256908  1.9e-51
146 243.490322225724397355056189543705429779316502301503894  4.3e-51
147 244.45622018634821890742948293552472219610688050973052  4.3e-52
148 246.302824434501232569413735608421472882224405789916564  4.0e-51
149 246.414896476563542056450204666007982674264294586386713  2.8e-51
150 248.391247539970486185384479270833351384708436807895869  6.4e-52
151 250.156285744909295615445358481345538463336101001588807  3.4e-51
152 251.207296474379320950516566986067291084431454617224508  2.4e-51
153 252.93335089701657670793383361047553353586918844473784  1.2e-52
154 253.682825985490142581890754280058644518901073821900011  6.9e-52
155 254.760087744230765688938177110460747060551672640366384  4.1e-51
156 256.413288291283778898532557459823699216953737044396323  2.7e-51
157 257.281084587223667502894179150453370309496651732713022  1.6e-51
158 259.27319741632851416510617913990833165566089517112599  5.6e-53
159 260.669022225814559943937985365032218249287200580383156  3.9e-51
160 261.733190004624820039341197353996951890075508057406363  3.0e-51
161 262.841360384073421885356778605516925036332316593001192  2.0e-51
162 264.092725133262792695299517732119482795099941737256793  3.1e-51
163 265.405491697318535922368016398966573173373620386737107  3.5e-51
164 266.346768813514676897283308064669903521985607200030595  4.5e-51
165 268.533404809192677484748888332017197720980934243038256  4.0e-51
166 269.763347529029634108348586313123330839094056626765405  4.6e-51
167 270.483792661486350365525038804126172501805416653559003  2.6e-51
168 272.454700146476419301826425979558241949687093244728779  1.3e-51
169 272.870099174116876832048681882759576367888806146017924  4.2e-51
170 274.207589014292600364950653300141328788597000492453457  2.6e-51
171 275.723203495207679085682840571485001308985946726762506  4.2e-51
172 277.392264556036389939508526750583407770750221338171107  2.5e-51
173 278.594783147111448685979005111239462616557570412440044  4.4e-51
174 280.028875466697223632444571824943946060850383763823067  3.1e-51
175 280.879711871717047635686565339911678477367694537792579  5.9e-52
176 282.21088436993293775231192083837012194646475850533287  8.2e-53
177 283.16122916816094379604371903959441860870788541796941  4.9e-52
178 284.793205517567512462192597592416216552103335449781826  4.2e-51
179 286.06717679071987049128882827971698024994349097765807  1.2e-52
180 287.985725291945108159829378113933514106781009710975669  8.2e-52
181 288.710102831768528089992528056804722828538381942672611  1.2e-51
182 289.819631386501234477899148903529461348375420406983946  3.9e-51
183 291.149716012311717264055288560777322711002824547909337  2.7e-51
184 292.499400472563950335505553516586641464665779908815899  1.4e-51
185 293.146157971230097748113792100219706959620440142483822  1.8e-51
186 295.405273413189803734241792557932210523911242538827968  2.1e-51
187 296.523783545686697101705010484883218900692575869467608  1.5e-51
188 297.693253493865010338163215075523415845929181847774507  2.9e-51
189 298.885852645719445650615480772105642392569705419370349  1.5e-51
190 300.044241112508381264835280154277521133712972057162303  2.8e-51
191 301.194849827990830165220481357356064704157593342690869  1.5e-51
192 302.147793843266598298683051262083075022207221621934839  5.2e-52
193 304.234598785247620268537277390781288875468215853583479  1.0e-51
194 305.266717757776555644816096562739369868120955709049674  4.2e-51
195 306.57464013182276992944835984157715305232519519185455  1.1e-52
196 308.056416853185604403701387390193220028766021335859071  8.7e-52
197 308.596026097826488051998065176066025128502596726057823  3.4e-51
198 309.913165987785268628274869719715143763128101519413268  1.9e-51
199 311.399712605129073875826550990241098759958070535271213  3.0e-51
200 312.437670042188135793132712783187588253167053164394069  5.2e-52
201 314.508985165246339325517794456984341023708503346543741  1.5e-51
202 315.247800825844993112657307464196252379545671978356956  3.5e-51
203 316.747867988882200377172325823440605973396809115573539  1.1e-51
204 317.409990102486487231310227617314249575346781172229387  2.7e-51
205 318.992901346549264634369459438491544170672126847282446  4.2e-51
206 319.883553923763099393119606123099610483512301530355683  2.9e-51
207 321.223850451591035770558899469153657706873785656390129  1.2e-51
208 323.088370051146986564931304117823849089894814929714082  2.2e-51
209 324.475072838128481584323332639111881809434587591259413  2.6e-51
210 324.868227719327746756359027714974741651220035707562204  4.2e-51
211 326.674899828115993908078083142186887132172547776996268  2.3e-51
212 327.689912646510226555503884956656062423816870411958404  4.3e-51
213 328.379149076548762824242057184708531495307554150791701  1.3e-51
214 330.058076297175263571450563703674008571036680556320799  5.7e-52
215 331.709835052046612625360130510062493864059152028829862  2.2e-51
216 332.761085850637797071146996839114813355513803720038956  3.5e-51
217 334.228126634867380372290122710403024821052491930129564  4.2e-51
218 335.109040429704119091549048507733470793034580350502398  2.1e-51
219 336.293879137474393901996450026320363785987203280451061  1.4e-51
220 337.323117595179004044500448293128092165248876001288504  4.4e-51
221 338.613733673156103187056831411267064203369052824248235  4.8e-51
222 340.168912723445890154748581574601151385289291836457296  4.4e-51
223 341.473818484650044666614959269274273757356192497888162  2.0e-51
224 343.051787541586009709421622229719832275491696081035551  1.3e-51
225 343.734835777424110192262708069364439499642537596322979  1.4e-51
226 344.740561672193499975087600903116890013457731705666055  4.8e-51
227 346.404559348578357783567030093059357523991214245441613  3.1e-51
228 347.045134037714541733770402130483473432768574504807268  2.1e-51
229 348.44109648434663218759735340802553289711655990275955  3.7e-52
230 350.558843705000225554069364257917099441160721476860744  4.0e-51
231 351.146432574536529181853545926022973085358515013290635  4.6e-51
232 352.476789564989020938514253609906468741874420836789731  1.1e-51
233 353.721305268879384950903172947043967588934585324542757  3.1e-51
234 354.628808934631900667508540569079138916538449040858413  2.5e-51
235 355.92871534845984024630425255809970858301828788711836  2.0e-52
236 356.819583974126630149285275530697923739293670558050697  3.5e-51
237 358.989504346120938845877918787372385395047422413389255  4.9e-51
238 359.739911415334476867376489595492657646831140348285573  3.1e-51
239 361.148528692098107288153981693530376795487069106748099  6.1e-52
240 362.278726921439438093557652038701224516798471077565074  4.0e-51
241 363.510631948738290684506310406824735954565287809814889  1.1e-51
242 363.995810691432128271465707401170169260549132453375255  4.8e-51
243 365.857127789801406206477712620615059026776700583868242  2.1e-51
244 366.810722268314985630901078216646789676749907455784344  4.0e-51
245 368.547133840726854178508998417485016108148921990286833  2.6e-51
246 369.861768120164907523503459881886145692597460850575785  4.8e-51
247 370.648477039984707198412788862513738274780532268083889  1.2e-51
248 371.886714318708859009876749026023713111806939769763974  4.5e-51
249 372.923515454527069911556409699261954657222889779375815  4.7e-51
250 374.199650944546275604002716823681665103906936509282086  4.3e-51
251 375.183325167447268727201706429459151966514690197807269  1.0e-51
252 376.910142482347222688820764477599704915376268914213012  1.7e-51
253 378.485366030556682452015125138493248950545507683078688  2.5e-51
254 379.133570192806657439982700373915143052796521526280512  1.8e-51
255 380.291499446650826959203766295347001328903163007539999  1.4e-51
256 381.670934364399345550394642383575793279686914112130614  4.3e-51
257 382.735773845154572101719380060822630544667573422395082  1.7e-51
258 383.330610096011994360438726872046891511056611219409397  2.6e-51
259 385.454292649275401504363920470227825990369579271805379  7.6e-52
260 386.55091054717802204947622084653416699418430910501905  6.9e-53
261 387.803689933327525977016456937983451969038153578747385  5.0e-51
262 388.939389678554914651415611968116778922673586174732559  6.2e-52
263 390.139296301330629253450327770083478262960962817831165  4.9e-51
264 390.85264757721225794414552596656986274638991866529638  3.7e-54
265 392.263672334082045250774269797406634480178255406636566  4.3e-51
266 393.329782539818148797287371925964637836251314100582688  2.4e-51
267 395.108282525967082888392362706320195983499803705213446  3.8e-51
268 396.059958299254797145390746520764289326685743848324806  4.0e-51
269 397.683354138914894972564272652246415587169573376574464  3.6e-51
270 398.376731639566546878058902830712993468705288596170377  2.6e-51
271 399.294253475946395507416301338960908848061448161562802  1.8e-51
272 400.837915052000304561150167831913478802127862957455893  2.9e-51
273 401.715988765471655466877466402460201349633723964945698  2.0e-51
274 402.905540808391647801090784290270927910536828766510874  3.7e-51
275 404.914695715248131491790542600177121813373489722847424  4.1e-51
276 405.788360032993287234678383784058513412944658380763607  2.7e-51
277 406.659595618200799513351860382349306982342409384668621  9.2e-52
278 408.189888096933827278539948355822073122483855996369585  5.0e-51
279 408.916642092701849095903227160971584012273002028186592  2.4e-51
280 410.209277910751858816714584191977275681818547345105468  2.4e-51
281 411.116552474646382228598771925264325959842243823565747  2.9e-51
282 412.907615407564613466339929274707886548607928817673013  3.4e-51
283 414.416948381421239919644885490151836616226468054488847  3.4e-51
284 414.93040439611937126164383640841039459119690382164788  1.9e-53
285 416.549594736127196539024692180072962506388423139012863  3.5e-51
286 417.504355724839404473144352044234408321163291805441718  1.8e-51
287 418.364395217947754710797090685700660374850002708472149  1.2e-51
288 419.498294382451601593244975625216658045934247420636794  3.8e-51
289 421.107918030129104988662589349225900474540077970201843  2.8e-51
290 422.194139267889748210433222846529682206811229694998342  1.5e-51
291 423.772624963260685489416451898286944569420915232546054  3.9e-51
292 424.926356063215608213324808992909793094678497742249586  3.9e-51
293 425.520636408191064174165807143128118635392149452589467  2.9e-51
294 426.975994157162986421567153195502156206594008285912222  1.8e-51
295 427.878234282358214046290436858521274377375581495852945  4.9e-51
296 429.126152711303413154948879612674007588115634188794784  4.5e-51
297 430.292288905493242204026941989711861327340503972839047  3.1e-51
298 432.147158133781265268520673232277845990066414814427802  1.9e-51
299 432.958752120862555529054447205245757365424005635842254  4.5e-51
300 434.342453684331255276270271088673283208783592633426601  5.6e-52
301 434.831358460793251411357696892298069998824659043406491  1.4e-51
302 436.633939008389836512166938714875103921182129278194998  2.4e-51
303 437.240633747278161858241432067001160031824200377952594  4.0e-51
304 438.224425158721696470847192176889209093501489822661373  2.5e-51
305 440.321387596747618120667682106364011497418371205189167  3.1e-51
306 441.208822826610786790094810333647125677382678292023687  2.6e-51
307 442.372384574964874052396046614471127256362196457412989  8.1e-52
308 443.606860842942265074423895143014487002108773893161777  3.1e-51
309 444.680293102725460135771409686186787039560799142739584  4.0e-51
310 445.422088567653099850225895189507215579220406913669068  2.5e-51
311 446.767324378939407425282345220469715082810555431852605  4.9e-51
312 447.906425254960076339884669450209555828186889191145521  1.2e-51
313 449.557184213544410980700569626106955352783703914391719  9.2e-52
314 450.615416250905289866063555147240022424031136151871912  1.6e-51
315 451.843221514932457883692854281077575904031296306710008  2.4e-51
316 453.066725547017519913930393144438024651513218685932183  2.5e-51
317 453.615470653079551975995846525338300365373957304511531  1.4e-51
318 454.945688553314443583973929159049231529213250926046782  1.5e-51
319 456.346117168353428975653869626648221854148844055653763  2.5e-51
320 457.02172671295922562765248501272643700249491941841109  3.4e-52
321 459.018258658823025168085805549273954757548406932579564  4.4e-51
322 460.160709095494012319639457176496240668049177040932668  1.7e-51
323 460.988498639436401574969913852955656875053079809292154  3.6e-51
324 461.999304996365657649912637389004878404297060128003041  1.2e-51
325 463.604752415830161686946620885863073790409658411226981  6.2e-52
326 463.978674161934301826248203906581892696552743581507087  2.6e-51
327 465.343832911808504883460269605265087860508378021601106  3.9e-51
328 466.726573092334395191121715259220313045422274997621729  1.0e-51
329 468.448664810617903285146233536229142917425993578436854  3.9e-51
330 469.158857398638652962173495364958227223107086295455214  3.8e-51
331 470.287125595125100684337977386985072622301065525361913  2.7e-51
332 471.629920983835146319027080593004510957149037391110797  3.3e-51
333 472.452455387088998906978125973438125487878463170871511  8.4e-52
334 473.387149029716714256761594179564603295855431412030491  9.1e-52
335 474.645084165177704865980747913439299709786145244289717  3.5e-51
336 476.413118601802405953647935012113488121481538393763672  1.6e-51
337 477.086028913591782749672530882398489109365079488035969  1.3e-51
338 479.029199856922667928261582136819525837105542833690787  2.9e-51
339 479.397399750526183171759236270716331426769106421963449  6.2e-52
340 480.644243324570574789364897522930366809778161146685324  4.1e-51
341 481.645003952001618109995177930470171347113886887697088  2.5e-51
342 482.94480025209804394339080260413481082940809327041988  3.5e-52
343 483.794626820110907312254807228120927719989722359862827  3.2e-51
344 485.412781185815016887004068739795631005639279307901437  2.9e-51
345 486.822151673584827330864699080602315348934380980946644  4.0e-51
346 487.83317101194054181336628571126672222707379866528199  2.2e-52
347 488.806150414168675521055063776762712719113642156243782  2.2e-51
348 489.766281039968591131483215542547482213823517941612731  8.2e-52
349 491.070330632694935613431426590717471305896401907982424  4.0e-51
350 492.107637911826084735915933141306263531515768203663707  3.0e-51
351 492.834775780115772511381928993340370610925713755083024  4.1e-51
352 495.013420762541335870801445655657078989420082400132075  4.6e-51
353 495.883345489982397416379320566439216933430750281344961  7.1e-52
354 496.742536079704638600720504943040418222307876726946443  3.3e-51
355 498.351512093400623583538980476309499298146868835741239  9.5e-52
356 498.924013896604644111031155267746572261186443569879068  2.3e-51
357 500.156392642678935729084277859905050910919461829375385  4.6e-51
358 501.012730624682987006665654343475281910151746312267353  3.4e-51
359 502.538024822395659353429281430187680410175256781288589  7.4e-52
360 503.81355318190400314131040618662869834373374568719554  4.7e-52
361 505.22153393777522934356180894777979795684869124353469  4.0e-52
362 506.016591965455964095932847179267657901657854735039038  1.5e-51
363 507.389099012165143410592787192063259187216981121186748  2.2e-51
364 508.203118801749848052937504525893981458659608760509692  1.8e-51
365 509.013551682514763440999332083834832097126629085531808  2.3e-51
366 510.673742477348217920414332089254028977483983332602992  2.3e-51
367 511.348064517479749892578302604747129165871504118788735  4.8e-51
368 513.020293206924361598083130008090460165763083280536689  8.2e-52
369 514.468974953504539586839180920691588181806065996343225  4.9e-51
370 515.304217694276423372325082683519740430077958208916179  1.3e-51
371 516.086082303005710911124900293311207226848300150007446  4.2e-51
372 517.454404967840404669030289703146498887050292477916325  4.6e-51
373 518.679457557755974622997997002575937834152644079426702  1.7e-51
374 519.110018376817718402178288482985874574793859045482975  4.6e-51
375 520.762433719977004835086932351627709458165355047318622  1.8e-51
376 522.273360479460721123035990744622418714927485694637423  3.0e-51
377 523.443104957282595344489520990650275876266392931637897  3.1e-51
378 524.252099457397907823775546128114800611457948515699137  2.6e-51
379 525.474818404341458475460552553765101857402030849897518  2.4e-51
380 526.539841490712079120368052935144861565312299616198638  2.1e-51
381 527.592583496374355447464279465595952389977025067770485  4.8e-51
382 528.262503725704369552207745177192398445357714999556408  1.7e-51
383 530.022610005663320062364376041636563614754244858777392  2.3e-51
384 531.345648371676465151647223570936881790330484135944045  5.0e-51
385 532.232306193381812809812715714407339997314927195738337  2.7e-51
386 533.684664285494274540913934823736931829259337310040399  7.3e-52
387 534.783291041203280181889248371530166648073655841089249  1.3e-51
388 535.077318870912486095674946731381860977274030466948438  2.1e-51
389 536.786232197593843395150149902255766382892558436615159  6.0e-52
390 537.597789665046139158650804457660784715628643580878941  5.2e-52
391 538.823099924830812839686226675365742269448909446494757  3.1e-51
392 540.408352200657747433329824482086843605384624825933803  3.1e-51
393 541.529179678854854510058574439164519558672677771490755  4.6e-51
394 542.71963228007895265933342966578512170728095473276182  2.2e-52
395 543.329992655781523955579652076207978146517087219596873  3.0e-51
396 544.719584417208823211230219215422426066279024676640256  4.1e-51
397 545.540824011993670746307493696655061714512145397835972  1.5e-51
398 546.954129695065786753330699058843229614838005294653661  9.7e-52
399 547.514148936416209113804593970403392004885877280493691  9.7e-52
400 549.886372786412490397090570819726804075230593291035813  2.6e-51
401 550.313229499922876980731814266734369618167867197227268  1.8e-51
402 551.43402042100819336189210197471458168654480378910703  1.2e-52
403 552.725481393912087409760905591985608413989769821384168  2.5e-51
404 553.741671025573612797709785277863403219411590536756046  4.3e-51
405 554.555424845696107536746386730951278859183453719351058  1.5e-51
406 555.568488737556251023371985904575023380070289394280463  3.4e-51
407 557.086266727951441267398694463737815136850971946731663  2.5e-51
408 558.359720208901430917889590424377366686932503273881746  4.1e-51
409 559.561131079213940670561745699386510108338538331399375  4.9e-51
410 560.622316779662239211346771096052567992841672671084138  2.2e-51
411 561.611436619000093977802244107995421929351774363958927  2.8e-51
412 562.776533845126772844606753408896113232799955312471558  1.9e-51
413 563.411234339452158867322898453736576440605109609685305  4.7e-51
414 564.778748738809944795165679415912514438969351291700015  4.5e-51
415 566.002418189854231347854216866909449862918776074115489  1.2e-51
416 567.160114103126412594332341800305454443299182086211711  1.3e-51
417 568.763784211344696507957041667948868781754997183341228  2.1e-51
418 569.660789110011736607640954850014505746589323800465718  2.3e-51
419 570.427235524430137040888954091467620571073144695399539  8.8e-52
420 571.542230489075287111669052633474818259805229912548678  2.3e-51
421 572.864741823437942353906292192964181558712459474537325  4.8e-51
422 573.623631346712463075024704665600233328201386942538634  4.4e-51
423 574.618600594340326186871996213922783226790989019371232  2.2e-51
424 576.666951901819016333881320708297454234538222900883213  3.5e-51
425 577.24136414511257916006048699027945288124542657547139  1.9e-52
426 578.825482442530397314098870471103888270711098348699449  6.1e-52
427 579.252099435005902926961342828195536918679656718756737  2.5e-51
428 580.723462504357296293945348433974227877048144063102377  3.2e-51
429 581.69793066311918502121836517073448741014661859903041  1.8e-52
430 582.421657338902992386048389436048264782660319175899625  4.5e-51
431 583.72832334598344936332877614972946475669536703530219  3.2e-53
432 585.43893096822266366535908287549873664572677716121334  1.5e-52
433 586.325972523772356565589118650658224223937772443315419  8.2e-52
434 587.346965131018433474785915660680378833329759062848508  2.3e-51
435 588.845210659948443766066932931597763142451109837299578  2.2e-51
436 589.452212254776710240857155129372801721650259256930689  9.9e-52
437 590.219773399798776051454556522977797684292048019710843  3.1e-51
438 591.847627587938688320750760259585431191645316606563905  5.0e-51
439 592.511309365792043007192180981537844231846219873560402  1.7e-51
440 594.046423506128628118505673980751670777809581865904633  3.2e-51
441 595.387834857776762596371916397059765379357466699758881  6.2e-52
442 596.568630639425027049182834147187291109611872837684905  4.8e-51
443 597.263172526403165473254201258653656110787014935584331  1.3e-51
444 598.519454121500664471652885693122891768336940036846472  1.9e-51
445 599.282929959168132733712738382326880692437094233169952  1.7e-51
446 600.685631544981070111492013290328086626326612352783349  7.2e-52
447 601.391687694954436258074368435155083150180815243104397  3.2e-51
448 602.779414218564524861220711313464547252402663689493181  9.2e-52
449 604.537000360229743738301924030715533460623657027782546  4.5e-51
450 605.308202695636735685539220762570024748521270120899862  2.5e-51
451 606.018025539515053100643534733007944335613491984112586  4.0e-51
452 607.477809770659357773331272579129175220103287220451115  5.0e-51
453 608.530187997921104356532364510322259404605760419442385  4.8e-51
454 609.11081886265746736617376351678724459637157413971728  3.5e-53
455 610.326116098071416596627520807638141256206699125105629  9.2e-52
456 611.820501729725167865958190267874977406444691855138516  4.1e-51
457 613.167410674017995456098418164191824573699036145235358  1.7e-51
458 613.977779735101373008231378083873053552807642049699138  1.8e-51
459 615.462489157591766109816826330142046622758795642830853  3.0e-51
460 616.030328592409851251558842498096337955854803260778959  8.0e-52
461 617.263806307950576424324342261003029484446467503992499  8.2e-52
462 618.182155124340739968061422986128483159062710554842725  4.9e-51
463 619.116880045285704271041977195718074501407882503526831  1.4e-51
464 620.736877815444594870490125555257814863270879378502256  3.9e-51
465 621.614733023461645645777467161524158396291487227326865  4.5e-51
466 623.233523147616334092189033679597222052037292422877052  1.6e-51
467 624.066579868533808454415099801678401261979237130419506  3.6e-51
468 625.075156432220442385911961037281160669751774547618774  4.2e-51
469 625.821347603969311733181033733986450334482884547445694  3.9e-51
470 627.214045958123546704706862994218906606729232182025549  5.3e-52
471 628.275647567350861562709100384543475654642656160476772  1.7e-51
472 628.8509939046310056774871390782921309762136173167809  4.7e-52
473 630.915168045348839195847807604639824031021223345000604  3.5e-51
474 631.843928374152751036837903456701277069156187709954964  4.1e-51
475 632.803827109015988987562403320437592750229603820387803  3.5e-51
476 633.915155498246697583018477271768572230666101604843278  2.2e-51
477 634.836787585134937112103894328190381560993864219886894  4.3e-51
478 636.014122092764851842946297249344217838190428361036953  3.1e-51
479 636.839451169979404814277780298605110915725274900886554  4.3e-51
480 637.835216241055313123782617595402844145138269256861116  3.9e-51
481 639.534953631077088098547761806678844728256949428288653  3.2e-51
482 640.860142524389842832319700289559830682081225762239462  2.1e-51
483 641.314227398036649049659554591718369862286261623111762  1.7e-51
484 642.935319325409972190407793763260271755830532333863269  1.1e-51
485 643.708609035734773935454352060555012175457805412396378  1.7e-51
486 644.688621108691147188416161389692483249094153052467013  2.8e-51
487 645.434227774935313279676935013542861394139334146146653  3.2e-51
488 647.12870697886687459854712573740854082879610182705998  6.6e-53
489 647.772009875597756721893610365588853728365493390939646  3.8e-51
490 649.532560699384283476013173235592157305017635692453737  3.1e-51
491 650.482832441036249268193382972380337596889066584717741  8.6e-52
492 651.564652637213135818789668003139458555836600187217374  4.2e-51
493 652.431415867858909689584569344785255167856424997091145  4.9e-51
494 653.390960472660414468697614669883092893434395991323083  3.4e-51
495 654.60488332602694902183599951606912047775022093461303  5.1e-53
496 655.4721564066804599596613779243986471254778162392969  2.0e-52
497 656.652317302063756334851220173602947658014586636886137  3.1e-51
498 658.113022202318816186650456552737593265714568954410742  1.9e-51
499 659.481616422705837420329204215618570265180542547660157  3.1e-51
500 660.304736630778720179018245129815842468913879715516414  4.0e-51
# summary: 500 zeros, 0 miss(es) at 50dp, worst |geo-ref| = 5.0e-51 at #16
