# Geometric reproduction of L4_chi5quad_q5: 500 zeros to 50 decimals
# method: pi/3 helix -- placement (sqrt-n radius -> amplitude), running count-residual
#         amplitude A(N)-m, log-projection to 1D, phasor cancellation, cone+discreteness
#         continuation.  constants from mp.pi, dps=60.  NO gamma, NO functional equation.
# compared against zeros_500x50/L4_chi5quad_q5.txt (independent Hurwitz+Hardy-Z, 50dp)
# columns: index  geometric_ordinate  |geometric - reference|
1 6.64845334472771471612327845997931784729858542324449837  1.6e-51
2 9.83144443288666961634832134745844382188813289401550743  2.6e-51
3 11.9588456260835145302656586882628418172931127657232877  2.3e-51
4 16.0338211283842356745932537822480835087493037113937635  3.5e-51
5 17.5669942923255552027015952681444864034852408955084688  1.2e-51
6 19.5407326227847502503786900229985534855264934450071564  3.6e-51
7 22.2274054544594109118776249630814733652806426405601871  2.9e-51
8 24.588466217408195207656269976081979066247857188503257  3.0e-51
9 26.7760959480041401165235749652709485862893700961007207  7.5e-52
10 28.4610351001775224751869782723252562712007346745286504  4.0e-52
11 29.7079093504809655692309865186573136059701964324184799  1.1e-52
12 33.0004560068705143679497591772119373173765008046312383  1.7e-51
13 34.7288129789048086741437298339813791365640079920789748  4.8e-51
14 35.8686383718122745945950486388764263333841817255626366  3.4e-51
15 38.129184721436531850151418270372918926216187170437542  2.0e-51
16 39.5605729464031817050550950599547984255668252046463818  1.8e-51
17 41.8424385457916943085093068853129331467852269369484975  2.5e-51
18 44.0312900614416950447009080584249225147564419789719281  1.9e-51
19 45.4273000827822893888415619096097206499658748404533132  3.2e-51
20 46.4927271594914053453391993516758336732638265288737318  1.8e-51
21 48.3456618210678461765482013044934869299452158856266547  4.7e-51
22 51.0877519267464913552582572041312455139318227645988749  4.9e-51
23 52.125902231316974188604130695930300524969293830813142  2.0e-51
24 53.830445195442163351054269022338568937339170713109887  3.0e-51
25 55.5892803354048101509645889984929706666337567794459319  1.9e-51
26 56.8388659428909884623817010879796258737875028234216407  6.7e-52
27 58.386117485358380826793925742317062296785252761744412  2.0e-51
28 61.1388647519217451090954639155724254561875651955244836  3.6e-51
29 62.1329047202338779340715294403835431366719775622742084  1.6e-51
30 63.7095430609811467717984948363356802463207299130380895  5.4e-52
31 64.6373596653745741010885899575144691696144183408715419  1.9e-51
32 66.747641845937807830433496332522277799056278904231711  1.0e-51
33 68.5907279248250065408335150680309709943093720683879992  7.6e-52
34 70.115837159193504702254162003288501122534880816675087  3.0e-51
35 71.6059594792430171994772273812924876506748377758705012  1.2e-51
36 73.3501054314682593249864813096874635923800802061286106  5.5e-52
37 74.2936884380165684175639195733237467526561626493885884  1.6e-51
38 75.534904117228113405345989547687724838297800656054993  3.0e-51
39 78.0721708643823371940514318236728028560732743773544097  3.0e-52
40 79.7860624900979391063715712431716176312618693411057189  1.1e-51
41 80.5673008564106982613737576776618676419722945008591197  2.8e-52
42 81.9233808931541153119679895539059141955197907521603878  2.2e-51
43 83.6991570018741131628832883922400556764807124102998394  5.8e-52
44 84.9525071037549736618469046604851138662248140867039611  1.1e-51
45 86.8099966793387704969624538241238655391073061227029126  2.6e-51
46 88.281776599709835593621908069365568911371943199556448  2.0e-51
47 90.3765731821281568029632662985527866363457515355704417  1.7e-51
48 90.7155259331469749772690520216134607657110098351580054  4.6e-51
49 92.4502432537744032226566516099401665326256516373426918  1.8e-51
50 93.39442393782801740098264609244814545605289155912428  3.6e-53
51 95.9700016460377069398327062316809148503443621986621409  9.1e-52
52 97.3315882528980715905828812396279936633444568796335765  3.5e-51
53 98.2274578699010770770615471965620233277935477341653913  1.3e-51
54 99.8380508075365498924581787404437273230947186618732077  2.3e-51
55 101.18771709691861068798936736486157798563039567871294  4.9e-52
56 102.605287941050010591901633809724419996633477404692476  3.8e-51
57 103.666131079767762974789149454893106495105111104999524  4.3e-51
58 105.973193797758786129718375039431765583908962367324243  2.8e-51
59 107.297103637525957524010945723633067260354593627006474  3.8e-51
60 108.498106624261598360137777286991364607656852067514212  2.4e-51
61 109.550258607184127243953541511952809619619506116225483  3.4e-51
62 110.636197672627851837247382919747415759871894349341975  4.5e-51
63 112.615769945049452560342047763125657328490400173241255  4.7e-51
64 114.230639872381952420523625911586471563475277323285778  1.5e-51
65 115.57841398237707314928646749077529766445873540741111  1.9e-52
66 116.635671759783799286071661624438029042085040087674274  4.2e-51
67 118.371162306355262151930451955047463991485654905600342  2.2e-51
68 119.561491625880003001464028465417482452029175435405884  4.4e-51
69 120.281734191852757992963398789343339590699134540317273  2.7e-51
70 122.061632283894143636646006997031245916732904960909314  4.1e-51
71 124.242837148950357445628046243153938136639207462042733  3.4e-51
72 125.281536169054478684995962932992257900463331500442141  1.4e-51
73 126.39869937842457311379913037576750041321927004082447  4.2e-52
74 127.320634828115235116604043108388415311128844367740519  1.1e-51
75 129.048300094320895132905399701816149380734003766617289  7.6e-52
76 130.197038266857747873834624489413661719621866697315914  3.8e-51
77 132.086005303117521759381881198822099312422691919727388  1.9e-51
78 133.030228388331944400731602311837997322620250437634445  4.7e-51
79 134.92496389411156063063893544614405632127169295028992  2.2e-52
80 135.874497690098383152915494287936203803312441325563359  1.3e-51
81 137.201083466840630171683099665381107182206689385237205  4.8e-51
82 138.035699031304902004274961906548272958585781623553323  2.9e-51
83 139.410599595145732866729669999073580990083348790855128  1.8e-51
84 141.946240551604912807834613676413863207993080459533243  3.2e-51
85 142.524512432987751649913808702377553311453988617669058  1.8e-51
86 143.961591123287324967970026094698927550071538727789345  4.7e-51
87 144.948327613261709671668458385750023057540481366905988  2.2e-51
88 146.384809609109423362371781828636478673089207329936817  3.0e-51
89 147.879729103182464700155535592628459127689397474711679  7.5e-52
90 148.679137698927282878065587153148915603091841683104859  5.6e-52
91 150.562510671158268467883122418007343662624703488550888  2.3e-51
92 152.114748550115403093041234328873920427076833996373918  2.0e-51
93 153.287410499429331460224772051539322404204263796072466  4.0e-51
94 154.490715695516363638460475369653383889994885656042761  1.1e-51
95 155.242079999055819896999792803557676304381520286003992  2.3e-51
96 156.499728543941489991304030965370454490821862606914549  6.7e-52
97 158.400027041824644247981280319648992064507037588518494  3.6e-51
98 159.872777573313623591606334175888492362232380291426981  1.0e-51
99 161.246217561694090604166071374886148571627748484543558  2.3e-51
100 161.767662597234659130786911875894587458523955638054923  3.3e-51
101 163.757673728310840627696978079425436852330612976759354  4.4e-51
102 164.612009393175645422990754334681992574508610583803437  3.3e-51
103 165.784913265571215665865636961864511041623894558578007  3.5e-51
104 166.898407662787873537191066839437627781274479440382418  2.0e-51
105 168.854215261519156650032415011927684439378097530177923  3.3e-51
106 170.432961762756210660062692482864748143547968683302255  4.5e-51
107 171.343591376724534856427392966737360613210333244394324  4.1e-51
108 172.110972629646006891646207463753586173593709918492858  1.9e-51
109 173.559435026592136147180458973635317259413933706376494  3.6e-51
110 174.638725563425054826006026969494021063011706903650652  1.9e-51
111 176.356041320938204158753979144036211635249468180877419  5.1e-52
112 177.725942057748002780848363114057501196019397712978788  1.8e-51
113 178.792864986560001130403435038093178695328201783429019  6.3e-52
114 180.242935135514055278340534965889375277899568671153012  2.1e-51
115 181.569041019801406742465923670250759968310671975143211  9.7e-52
116 182.38368476723031536501400072740535163398104955694883  3.6e-53
117 183.79777318558097268563775758444671291419997153768644  2.6e-52
118 184.362831326647280330674729247777010487400848428045636  3.7e-51
119 186.896060680227113480448339988740251159659981194635412  1.6e-51
120 187.945025987423115986736424180997224065156896542447679  9.9e-52
121 188.959468674629942967902415753400340751267317686960638  2.1e-51
122 190.139596763393210257669345619604545401587646592675574  3.6e-51
123 190.970222276112091721741669319551472079226382496802581  1.4e-51
124 192.823075408235112495240310710092473390382547785454212  1.6e-51
125 193.536678639432846476272950136795850886401093775596335  5.0e-51
126 195.096814688640289306380593085506819860501196841307366  3.9e-51
127 196.540764562449672670187337465292796793745853243287498  2.2e-51
128 197.861009507723667715213980798140600033772493327197511  1.2e-51
129 199.091021706241259055319998002399382045066853656300486  3.8e-51
130 200.245440845425004112751618055056074757345533582999529  8.7e-52
131 200.754060140183085448583059687397182032203106555115108  1.9e-51
132 202.194951442884114929637357214108337955321943658758239  9.2e-52
133 203.843901944959304670479058663838459575282573051591481  5.6e-52
134 205.746176520452583297784829008858542708540846710146028  2.1e-51
135 206.161410093047104992932726098384052645627483882511304  4.3e-51
136 207.457680078971745459294137919114871962898010011495854  3.6e-51
137 208.6257624071707186435904203396570386255936601565172  7.8e-53
138 210.301886303525396353978324024549037361726358147903005  4.9e-51
139 210.677462194503665330353697460200583113729899655834389  6.9e-52
140 212.231446511686339939547048867708296241997313394289177  3.2e-51
141 213.520874140782610706424829262301818477626241240269749  1.2e-51
142 215.446451451193338957487799749606578976701944567365573  3.0e-51
143 216.340034149343129061693436552779025937712594416723659  1.3e-51
144 217.198333964942430327675975111935197387073086682680867  2.5e-51
145 218.446883100058282804937792552101484711281552786130794  4.0e-51
146 219.262090216380399108130297257770705742012477615494773  2.8e-51
147 220.787388392618837598281556025843801853764294277189212  1.9e-51
148 222.466954263669027274298787108965675029227710776542697  2.9e-51
149 223.525174845899793278811187592023915682696331461488676  4.3e-51
150 224.590569554740225028072524857584159637648800338975525  4.8e-51
151 225.952817446017542001870962805598002879620487582852354  4.0e-51
152 227.05061523968700753432321243769030912063513950631482  3.6e-53
153 228.270260668310517100613143916096390964849572762377004  3.7e-51
154 229.129341118777631851818231929315182679854326924308975  4.7e-51
155 230.065546722249999496033551222703495768551513814460993  3.1e-51
156 232.350413570317010625181361150192928517400398847901005  4.6e-51
157 233.278935916985095052852985918064427212146484640342331  1.1e-51
158 234.58512342361590035792507399723247569695919096151719  3.8e-52
159 235.278144084971908972346791657660971598526304719096921  8.1e-52
160 236.319465106213363289779746125900170621236997927494764  3.7e-51
161 237.750245985949309140994752833548690927124794198206166  4.4e-51
162 239.018439318410971616286098389468054260890823713955455  4.8e-51
163 240.079238596913390603603687529904592702107274639439997  3.1e-51
164 241.829538192098110806303658984641219227833521771764485  4.5e-51
165 242.4714484372455424871326046814432313933150408236493  3.3e-52
166 244.278139951323097920434460003882781930767267813860076  3.8e-51
167 245.0931465421787144819401091282678929577774107066029  2.3e-52
168 245.941446142144094363289441367919329827660641250725195  5.0e-51
169 247.049201975238064138698010943607341680569097597692294  4.4e-51
170 248.192591633949119611921274560886010680615586611864153  3.3e-51
171 250.256781270471810351468696437609464392103793649736864  4.1e-51
172 251.241202786162578959882943847249840705432154073231284  4.3e-51
173 252.442642867497015426968484834532050997082086343364924  3.6e-51
174 252.878345551652026118099284972636461602248350228237193  2.6e-51
175 254.699542811091032063491722383141908580693444799540391  7.8e-52
176 255.481714351875867647748834266029661078434690062259969  5.8e-52
177 256.795096008260922998970114491219200382252289386696022  2.0e-51
178 257.827041964535037875262387288669807378853954791878845  4.7e-51
179 259.225508443732881567283099121172536967229555509956223  3.1e-51
180 260.901556909169684900573937953787530085958956401243021  1.1e-51
181 261.83584724328348968320880386341006543655817365367045  3.7e-52
182 262.725396395690789981803653759359593624470014493876358  1.7e-51
183 263.939032865330407922770810873534256329290620017150003  3.2e-51
184 264.589516593874865797137543017366170612025083980391062  1.8e-51
185 266.018355838781114110647190662798781395068393391587252  1.6e-51
186 267.866741832044088302997788410733109463076809031725188  2.1e-51
187 268.768973015473327979921903025103117281686617519919021  1.3e-51
188 269.920019932157307024466616306720807592458382795330679  6.3e-52
189 270.976625227904963719660966238622336512336663227439063  3.3e-51
190 272.112902814957966228171091068269680100675894636894004  4.2e-51
191 273.510956389849393696295483165223162558112207658614493  2.7e-51
192 274.294856491739746374746702274989081978409597381044735  4.9e-51
193 275.085546418044933360354231364802674357425961190981587  2.8e-51
194 276.844120467451332640765941527286723682156963566951436  4.5e-51
195 278.525944666536217648822001052311485164015184933456988  1.9e-51
196 279.301734724184023177696448475931101760968990760824387  2.9e-51
197 280.495877666932597219929414521787445461787457593012004  4.3e-51
198 281.260035209496196345078553350425172225290526826241251  1.3e-51
199 282.170046555628585990119492091575451049551195272775366  4.3e-51
200 283.934605185006931559821153646791353219299916182510378  2.4e-51
201 284.614160744266272345985237920602043269754795706034031  1.3e-51
202 286.569371563227234217912474921553026961949858365391071  7.5e-52
203 287.122882957618102886713448606829422213683167768265868  2.1e-51
204 288.495107861390530363617690660716019079004148214666815  4.7e-51
205 289.896520866949990003702868412398741534384307863220088  1.8e-51
206 290.738784962433150965397992640450830231541537469872888  2.3e-51
207 291.684640555767419162806927682751929144370360771687665  4.9e-51
208 292.632341445982208306388407525774631111646974995383214  3.5e-51
209 293.853784417668698003413966991560865354666548775045837  2.8e-51
210 295.797056425832673546041368674328874225754268237995988  2.3e-51
211 297.105503126143599311117208993837784334875398698675993  2.9e-51
212 297.387221347929906407561632163389139810638411390014693  2.6e-51
213 298.752697401443224811251611876592126319584046105579683  3.3e-51
214 299.766703022654595274547658703432250588147252665154814  3.5e-51
215 300.999842876080292197640675266624503197438089203408059  9.8e-52
216 302.128471244480424301264354765094768997061292192875882  1.7e-51
217 303.260870220955034297747281697244105202502893045374598  2.0e-51
218 304.461290831205015761657469664095096363376909363659752  1.6e-51
219 305.999714987220243395667978445257288950305756409009246  3.6e-51
220 307.013539187500978319523960114194752158848080028923549  1.3e-51
221 308.192623933199928200378436721468693876547498295593075  4.6e-51
222 308.829120788312335144918732604850041254738929589423011  1.5e-51
223 310.232466361503744402873221529708730578598224807041924  4.3e-51
224 310.590034607702822577890423112969256074655641869329295  4.9e-51
225 312.830127982244489671149317238023756202326744322078576  4.0e-51
226 313.861323105225792972023634832668481655163072720452249  7.2e-52
227 315.037263592568763958764069541633504152859631355926557  2.6e-51
228 315.963667983872051954935213136604433135591200996321619  5.1e-52
229 316.806596971345580322325769903173783351243400847719882  2.0e-51
230 318.444761629091284905833134894118942891431637688652045  4.7e-51
231 319.181052542242400165836982339518973515412944805807806  3.9e-51
232 320.240013459472615702298161189214792906392952464881905  5.0e-51
233 321.213994841737139858334450543330126081324135427443667  3.2e-51
234 323.06610080445533490332109713637425887883686925627417  1.6e-52
235 324.066774852577571367023829379914153563654470021686182  1.9e-51
236 325.543398101021079526651537855331387929187749661721105  4.8e-51
237 325.97304355573032369641993194115450399389121726215706  4.1e-52
238 326.910391695270746611101481311233951891770428077134656  3.8e-51
239 328.168321637972306758703969286836855869577171789221326  4.0e-51
240 329.298062232463874022714332039788193817413531459919519  1.2e-51
241 330.711706206325300631993526399358963006999646497823051  6.7e-52
242 332.158234769759323118354131099266376896374552510491742  2.4e-51
243 332.829845358703017615878579207145827109804108173006393  3.3e-51
244 333.994627357536120317864230065659266437499234460657537  3.5e-51
245 335.452689871579914900970478078292846058147922728179482  1.7e-51
246 336.262717770054846687535885514533034504079722146641066  4.3e-51
247 337.161684690634582861393186534388017201735292247700045  4.9e-51
248 338.287893368691405443698690222894324118563436538367219  8.3e-52
249 339.178022250610975900296482563256986655417529286293447  3.4e-51
250 341.260136091063159104374410583940752410702026379079269  1.0e-51
251 342.424851633868833107757233734978405001195215250023164  4.5e-51
252 342.827584986327250929760733517303294872644769414664058  1.5e-51
253 344.238183749043073073532245432291204288986184620776842  1.9e-51
254 344.925819771561352802388182964575344769829783628578653  3.3e-51
255 346.17575948702342920952978995331255829194797852106231  1.7e-52
256 347.491887628707626054867941355878971116465006588684773  3.4e-51
257 348.451746214332451665187624913623704054354016416603477  3.2e-51
258 349.812859184196555663125290465184794300212951266267851  1.4e-51
259 350.862683200425783715696133364249347995772575941618937  2.7e-51
260 352.386508648563378691567707586630714649087946175086777  2.5e-51
261 352.96804513933289139168707281313277452390618802369723  3.1e-53
262 354.419296586507030400716373222251658172321635582129662  1.7e-51
263 355.084402872705624750860404161590995188283005692104013  3.3e-51
264 355.73405208827283378432151760937556153576347489048483  2.1e-52
265 357.410192222672197904241207065595479102912527158782286  4.0e-51
266 359.035631100746603345899786064512153570010470897053814  4.4e-51
267 360.00156887826785586068895885526326446177688572277739  4.9e-52
268 360.990942354622748695640314190342404012309270463540317  2.6e-51
269 361.802907373783018522255305578913357245179826206577457  3.0e-51
270 362.888881768401950098816279238438749972770213683456232  1.6e-51
271 364.347659790645260094631350320226871716846432088580196  4.5e-51
272 365.155920460627458194457390110444185259502772397743743  2.7e-51
273 365.955707062708759700140130074988786652152233290022439  8.5e-52
274 367.609213762311801276338417357098655824505769089150382  2.4e-51
275 368.621960947677035554703601047652685336704276845124671  7.0e-52
276 370.452399681653427271901144367511100302832061663019561  1.3e-51
277 370.65464570463808333307820738792003985941103738059734  8.8e-53
278 372.053220727152828153329028898000164961569536572043231  1.2e-51
279 372.565481248511184492298566440095725206889131329339216  4.4e-51
280 373.888400974104731327203102356605244536104310667584391  8.9e-52
281 374.957882755801456528626997005051316658290282706266337  3.2e-51
282 376.661965624093632338386053927656445794175900677057234  3.7e-51
283 377.695626851471923793748251222724854018991520985051503  3.5e-51
284 378.531434358215708671456086358827785212363829111651136  4.0e-51
285 379.520916881163158410690402312677621504558763971856685  4.6e-51
286 381.083446401647268912525095198702431065997930267912943  3.5e-51
287 381.612627330347526448032026068803360548672190640182777  3.4e-51
288 382.900914097507335590197478022197681461568695728691929  6.6e-52
289 383.746751145069773588078393349354170529472585892360023  3.3e-51
290 384.672325084452672044538717117013782069867462437223727  3.3e-51
291 386.801969081307599810842694031982956677508591880170533  3.4e-51
292 387.531958092526833944370658929107840636041225217767291  1.2e-51
293 388.626656578723117185127631969377657085271021923336779  5.7e-52
294 389.464508963665839555551740489386584504895862275639058  2.0e-51
295 390.381434921210493508636834100692817253574815989357256  4.2e-51
296 391.408196134810137634909060321398164602518026522488428  2.5e-51
297 392.703763383928799132897745501225725210549253109399277  3.4e-51
298 394.000787282428645773494358482014562849164864493698496  4.0e-51
299 394.890255146521153826542742628214346285280182089329756  3.8e-51
300 396.438918531345905088142839545485932942011651974165944  4.0e-51
301 397.043354077526865480358034401754951902131821486886189  1.3e-51
302 398.487716553577335017807885671100448350187862712913851  6.4e-52
303 399.606322305045749473467929950859186425850788383754041  6.6e-52
304 400.127321866913734073776863607911210229157439417073433  2.5e-51
305 401.239516726426584532329401889160225506093564326142291  6.5e-52
306 402.125005668304412800284708115878378831207663422782737  3.1e-51
307 404.072987993004432370889853937939930353734479776247315  4.7e-51
308 405.073039075710356884787135552060602369259108574066982  1.9e-51
309 406.236721114772998428725032835838553502728407716121479  6.8e-52
310 406.901364734948343995946684711851163590990114527088356  4.3e-51
311 407.73287822812662151086406662929926926342157527774593  3.9e-52
312 409.163532112125180472549968965852453222548665314801805  4.8e-51
313 410.299063692331849088742838166123275368428469562283923  3.0e-51
314 410.914641976178241026266651221040260283720661277902111  1.5e-51
315 412.460536646608412606015994794431760671184629547204277  2.9e-51
316 413.429903523334877642651588599030550410121688354091461  1.1e-51
317 414.811020219470012136363290060802677255948456069636175  4.8e-51
318 416.054589607268213246222475420556863192470065401949178  1.8e-51
319 416.8099165347096647143538304011121288438090113656612  3.9e-52
320 417.578050743931075432900811039697600046007148587259326  4.5e-51
321 418.779490116590253562671926933098244011566450606470832  2.3e-51
322 419.446737221368624834056339976626327644745298015611331  1.3e-51
323 421.020094498176070733613993455417501108070044938163357  3.0e-51
324 422.677571644853356416346282472337458093758296281251009  1.3e-51
325 423.376822068572298944805768071760009901416955571989135  4.8e-51
326 424.129602404893997487300809716275448672278640453866992  2.0e-51
327 425.550962972462157982771386002712877956072507110236964  3.8e-51
328 426.298350797166929645151181799608617289153080663623113  2.8e-51
329 427.625033611389473279296652510751070376854695331806574  4.4e-51
330 428.55328135768563513722815898288761328843734902320097  8.2e-53
331 429.251912095019002489676281731275503089448757070469797  2.7e-51
332 430.575700070827448727050250260033012640792283330504203  2.9e-51
333 432.271991299482957777472273181473232408020068302276802  2.4e-51
334 433.271187016606915234682481111470835103281126090403351  5.3e-52
335 434.057124624243981759899061406861714424380882164582082  1.6e-51
336 435.084539181413536985798644102878571971999145005891783  3.2e-51
337 436.07702062219040912604695989964409773926076556423137  3.6e-52
338 436.594730309550934701649625019159359966352621486129977  2.5e-51
339 438.466089763033949556211217998168530182526091255555402  2.3e-51
340 439.169028446993789250341379478295618864976829225191821  1.5e-51
341 440.800452861120618459975697462975022800810029437532843  3.2e-51
342 441.522609011439255495202131797886604680019148164289158  2.5e-51
343 442.581654897648777012826322213984837891982883040310817  2.8e-51
344 443.751628663565618476232749129497900561115069127159986  4.0e-51
345 444.966022621647796721527249688070895686095178150337514  3.7e-51
346 445.654945792384094485849521200700139913458130088317795  4.5e-51
347 446.504734903551880618161464356629678552501940793773654  4.0e-51
348 447.50451371906256750858190963588198343819770458448023  3.9e-52
349 449.106489685532473987538416236715291634117489494733834  4.5e-51
350 450.578671195274061473294175934850398343578885164215804  4.0e-51
351 451.352032589327006434792610390702531936473366787450393  3.1e-51
352 452.391022678046898094736619598173479407251282250644287  2.6e-51
353 452.850164433836007075937249715335098668779097345549781  9.3e-52
354 454.283920978954828251213031635405360104950067589249478  1.6e-51
355 455.324849755285217698299002246142753311300293445190102  1.7e-51
356 456.280673551577758123043939812306968122187481974652645  4.6e-51
357 457.54301301691494401850347816830418039628675349765239  4.3e-52
358 458.657791913189562659083142265662491428572947608192129  8.1e-52
359 459.696272341301130318081177281674924433031310440356519  1.5e-51
360 461.063988250662988438944413870399075055290849373869081  1.3e-51
361 462.036637359335303429904558043474295839450817752347567  2.9e-51
362 462.741318521619869592943474688025552358098980899936213  3.1e-51
363 463.729327362574272828146916480026702122441427815962097  3.2e-51
364 464.759967194221319457761855222835215714229889212325225  4.7e-51
365 465.494974741247816303749448834824458206290448772428732  2.0e-51
366 467.788367576152435938074455931237531036596484602784577  2.7e-51
367 468.192298278140766726599080637581537082654566015698434  4.1e-51
368 469.389540666031045890187580428711629994601722199713949  8.5e-52
369 470.375167252536166445950923380508257543667800964963389  6.7e-52
370 471.065700138049364734479463834922930636744240304114227  3.2e-51
371 472.601842243805778760155985581719293106822806390376974  4.3e-51
372 473.230976293853741747457906733926287282875040634144849  1.1e-51
373 474.740823437155817598205232669701334679096888985320034  4.2e-51
374 474.939020706869913151364829673013214119571207719059951  1.4e-51
375 476.784891341640823055726504829223690404217696071917899  1.3e-51
376 478.099738958549530686432020676901548474696541853970161  1.4e-51
377 478.895275247457601708511431105149645394627684975775598  2.1e-51
378 480.063897598003308741032529105422779016415209277290579  1.1e-51
379 480.918666024480984462796962291885768655141277029415888  2.1e-51
380 481.404620124724623786698064572646689531561795438801299  1.2e-51
381 482.734160193994978293638028975398176058403794565842119  8.5e-52
382 483.942299254666892567199408484749973679995173958913187  3.2e-51
383 485.302136037569909489786810408200738548177175440788815  4.5e-51
384 486.351945181306646462276316065774876333629918139675422  1.8e-51
385 487.49404228985904701493141700714874836445881508682989  2.1e-52
386 487.947451479318369799153450315643510343083418118392538  2.0e-51
387 489.524506106633979486648574227634925495701796460359938  2.4e-51
388 490.489498941665475589967556345687720422064821284280276  3.7e-51
389 491.299234558462568774732446128533700427522536130694306  3.9e-51
390 492.096214125701104990208116261008930431911043875267706  4.0e-51
391 493.23452301679862136730734655932812417955566715723771  2.6e-52
392 494.62154511255818464065019675412863575803352233103958  3.9e-52
393 496.232376628578716685246884655565524132041864100696839  1.2e-51
394 496.938616046221672837711503634735227782678208561519723  2.9e-51
395 497.59985109463326646506741681391210656111504261476176  1.7e-52
396 498.743118701883422104767246427606982898947927729501073  3.1e-51
397 499.520892556017558126499807805397815816220294367204997  2.6e-51
398 500.779473169722596092519910821458186985112754143069974  3.7e-51
399 501.799331244063714833202519671487790945825476211518486  4.4e-51
400 503.010482029007716859718463646720412539351426723706256  4.1e-51
401 504.307272020167497361797682563652884975583126633898422  1.6e-51
402 504.854914892319564009700467578076305177093279756018384  4.2e-51
403 506.547036564130498143532840719071103223862948966597068  2.0e-51
404 507.233863906981007400973785057943486665960675815943995  4.9e-51
405 508.142265263519239449743882690209303426975173919991525  4.6e-51
406 509.462755063871611560098679346076843599804348359110779  9.8e-52
407 509.730617534435632578398727842884831927439955858475112  2.4e-51
408 510.881679146164816550392431247258775216712518567497043  3.0e-51
409 512.739723344602197624744063815844231615610737850129899  1.4e-51
410 513.838826458100960672069702389494422878301979160310046  4.3e-51
411 514.66467096780397823118821035875596040434036457954124  3.0e-52
412 515.462115956306568736987005309517775910969851515495027  3.2e-51
413 516.645408988522888779249292055990975766735909243548525  4.7e-51
414 517.249066065305927277380416770787818908388438738489269  1.0e-51
415 518.861241429325347248726722761985009107653376115252775  4.9e-51
416 519.571966992646052579461476379143591201955322812882136  4.0e-51
417 520.408329517843237824515994754182908202979834254721747  2.6e-51
418 521.869349047351118384465418741478023167125294218907505  5.0e-51
419 523.031946158332865975987448021730074878283799535938547  3.4e-51
420 524.065589875091571900170888903476880374703555327872436  3.9e-51
421 525.315728612908195717482955535269232514198591822890502  2.4e-51
422 525.876811278845015012817071210002672745666721741119712  1.6e-51
423 526.812987781964941102846782424373509193107056692018132  2.0e-51
424 527.62130809775831694488903860063258404799532759866127  2.7e-52
425 528.83461764556924521416461874234442013634280289529446  4.7e-52
426 530.233597797949824844478933526068539110500950919628652  1.7e-51
427 531.487187486672174736190929570052840008695508216946732  2.2e-51
428 532.509796397364026649145980198544703393515727967841622  1.9e-51
429 533.070487050301615075025404502768508404760243795409218  1.9e-51
430 534.166562671671553851772697219722210984717354867773846  3.8e-51
431 535.521565999069594164023611996486165758601965606522638  2.4e-51
432 536.44240420912203940722412307991946808609753119521076  3.3e-52
433 536.942199446388810760833800662734842251537603299440874  4.1e-51
434 538.430235667014642183085501011243270990344997408208011  9.7e-52
435 539.008806759640694218158374325390915526250467387795723  3.1e-51
436 540.978185512689552095471920157288110632987492938497628  2.0e-51
437 541.782409028113643204509650816385867891070294033286111  1.1e-51
438 542.932301333853363237265322148611358711164287834899742  2.3e-51
439 543.414346675526102734078854853060189999078268896597994  3.9e-51
440 544.453102059226642307363573192479237279592848710425801  9.9e-52
441 545.498852880581329346715733208974335317475094562912959  1.4e-51
442 546.394678018547645617594990937352610615289787716904313  2.6e-51
443 547.798648491132088825302906894103815869428721344294772  1.6e-51
444 549.073710701793911667217665246701517885227120988999627  2.9e-51
445 549.682620637458428345252781126113995184047153582690547  3.3e-51
446 551.087889881390620975709356473393977870072407313124704  4.3e-51
447 551.844239812611886603637185579808131334851373864274823  3.4e-51
448 553.119803129223612961912191751916164035215676826021454  4.4e-51
449 553.945281286983541696945219205069370782765538029821919  1.4e-51
450 554.843842765896350594938006549600940865240837603141195  4.5e-51
451 555.634808512070074600864261000413933956851494978603211  6.8e-52
452 556.58239668948802021553369150641193265082984516136747  4.9e-53
453 558.68579059815358379361877041605779008302137413313812  2.2e-52
454 559.181716741267095886537881564210291566746520651394848  2.1e-51
455 560.405630694093038244590831615771373305442639206798576  4.3e-51
456 561.217141292406835472643209149274617849609430503796443  2.9e-51
457 561.955244420755032307103829244404017799937481035008273  3.2e-51
458 562.938694321524932224768861088547488553454589508855349  5.2e-52
459 564.439427220999599722313267404790295122759125152822754  3.7e-51
460 565.029030198660965859866288668920123413173307174675395  4.7e-51
461 566.111504775955295266201652577254943379497437924465609  8.2e-52
462 567.596556618583966916218268390955386572610309959819208  2.2e-51
463 568.28885961870518729273140150823960527474316335500547  3.7e-52
464 569.659095717308153266261179242843644521393457098290567  2.7e-51
465 570.730664362659739775943428651377851327931735101565624  4.2e-51
466 571.368839073935543174653023889980536888278328030454806  3.8e-51
467 572.387505595463435827567747929351394461816452149298151  9.4e-52
468 573.003318071226406614160872546699340026020081450482477  2.6e-51
469 574.258786241435395994510945029447265551130241905478796  4.3e-51
470 575.566055531331479010478434813017024166946314800032242  2.0e-51
471 577.159917807320573586543866814439049259883962926089018  1.6e-51
472 577.715129523574154332451923233767120435928820185325922  2.2e-51
473 578.546303299298824835215449158088715661990873574641897  3.1e-51
474 579.484535759275790669269998673389045611257524847983501  8.3e-52
475 580.907461878889787948882982383760148632993936169210272  1.7e-51
476 581.417162906630314955226384674649720392965147499075427  2.7e-51
477 582.951165432620679176237909026416997712721728979799212  2.5e-51
478 583.189287969306851650000945333449753713997040057726349  1.1e-51
479 584.685384841132355801683850763675726255981803417056881  8.0e-52
480 585.819103462852181150211115447766373829322936506074711  1.2e-51
481 587.453474539108126824411664083661262884740110636036343  3.5e-51
482 587.9289222217320408332357649654191823793913687607043  4.4e-52
483 588.722064130352210106764218758018295410525031544917091  8.5e-52
484 590.029771583085544180852442776737798478239052752216316  3.6e-51
485 590.458391404879047933360325007221078455663509434311601  1.0e-51
486 591.526566687338757394485325886725491158310873224900312  2.0e-51
487 592.985449353875805712967259460005602909476832078349394  3.7e-51
488 594.170814860043162003556961437953041914507693832711228  2.0e-51
489 595.089884267177402742718810727143193180227725380380924  4.1e-51
490 596.142635799561095319437704173009470743696573826683893  2.8e-51
491 596.936453686777076253196440809359879969744943334429126  4.1e-51
492 598.170297810778322000446957504706125963816449328789622  2.5e-51
493 599.080509103242517500507609754866545628115284322518062  1.6e-51
494 600.117949737570744936707571095714194228815674938608822  2.2e-51
495 600.829815115048213185099074081857788341736003709207416  3.8e-51
496 601.542960603473417329547730787922419988546186010087818  1.8e-51
497 603.278823679261520405380486244470236222763279088387765  4.6e-51
498 604.603740977612160962951298222580555486010628122514322  2.1e-51
499 605.306388411106383709027847562804970769947864044545644  4.0e-51
500 606.441363181653003787147346300960037414433365790783885  4.9e-51
# summary: 500 zeros, 0 miss(es) at 50dp, worst |geo-ref| = 5.0e-51 at #232
