# Geometric reproduction of L8_chi7c3_q7: 500 zeros to 50 decimals
# method: pi/3 helix -- placement (sqrt-n radius -> amplitude), running count-residual
#         amplitude A(N)-m, log-projection to 1D, phasor cancellation, cone+discreteness
#         continuation.  constants from mp.pi, dps=60.  NO gamma, NO functional equation.
# compared against zeros_500x50/L8_chi7c3_q7.txt (independent Hurwitz+Hardy-Z, 50dp)
# columns: index  geometric_ordinate  |geometric - reference|
1 4.35640162473628422727957479051551913297149929441223883  1.2e-51
2 8.78555471449907536558015746317619235911936921514073874  1.3e-51
3 10.736119987493393115874241535048943050469932756609669  9.9e-52
4 12.5325478226862740080723048003878364237892793976172807  7.4e-52
5 15.937448204687959556889573998904075463163429532230348  2.0e-51
6 17.6160531988765424103008016664539919043072552150844304  3.8e-52
7 20.0305589850820302899420656455157813955891988743210143  4.3e-51
8 21.3146472441042559518202790259409307525155765441232633  3.3e-51
9 23.2036724613466553782617480589336224807297916000433383  1.7e-51
10 26.16994490801983565967242517629313321888238615283992  1.2e-53
11 27.8733754902248930855054930112342422348573298472364387  1.3e-51
12 28.5997937744408959898016208908221551873432490157727919  1.9e-51
13 30.9195609326565558821056518726616783789987951035609969  3.1e-51
14 32.6100885943140386433819793024684429900498778954912524  2.4e-51
15 34.7925033955522661920701991960356623849994782043754823  2.3e-51
16 36.3447558468010192741420997612760164373973025325529581  1.9e-51
17 38.2067554251736346899351152027773023700554745081433463  3.7e-51
18 39.3384831464856359422056504755191275896751031461852946  4.6e-51
19 40.4764716251922296042989835141137034517598374357539435  3.5e-51
20 43.5394811569022620502794995626736259137126729357705752  4.8e-51
21 44.5957715347794461248332251421554227006460586878905289  1.1e-51
22 46.0960986530165775647869695763504325241663321940866833  3.3e-51
23 47.4915592403489503648797439966117597123212048178265654  4.6e-51
24 49.1264751496983520934989031681602534481209166015752398  1.7e-52
25 50.6252476417031049144002068839359369532533221187971434  3.4e-51
26 52.3146970949832591020672753733546659203100447717711425  2.5e-51
27 54.6166318736326876367935619466209212415953127902173441  4.1e-51
28 55.4103368578271622419466085180722160047160917179614142  4.2e-51
29 56.719618231150367875337766523123903454271280916089911  1.0e-51
30 57.9852350892956745873476843323757111082684592747534626  2.6e-51
31 59.853999760111669362344266478704209930821309790423504  4.0e-51
32 62.133584051981333881117211927618469037407602168407704  4.0e-51
33 62.8132566485917009686390020563334295968566424416431848  4.8e-51
34 64.2828217937091860877154312795652480258996891601522928  2.8e-51
35 66.1230811197787474880021298784458610107565713844296311  1.1e-51
36 67.1712439767825110527450583178060774668250274195335378  2.2e-51
37 68.1395690531001313629434796917308894648855599457215526  2.6e-51
38 70.5455661639464278581391371074305055439515809766974685  1.5e-51
39 72.1209332474737830629360338706246158527470663137829769  3.1e-51
40 73.1761103599924673811841618155658073557534273531846882  1.8e-51
41 74.5645107863884003603259456336700545888778188543748102  2.0e-52
42 75.280216428366302097852977515784822555816256765169012  2.0e-51
43 77.3636923675520199172736132621141833438923816576771831  3.1e-51
44 78.916541204078270588632970505381194377036552903816817  3.0e-51
45 80.1850042122442343633213738446062446630338105329859488  1.2e-51
46 81.7712091356504999379080451810473170146637664568615764  3.6e-51
47 83.1796058309661284865450166335145287375789554306747249  4.9e-51
48 84.1165125938311794247197350866196222397424577900170091  9.0e-52
49 85.5777555600781492114892062530606558161716346747830233  3.3e-51
50 86.4683082680231813525951446086052949000770956259693746  4.6e-51
51 89.0585256376441932560310662718083595432340389696502656  4.4e-51
52 90.2645893324031251432907706557468093558605497873787615  1.5e-51
53 91.0465035200215186921648301120027648343255329095794657  4.3e-51
54 92.2442284785332171657122208056765642646106666648237986  1.4e-51
55 94.0634658285873610494738090215325567563441708397991631  3.1e-51
56 94.8473327671824163623627565387120797148564129563281932  3.2e-51
57 96.5662887674898759889451195422296454389353953009626065  3.5e-51
58 98.1238488347135001552647659292578660134662930485171748  4.8e-51
59 99.3783919502187967554584473371972211381034723937292057  4.3e-51
60 101.082306680851037651568225583908768468086850850702793  3.1e-51
61 101.874049499554483711719085968020576193033579535207033  2.7e-51
62 102.729803994611501442367516719650366941193813024048879  1.3e-51
63 104.150064844472295011213884012026443168271154111239696  4.2e-51
64 106.349541906255584115294215465446405611153000318065808  2.4e-51
65 107.339063957650537815835047371403106671260382580654302  2.1e-51
66 108.832223240787793690869095027064540308691126642195449  8.6e-52
67 109.607431333633966794979718198560082135419795844775372  2.3e-51
68 111.093831213436930552604118581799803962930231697618273  2.7e-51
69 112.501116424766435339172460106881058084907817712240101  5.5e-52
70 113.449212339590947352120728176587994206489353826144542  1.6e-51
71 114.702112063145162100673898395384543474667914539333789  6.3e-52
72 116.926866268696045989086843602952250973887727335126634  3.9e-51
73 117.935522866689584581471860607260057752506744185380306  3.7e-51
74 118.851823914593157460458708519914958576301030036792226  4.2e-51
75 120.059832495392810490345220817678884904125062483568293  2.9e-51
76 121.140715680794366448616961733323277186300690135437553  3.0e-51
77 122.459762067874425653395010038182946146141258620579937  2.9e-51
78 124.336141156020430516375131113109739278242643970347343  3.5e-51
79 125.774302517689276436550194200456051121209880575874793  3.1e-51
80 126.175390157888989203418133220308763625014853277659703  2.9e-51
81 128.155018706092381392941683027704559962497126743237298  2.1e-51
82 129.179663905704425287914363957733580686833837200907216  3.6e-51
83 130.308999393278596183476703454594897705825568878032438  1.8e-51
84 131.00370562493768962486946528521513641461181136720801  4.1e-52
85 132.836168086730502802920837094166015296976493225759246  3.6e-51
86 134.54891691992410639970850370911747780888620880933948  3.2e-52
87 135.806405008928481549984440771439228308611782478878687  3.3e-51
88 136.731513204762693786172537586211489875972250250650443  3.3e-51
89 137.629674970671198086961237348960231593462932998078897  2.7e-51
90 138.778641857090623733575085914647264234210938157078673  3.3e-51
91 140.664210141528539439939199379181874627165997687080432  2.3e-51
92 141.260807955263202626347548761824588238905547986741653  3.4e-51
93 143.064071671432954775747294301389111890027016707242597  3.0e-51
94 144.225332013358661552602533504251409245340054782718285  4.7e-51
95 145.723592259298606368160127599659848742428773214706972  2.4e-51
96 146.466256717322754731215306117789553525569431990924225  4.5e-51
97 148.034620310764169046845446005736014139685201720313589  1.3e-51
98 148.537180508387130257026567989012830441775951353233045  4.7e-51
99 149.72144859445924304605295710907748762740733738834037  4.2e-52
100 152.074051821792391763598131838251046242257539074774932  1.6e-51
101 153.076155507924000847435899371995936736008710211744202  2.2e-51
102 153.887743619489072660802633181561510381062184575911324  4.0e-51
103 155.039799862077570451882239598657593199580262621507925  5.0e-51
104 156.45646291140068411672519236057687604822075548687248  4.1e-52
105 157.45751029608795588061223153861337328484516329427046  4.0e-52
106 158.592294203364593940222666134219223733708461271124988  1.7e-51
107 159.957484099134012547253560655738364939762937544885336  4.2e-51
108 161.253090048614391515596995191062487743132489492289713  3.2e-51
109 162.816487425028785890870954434284540671794122457885064  3.8e-51
110 164.105390767885246856617250003105190169385538228737131  1.4e-51
111 164.791653403884421477080876694626480474147608191579076  3.9e-51
112 165.625058707943808466577749211470355393964762211350449  1.5e-51
113 166.972614667750357993262928987771019333570862310814176  3.7e-51
114 168.378457584828271642599333968075715149016736215537235  4.9e-51
115 169.967725402126358899974294602824072673743560074594513  3.2e-51
116 171.070602457648910253062069189793502446555192616806136  4.2e-51
117 172.335211024324781448381303554190895401756757996377927  2.9e-51
118 172.876071772181470416429759161895362826737080810136062  1.7e-51
119 174.828915695184037665591988997039504079215761665504706  4.4e-51
120 175.461365681219570994368395387913334140980093004246312  1.9e-51
121 176.614404623669636454529322096156310683004508716968457  3.3e-51
122 177.480187802625950918008781955829695744342276891571268  2.2e-51
123 179.814074686118940654163977884669593087570930499461873  2.8e-51
124 180.631354132971183635804018080886511410859528422644208  2.0e-51
125 181.674442650589723396295642777136563423105411698158943  2.5e-51
126 182.843521450318503087572071026112987772766002005553742  1.6e-51
127 183.622001232903603401569050139394747749287417068794726  3.8e-51
128 184.82811934166633134946030994201643374389609803341747  3.4e-52
129 186.201190964363835171059859350276508374539586389951491  1.1e-51
130 187.859003630818243625510179701512498864126408280124374  4.3e-51
131 188.51142968862371553414883712785412824436492818615207  1.1e-52
132 189.922430125263522647625349864264197890672835359749365  4.8e-51
133 191.287583612537410784561148770213129900731641417078605  4.6e-51
134 192.402852083080645668153565646845970653629420617692889  1.3e-51
135 192.976838655836271118613354719693549495053628115152487  3.5e-51
136 194.344367240522246508002702865284179950379234881174306  4.2e-51
137 195.214190722870476821215985743994569021458373508051015  4.7e-51
138 197.03079990186132017592472153400239186446441228479879  4.6e-52
139 198.759802431108397518496250069439430261638385809442234  4.4e-51
140 199.134268908129229185141701245606395545505456112600294  4.2e-51
141 200.275262281268644167873084595538401467592199438498664  4.3e-51
142 201.160414984920572988279688387477392163651690323594327  3.5e-51
143 202.759328805757675729099884944401603309646691106641822  2.4e-51
144 203.815244842341371013468592401732578853436633654629323  3.2e-51
145 204.532775074744313197697056365369096474568436396503883  3.5e-51
146 206.380085896063124311551047924358176936201134333771489  7.8e-52
147 207.367506709340057047797021692907695412993451372880102  2.4e-51
148 208.741476301523286385732955426448900914114253185796389  1.4e-51
149 209.729804696858661679885843615841810991986016805515031  5.1e-52
150 210.780820081110445711394755059724545751321692393316583  3.4e-51
151 211.720679745581515160584083233522485788519960934650304  4.1e-51
152 212.291007533658367980549997677560708335044670200211569  1.4e-51
153 214.444448698760365384006759451156663493332658686366178  2.5e-51
154 215.675924524643624910324218753359828284307267849087557  3.0e-51
155 216.666141900353700840782754305817346728229361524272181  1.4e-51
156 217.522977128367739349155443679340808790332832301931709  1.1e-51
157 218.93231858698066453961121173755696250290206686620133  2.0e-52
158 219.756726091583829086911226608201198031027243969062044  4.5e-51
159 221.040662531792631225847005236756402386602092070695286  4.5e-51
160 222.083504170512558141982517794577100190492493410633315  4.9e-51
161 222.967683318365438187728602586327676512356976340999818  1.6e-51
162 224.52330897677219430998807733896278312067683120640224  1.4e-53
163 226.304747813643906946523655785405296769178244479836732  2.1e-51
164 226.872658438395583917954884968282721985999366357623659  5.1e-52
165 227.86782588567916497250854526026672244525378890399514  3.0e-52
166 228.693548209659094843281622281921683203381505961096534  3.7e-51
167 229.998792792732832986262957075993685197747443378254719  9.6e-52
168 231.032452453863806463585560829228875515077988107714292  2.1e-51
169 232.438909857690809602471367897959426085143772478424626  3.7e-51
170 233.936172186664477873211252050633716446159228440583959  1.0e-51
171 234.795295322734080081854317687436608281254282328573612  2.5e-51
172 235.606326883422963640659713742072941211351185295960271  1.3e-51
173 237.163098727009047443144376901366547952302306604510645  4.8e-51
174 238.305370681690541773473903073546295501402151137239107  3.5e-51
175 238.940598722100911959438875184720738977987840864171009  1.3e-51
176 239.801229403642721620353043294511384996946894539444123  2.6e-51
177 241.170738504608473978208921729229241382320318302251304  4.3e-51
178 243.242419635389463425445340866603334930689168622048289  1.0e-51
179 243.646198628304347767565839130546237785488318907054531  1.1e-51
180 245.107666135070487162756988222037784616180520085347071  6.1e-52
181 246.012934824839941368049547918668450176935536701978297  2.6e-51
182 246.561905863934259518411630661598938725978719493627292  2.1e-51
183 248.032331122256361573763245877418691302651291582729459  1.3e-51
184 249.22184635497616965653992433768266330836415323565415  1.3e-52
185 250.433532617974349468593266255008524130901538429683508  1.8e-51
186 251.37285293236771070125960643070095750770174055909271  1.7e-52
187 252.784704467267308141798060442227812411036086252588954  3.8e-51
188 254.128918136000007587985480331498869923776723356712225  4.9e-51
189 254.840015620450812710901837664149802133351325902511889  8.1e-52
190 256.072648166876933158600424677330035695259247235672495  4.6e-51
191 256.743087494973561460359966617183823290380620237814946  4.5e-51
192 257.980802417962749641002989584079471601092281467144721  1.3e-51
193 258.777549902904542600156662362244292067294719420685878  2.3e-51
194 261.10318659624035153951308992697802073068014718845043  2.9e-52
195 261.631308123457801166891384383574693134436102361680359  9.3e-52
196 262.826056824808183451934925554606048998500360717417703  2.7e-51
197 263.374474994473054188733227266301918273134500914849941  6.9e-52
198 264.835145801101875730717499956924479852751725448595007  3.4e-51
199 266.111449855754451329605041449472762613132782750196757  3.3e-51
200 266.724888717622362474583693516759675939208660107210072  2.5e-51
201 267.837530900844197394566283013679901012861632899342435  5.0e-51
202 269.302965626774188580687616903457664820553548476103732  1.8e-51
203 270.432637757867223806375777169107999320226624607500932  1.7e-51
204 271.760058547722326182332242213987234802222425805585029  1.5e-51
205 272.899975567205704534344639406516952026490292811897969  1.3e-51
206 273.541862749229198227793286301768162873718205646865152  2.3e-51
207 274.581343193815907276297824408609039425001321662994257  2.8e-51
208 275.213456937819644497494746128640605735333114571325446  4.3e-51
209 276.979464743684710189826372579337698904777399177902696  4.5e-51
210 278.1209483294207995671835037054608339736533940397705  1.7e-52
211 279.348274277633118588824794232358992121241093162250409  1.3e-51
212 280.378940045177516350181959206208032258829206573582129  5.4e-52
213 281.255520390909232676012196065918962189347313298334428  2.4e-51
214 282.472880695961539837190766349317561656421933899449303  2.7e-51
215 283.411483497889295938518464463047232064842552957873753  3.4e-51
216 284.779731710174396861177765249002757087180637660214774  4.3e-51
217 285.280364442556064268375517863589159154485231645632591  5.8e-52
218 286.242373483895102562178595733491816094189934471649063  3.3e-51
219 288.237117732931228044879663163570771968988637388718565  4.8e-51
220 289.402146415054559173453485702969604939045623295640076  3.6e-51
221 290.371601657984686249796477551038552467637496352103555  4.7e-51
222 290.71075462724112688411123632422033323334516167513805  2.7e-53
223 292.393858835528715127527936030752656724522767001001406  3.7e-51
224 292.821099838428317787279024456763020292821457185579234  4.3e-51
225 294.253758716783151917429424631016622537017202585489785  4.6e-51
226 295.346166693628235962387143817828506147320372043441187  3.0e-51
227 296.871132026215357980759522190696414174447965714218962  1.5e-51
228 297.631016893447246006141529348574966931930764422791028  2.2e-51
229 298.610001688602081904026491356214645454359078451161213  2.9e-51
230 300.162521058702079375211464350891668897409096890967738  2.2e-51
231 301.170694294090375348050685836574518412664170082966294  3.8e-51
232 301.564016755244645744591690285758237119032384439384266  4.3e-51
233 302.856535056350759297340170785992604450369807837941747  3.2e-51
234 303.594550457055218364026815845463777481176070269984656  4.2e-51
235 305.288345041248842482628562328483193905119375001586612  1.6e-51
236 306.617057533269132887786061096093547211184782605566534  4.0e-51
237 307.662008668932337537067219103414949453541536665686618  1.6e-51
238 308.576761115239078294102785340716018927553914439182653  3.1e-51
239 309.263784478714077586659898628914197635746297245851707  2.9e-51
240 310.257491674550783917818617038798723470107784377522347  2.7e-51
241 311.892738256237491936640620967733125241817182094602784  4.0e-51
242 312.494504685895746571891119950507772384967100564292239  1.5e-51
243 313.577424799819253129283074683332286064703442858133896  3.9e-51
244 314.765135776598742534346115564904843493217854454467984  4.2e-51
245 316.369042336541724628421463283184158643437230021332805  4.6e-51
246 317.111984881893363034598080300775085704006587742248539  5.5e-52
247 318.231920361214750338009612940188160874669219047726672  2.4e-51
248 319.227506788289618798110494756144523311473087118692035  4.5e-51
249 320.034324585293427061516047703373651085145921725882189  7.1e-52
250 320.897962533026675438467036024515225130897518226756089  1.3e-51
251 321.920292895799879428577616243722529678854373455224727  3.5e-51
252 323.90455706595198766081851856598857749125034770346778  3.5e-52
253 324.846141401324559453284303818448772537542020444761921  1.4e-51
254 325.387046346507483710738610467547526849582815571706054  4.1e-51
255 326.71769593319700533301389541276143719182030828031943  2.9e-52
256 327.577232082233695506576360576909735038934891419513318  2.3e-51
257 329.093426130085150320778114065010145082702882855799353  3.2e-51
258 329.436626691121577582283644057971351091012341277065961  1.3e-51
259 330.678328788413784081895431910361039265598140950497291  7.1e-52
260 331.788199297166214034002748370222766053834156010402031  1.3e-51
261 332.850143089780181874149846875210864169287040016786915  4.9e-51
262 334.609490351640137687418864909383455203021828485811386  3.7e-51
263 335.325949557031344078746991578484347757687312134812749  8.0e-52
264 336.508513901136203587071580850889631437337089493485447  2.8e-51
265 336.932149311091998089914407838211668370629974621430608  2.4e-51
266 337.896425819381021458549399635104380759416230337291416  4.1e-51
267 339.300591105635496833244957829908789946498221925538197  3.3e-51
268 340.306858030829880488557358285592127962349203239128887  2.6e-51
269 341.473178391196908751853835282302129811446024295450089  8.4e-52
270 342.892534325125258084823910709369683252995687909176898  1.5e-51
271 343.641329282447519572535294601665345082748272021096264  4.2e-51
272 344.594253504417349698267596606384630433797271540640104  4.4e-51
273 345.824972958215284805160934859294770818059423930320241  1.1e-51
274 346.892267338830767147293325106960419681710818430067734  4.0e-51
275 347.912246179880712354501045492048423365864061018234318  2.4e-51
276 348.317229794549854465782879655274644941611470387370226  3.6e-51
277 349.436825465871585669438304774294588391732178202039703  2.8e-51
278 351.389647202585575855911593231039465831930892928475658  2.0e-51
279 352.443334419109864389957471075602279666746105998776252  2.5e-51
280 353.133032323403792599049264680017398501245083898837847  2.8e-51
281 354.209025836507291114000003136621613753694716033205232  1.7e-51
282 355.068636317278581333660182918125592085458225424761029  1.1e-51
283 356.089382443219175165073293774863449625662898104775913  2.9e-51
284 356.974721908685528210093648303394267556913272915583391  5.2e-52
285 358.541325809796784502614088231709805117916414034587179  1.1e-51
286 359.116313386546519867336116153227906678068299226800617  3.5e-51
287 360.67533960051367082984072862798088874675331589847631  1.3e-52
288 361.280196297648153853180774963311392098627802612000053  3.3e-51
289 363.138510547240423479905880505310258280556711419744082  1.5e-51
290 363.620225969860053044684720737047285854093521678344362  1.7e-51
291 364.490065443718838862695325876903977199404937774473664  4.1e-51
292 365.504686522430561148526006137090684973023623262970569  1.4e-51
293 366.436471090408237139352327547880397077557127628618668  1.9e-51
294 367.351344303230855383116013488270685718778049095206059  7.1e-52
295 368.990367933573670128879337051297322877976158158571703  2.8e-51
296 370.252332821869127240809718641592235586741263354145918  1.7e-51
297 371.32790883746767691309153812472148948816020667950479  4.2e-52
298 371.630938083410485890667410942272462043978244486550755  4.6e-51
299 372.733100018781596714186582157145483820711449786803173  2.8e-51
300 374.186493826112630820757916764305319005433386932831704  4.1e-51
301 375.00948840867270079432418291640945703309969258524054  1.9e-52
302 376.040076902543501403428295846982115045542383043556284  3.6e-51
303 376.609324818521127272266068793790103555892056073942222  1.8e-51
304 378.321226989362115077545893186438753358196186264226995  5.0e-51
305 379.433150253081268814935165025256689950215414557945496  4.0e-51
306 380.491384282112609400643509334400842434357014009146618  2.2e-51
307 381.497630838458151548565048236607443169976919205561167  2.9e-51
308 382.419467241266647823955124035235779796452905999567666  3.5e-51
309 383.203812906299045525209416074506804027204124405892269  9.0e-52
310 383.862829820766911728393894888532589211872226401099582  2.3e-51
311 385.235559964872471401346233699321246464641965037513807  2.8e-51
312 386.739610691615998302548865932507127874706342140525525  5.0e-51
313 387.706129703243883473639078784606054030408789653526591  5.0e-52
314 388.531459880353433346513856273479681279833525542240241  5.5e-52
315 389.728545709989669382068564627894681372226349890086961  7.3e-52
316 390.637664542823335884698661391197509270945785432087929  1.5e-51
317 391.689445403366574437442562254318560775558555078518229  1.3e-51
318 392.73463891290285710802350023111844866222878654203703  1.2e-52
319 393.436891036465950377682989562674102612861866152409881  1.5e-51
320 394.694668666497582555823432822061125774560946387894821  1.1e-51
321 395.232322494098297755181239299951212703406701784608126  3.9e-51
322 397.275095439028743181284326734662231315015656422888381  1.1e-51
323 398.468569227418898369104885632922615459945821600294735  4.6e-51
324 398.746923219837832996777311655318074129124189579495453  3.0e-51
325 399.980245147543752851155016178964226430665202956545517  2.7e-51
326 400.594966463337011504412182152968764996150641523476037  2.8e-51
327 401.812502212229759063312784677918725498257875629216595  4.7e-51
328 403.142211043369003272289792816918248127991798017314437  2.7e-51
329 403.531475468128547402383885269533038523268975335927799  9.9e-52
330 405.439189750372750956306416773135323777268147350778331  1.3e-51
331 406.029276951005654184863974317056828597203472115384989  6.4e-52
332 407.212934757106546244397305620862449681679350922334107  3.2e-51
333 408.122052904413101304930928972673202050002646609486991  1.2e-51
334 409.58574548526330892607912061967155396796654257077076  3.7e-52
335 410.179001746229511635408177356477599563774947738521937  3.4e-51
336 411.001107060146660233243099686497490464522927862744619  1.1e-51
337 411.718487522629454079490819293857364147684188525311026  4.1e-51
338 412.991432913638891427121860714524946995769950002304615  4.6e-51
339 414.658594380286024452625580494172817127730794407523282  2.3e-51
340 415.534355047243702242149096170290077465091533443403637  3.3e-51
341 416.575519775447288630916701016236928694558910811275245  4.9e-51
342 417.36867364972747190043920896580236897222880417445774  3.8e-52
343 418.404156827353322834521411265307314964572896928466621  1.3e-51
344 418.99071770573806188207571797881746256293760895346719  1.5e-52
345 420.578468823306834218757009091037945568174560688636002  2.3e-51
346 421.337199279823898927033842521912727806213432031653631  1.2e-51
347 422.299088084126954166685466179423092838325524753022055  4.7e-51
348 423.288145953001893399661016059371926945871202351467007  2.5e-51
349 424.76892990568633262308159151149205345549098720798109  2.5e-52
350 425.842999342028263803133093796334220426480610439558632  1.6e-51
351 426.899713084547871558561277300503084029938650861309304  4.4e-51
352 427.315507926178902818886215445073209754343536669823133  3.2e-51
353 428.537682930843366198189565853328075899649111341220327  3.0e-51
354 429.570207188166217884125969931521567043121611695509621  6.4e-52
355 429.956162261980571879202583885310242774649307888754294  4.5e-51
356 431.661912514071874257850047752956710256416401558144714  4.3e-51
357 433.07276210945084584987232348534877188966625151298783  2.6e-52
358 433.988178616463830007842494572972191773712587425465621  1.3e-51
359 434.613503054518443237647041685224804482470603683497074  4.0e-51
360 435.454174129642401264731256277635706471893533396225448  2.3e-51
361 437.118946028209329599805914492561103951374228529170513  3.0e-51
362 437.570661003989231227277871208957105724322480446365512  2.4e-51
363 438.72602638511158664362873252048893457944086832121962  2.0e-52
364 439.400553721682688167473435523802331600720321255817757  3.1e-51
365 440.52209699414934099489524106592575083022871186681285  5.0e-52
366 441.969541197041428060804025694856449803929130493881318  2.4e-51
367 442.979789988125840215424500608742969212236010190962571  1.4e-51
368 444.281135122103548400263524797366079546451709874927028  1.8e-51
369 445.020403971508464355752574358438242476232997728454546  3.5e-51
370 445.633262432753754951773533312147697912005978296369636  4.0e-51
371 446.590862993067693211046604432835386720580523172942924  3.6e-51
372 447.512816944678192429904677630883871526336333139902163  3.2e-51
373 448.99565424819054848505967040217356355624872646581404  1.1e-52
374 449.832880243535180837234149696149337184461271329920547  2.7e-51
375 450.9353207243738668016493966876338480457549231748017  3.5e-52
376 452.241959837035708463906521852167098388853866756966139  1.2e-51
377 452.834513379387294504416537584767135100042836607941993  3.4e-51
378 454.080782768608066953849685188278703242850863603084701  5.9e-52
379 454.966344323119175978094699187246759951294828267140027  2.7e-51
380 456.002262306130748684422892316099047524005506563879242  1.8e-51
381 456.933291669408025284688678948133082938919674543888924  3.9e-51
382 457.442116877824482783520254346577872854785037773136869  9.5e-52
383 458.566182314209943038550217093374675773250332023818155  4.7e-51
384 460.62270538071759966278523983806850048076411141374741  2.2e-52
385 461.296059595936823637703682805487540646534551338447307  3.3e-51
386 461.952469374745013845764323024076182760279947980929776  4.2e-51
387 463.110833425753259666007739814626799833402088109810396  4.0e-51
388 463.754336298362319155486007690861756746057592353036821  1.4e-51
389 464.983900560243490255628891768680997685234649574046216  3.8e-51
390 465.874717294533812804827756766375778792320997867304541  1.3e-51
391 466.823653260221015046874539099533952639169278286669554  4.4e-51
392 468.048114160443181437020547622283723530038419653499297  3.2e-51
393 469.202744238032195685981609926302883716558308622864816  4.2e-51
394 469.831120002504197106683540395776043218791867991343025  4.6e-51
395 471.470467013019603327058682788111927844699038677496995  4.7e-51
396 472.160768623281318103752353384304398667572384842338387  2.8e-51
397 473.321370496489122300496465880302966902511490142756255  4.6e-51
398 473.754386577225106629863188221330128964592064101239863  3.1e-51
399 474.583454841458027437330109810827964294718100209796332  2.3e-51
400 475.900086365752957791886718995148446646591240089634399  1.1e-51
401 476.859205443640674919801893270682974165121235605799115  4.7e-51
402 478.544595632580771011997146633709647100474696914515163  2.9e-51
403 479.151689310479394830369535914375558925653523391377187  3.4e-51
404 480.328462849028439385464717469706045778977836831979633  2.9e-51
405 480.954623753130813603422110859917437585056298929569934  3.7e-51
406 481.739578732614568534983552869953366426464586556022112  1.9e-51
407 483.210121639739174343776246818798906317166418056489093  3.0e-51
408 484.177948111538677836099124064835938895598974231104423  3.1e-51
409 484.732249455044221607329960071751842204090327348112492  2.3e-51
410 485.668930860004928739359395939374068572852331220534715  4.9e-51
411 487.079618682712569066437742584007932196998568381689203  2.6e-51
412 488.444384711847282435179943428990407728272341967989092  2.4e-51
413 489.370950739989269738177359530573828271231297229784586  3.7e-51
414 489.936610378126434770004973109192762262225717797267919  8.5e-52
415 491.337096423988898304435387262272942680421610740088022  1.6e-51
416 491.726358087336648263951103915866795430925324221431294  3.8e-51
417 492.711876517516430478700083344303558051487566942620642  1.7e-51
418 493.637873806593397243160868745090558066367628826706412  1.7e-51
419 495.186241381882581503015425942512774493065061857553693  3.2e-51
420 496.285469125127683496983237257907654181570507258750598  2.0e-51
421 497.153010269877195421510055746510220180241493513164493  3.5e-51
422 497.856167121376916512333898099971031501617531287325905  4.7e-51
423 499.111412917253684315959032055741199060847668688331014  4.0e-51
424 500.210899646232704344397916517665116196761789465775443  2.6e-51
425 500.974784770348446004978488715526357754927440543436454  4.2e-51
426 501.698952955063999520594740970454110079935186232789369  5.5e-52
427 503.038244760124884652146940296902431293119507827412397  2.9e-51
428 503.379299534699189938523200367596694624446935659341387  3.3e-51
429 504.988212133756241755452296091422033853942702810232401  1.1e-51
430 506.308296128684337725238033164363415164886683897890369  8.1e-52
431 507.419379705238334612614368247261355358762007869376398  2.5e-51
432 508.113598714147800490968071800263148425719558035416595  4.8e-51
433 508.568162265424040153672414774063957668694417427700192  2.0e-51
434 509.731170812717165056840582146174850959736079280322899  6.0e-52
435 510.740299269875775733788890995556323848583208544936829  1.5e-51
436 511.964607874428791139782577791056710178256233401563821  1.1e-51
437 512.662259322776242168918799744523769388935514947375533  2.9e-51
438 513.809803335607096490816303545694866213994671325731765  4.9e-51
439 515.324345150380874324686022264105133331149174147789602  1.6e-51
440 515.694589160360221350099085175856837840029037153798515  4.8e-51
441 516.903752983871615757107627673661661829998593278550141  6.2e-52
442 518.147078734824641449519192648403311805010776657430701  7.6e-52
443 518.852149157255868659648373844465758032655320304531873  3.5e-51
444 519.621270651952509912502776962116356747954165734750175  4.8e-51
445 520.689070834891867515238228562058010792143881195448219  9.5e-52
446 520.992657368196904702775323791936390162605104261728249  1.1e-51
447 523.255849681062107008665654244249251527378004256208071  6.1e-52
448 523.87592280822344955720433304569787358491551648192428  1.7e-52
449 525.135683012624006877204701839209759763816758595801949  9.0e-52
450 525.558578050346795841123694813050137521241569500182606  3.9e-51
451 526.863586255265609508568049413722796130340501577793014  3.7e-51
452 527.443489191172184787465685179273752140725928005714302  1.7e-51
453 528.632978845901705723551335614327761921003066013750744  3.8e-51
454 529.57331460161711495717949950590668034017735644409552  6.0e-53
455 530.599643409476521481906354539375812596733375811486988  1.7e-51
456 531.498468037366114954426103427498601413228167001449651  1.4e-51
457 532.465864228417028741895836868428593652040152989908602  1.8e-51
458 533.928411851292069562606838895162362188808786214620346  4.5e-51
459 534.949882857367594126235524253192702203215373847704421  1.3e-51
460 535.78705752416754522841401784496713077267224051113799  1.4e-52
461 536.367741824968715013385710743472478013498466819516146  4.1e-51
462 537.364039887076163860745432890692423888254484577571666  4.0e-51
463 538.267633451689858866945507221372301772220458914398701  8.5e-52
464 539.24288353580582214581306023471975362231975700404014  2.1e-52
465 540.351105122631774848771504044977609386185229351959901  8.4e-52
466 541.963510048277629908088121317065650725693293392982301  8.0e-52
467 542.640788931268628886408532807285854406727744661762094  3.9e-51
468 543.402120413603511408960218381747584687407932493738614  4.2e-51
469 544.294869391216232338365122353714397190354067782464744  3.6e-51
470 545.330605571478607701052714901956935755323368544971241  1.2e-51
471 546.768629291769178949507118271135786433307024413261645  5.0e-51
472 547.220768020182875075979771898650714309539617219253079  1.0e-51
473 547.84919482457610118495100290475299261791494241236761  6.2e-53
474 549.0499460596270619646459205805154938494301084039827  3.5e-52
475 550.271370488844984444265934664302014860849945180823055  4.7e-51
476 551.735792952922220957745643687741812386774523999934623  3.1e-51
477 552.357161179727129673613115731461708563022049991503026  3.7e-51
478 553.419808851863816996250551943441287921052542576387173  2.9e-51
479 554.295552683087920806496831337347292573259913047527443  2.6e-51
480 555.15368759932942021504649723466153304913196815925639  4.9e-52
481 555.500089587394225921766196283719132687730321087270597  2.7e-51
482 557.150130697681971449391040936341571418988206678605963  3.3e-51
483 558.044012461186757156944395884496191049925250267473041  1.3e-51
484 559.236675266133696863844000876697538433817521373462307  2.8e-51
485 560.081105193473338977835532137013500017867443525779581  1.3e-51
486 561.068907042103857383154618256455540764990064689856844  3.9e-51
487 562.23780897071366912423301681580807038785800164570513  8.8e-53
488 563.119501573850390695085946747276171260851717338292223  2.6e-51
489 563.888846194757983607181565370319705597821287745700603  2.6e-51
490 565.01986700385542488762001218906149087977296929488871  4.2e-52
491 565.667188199220836375468998503244327703866570304477912  2.2e-51
492 566.54253839997023898621384738998990396304971056586645  2.4e-53
493 567.498146858620465397319508129921426850362179525679584  3.7e-51
494 569.44931121388329224324375797384324874932013517269734  3.5e-52
495 570.092640611966084841160652591910410561872816534354501  6.3e-52
496 570.942707535953136141612220875992897300058153505457894  3.7e-51
497 571.630043488492963562918124079479932143418931738358656  4.1e-51
498 572.489302238093272836754038014690174422276101381567294  3.9e-51
499 573.800056137859903770652389440460577522831628457983699  7.8e-52
500 574.503535569595475156528795491613153106313768758751249  1.4e-51
# summary: 500 zeros, 0 miss(es) at 50dp, worst |geo-ref| = 4.99e-51 at #471
