# Geometric reproduction of L5_chi5c4_q5: 500 zeros to 50 decimals
# method: pi/3 helix -- placement (sqrt-n radius -> amplitude), running count-residual
#         amplitude A(N)-m, log-projection to 1D, phasor cancellation, cone+discreteness
#         continuation.  constants from mp.pi, dps=60.  NO gamma, NO functional equation.
# compared against zeros_500x50/L5_chi5c4_q5.txt (independent Hurwitz+Hardy-Z, 50dp)
# columns: index  geometric_ordinate  |geometric - reference|
1 6.18357819545085391437751730970869252592150057922801729  2.7e-51
2 8.45722917442323072160535286274751877354076688604394397  4.0e-51
3 12.6749464170113557804822991450830921446820776845178215  1.5e-51
4 14.8250255703284282514302521740479646470326635993795894  5.8e-52
5 17.3378021068530396909145101424165669878682163569312467  3.3e-51
6 18.998588041686144928724525011929935313554025430842024  4.0e-51
7 22.487584583028750025055672909258486937222870975793838  2.0e-51
8 24.3652797754022980565190957574511355684922841817643608  8.4e-52
9 25.5311868004334296014575514524665667474632079355114724  2.4e-51
10 27.9827569356935943244510010918937354956445153781508328  2.8e-51
11 30.4636406884036611279700448419129433940798535151252278  2.2e-51
12 32.1951596888922720265448323063894430424062481723958691  8.9e-52
13 34.4572287852783975840575630100420457575118345916428181  1.9e-51
14 35.4908931788513934979089512981690149451526404902424979  2.1e-51
15 37.2719505745560500872450991555749094616751535524224287  1.3e-51
16 40.3961148517525900348374887218208636389470911627660081  1.9e-51
17 41.5364567579296966596938552490118783130352138719226904  3.9e-52
18 42.9920854427515385458242978975584798430102454842516805  5.0e-52
19 44.8261759708109236311966647835590867413907459675204779  2.1e-51
20 46.5901610177647388183104496434047620581053022434782505  4.5e-52
21 48.4778466442218740132847945792401718816809413117253404  4.3e-52
22 50.6642103908057503729975442123191590088956129660856307  7.0e-52
23 51.9770534675727076291240545850442472432419574521619557  4.3e-51
24 53.4422321733545432040003999973536457806513634870125509  9.0e-52
25 54.485442388764679114700399179793670322319267987329848  2.0e-51
26 57.297931753572074059929033559960540526881288822768246  4.0e-51
27 58.8936729557093457036685106810119473297021296285312372  2.8e-51
28 60.028486647436198384396659481014669446824942244619279  9.6e-52
29 61.6992832673864306520159053074116137346322924767257922  2.2e-51
30 63.5196202943418981689817436461597240910700052426242745  4.5e-51
31 64.3474619511485677014691304012384031893511186477513999  1.2e-52
32 66.7687139866392717391592141280901837530701386830417225  2.5e-51
33 68.6789533422104984253867693918283561792865439779959176  2.4e-51
34 69.88270748325579024920142949216236126045541442743088  1.1e-53
35 70.8665303977587570128005954424540117541794577974941948  4.8e-51
36 72.4320904251020232310448857650887855013384213630200091  9.2e-52
37 74.3966141376729003953529015659018668107320042398046364  3.6e-51
38 76.4264195557874823532276754174730094273772661055764009  8.6e-52
39 77.1919916690565654583122612817008010241556014597996571  2.9e-51
40 79.2661580243047415731675195355370351582034173589193347  4.7e-51
41 80.4100131914435606589075915934674206818392608693562501  1.4e-52
42 81.6603212751131004710563397056249400784373611384595909  8.8e-52
43 82.9966772938146196988745986964360476037767792085275982  1.8e-51
44 85.6600148610323741521678990069948586969316721412189715  1.5e-51
45 86.6809663200210700848849488070452459875688484840504399  5.4e-53
46 87.8816360949529799565604184095663402829344375977476351  4.9e-51
47 89.1240931949888219085221017273667564316322405725338341  4.1e-51
48 90.6810245694265229455973293278345611214690364829408856  4.4e-51
49 92.3657098301135221384998933247011429579695119752608417  1.7e-51
50 93.8185751737654242371639830341840396817242089645027239  3.9e-51
51 95.5499301922465754557895799953630911971497320403469356  4.4e-51
52 96.8722057951073693582734724003178163366630697126303416  1.6e-51
53 98.3840692323983636565904902530895724294420228470735871  2.9e-51
54 99.0796617451325920755423382367942171273288757686220145  4.5e-51
55 100.514245555171444126410968105863823931707288218126742  2.2e-51
56 102.997109615735409628571764722950227404212168382027486  4.5e-51
57 104.109078110423486578651959082253456963527394608891449  1.4e-51
58 105.517464526410110891890265198431972963583175635792632  1.8e-51
59 106.288695497733034821256136453783651800304886835175751  6.0e-52
60 108.43728563488717439466986940950567122464464145351772  1.2e-53
61 109.088244963934411476604628974664626013512346069324865  4.8e-51
62 110.80204551786231888065501493624973592986029348949462  9.2e-53
63 112.529937808703167279663846041420083246463888645974354  3.5e-51
64 114.206827089205650749697770057691508980639952176558348  1.6e-51
65 115.339238226442141429472266278519547523751724241995377  3.0e-51
66 116.229215843644707886104546789488975051407538187204709  8.0e-52
67 117.487611838432200242711111650208275770286851179242339  9.5e-52
68 119.08095695258716157895824334173857526648029859671964  4.0e-52
69 121.239762561093448682093610509816877097784212286894371  6.7e-52
70 122.078727309534837163600971085875524687188917775704039  1.4e-51
71 123.346883445642738014996176365100999654458930688330753  2.6e-51
72 124.982399290618345572333155989713183632911345983336239  8.5e-52
73 126.034310399818714103849111553288701088845289082688632  1.7e-51
74 127.351019488936075216250235953538806336664847249082218  2.3e-51
75 128.358578419241948468609797383763815341795069146005396  4.2e-51
76 130.678123560710939280785480720794984350813778720197119  1.2e-51
77 132.152586922303304605591087351518846426122535206647745  4.6e-51
78 132.731906512656756263418678624120681375219991703782595  4.7e-51
79 134.338192372010790366190401749553225758240959650456076  4.4e-51
80 135.039145124467112876553104502553623103945593520122701  1.1e-51
81 136.994621211971694399789753962809519568334980919777791  5.2e-52
82 138.294483669993601732020369091886933803914825401410237  3.4e-51
83 139.882508068735462842036692120121786779245140931642479  5.7e-52
84 140.966275146086436718384197417311075784581352494552769  9.0e-52
85 142.582880539944781855656359580299085634731417246128289  1.0e-51
86 143.612609007962322659293195800729888905494033922124046  3.8e-51
87 144.832037240645745921752391456399612390481417502818167  3.0e-51
88 145.536326358360925692703822547482501662206603229098757  2.6e-51
89 147.884205636605371225816892610064573507849589460174173  2.8e-51
90 149.346815748739995961090778217035981252930933028891245  4.6e-51
91 150.54589374692554997846507228179024905457751652804855  3.5e-52
92 151.159691234241256833905721941206299995691071109886596  4.4e-51
93 152.716772442681677235286687624973476268039757219345346  4.1e-51
94 154.190696542209480843024432253762873230441353148839324  3.7e-51
95 155.128544103793847065952109125326597747354954153563849  1.2e-51
96 156.84368907709451995443649826433577717512302638338532  2.6e-52
97 158.126349354445739538981916260559631962714504314363678  1.7e-51
98 159.824910239395060675553836141085041234065579812951372  1.6e-51
99 160.800233549643993248852481076615638627033822550556375  4.5e-51
100 161.691169861253077999845785668698405275190106595697974  4.4e-51
101 162.921689786868869890952650057853613592882826648551011  7.1e-52
102 164.099435021658601217453887032041935958128399150531902  1.8e-51
103 166.399498185152417926672877489630695644446940598761899  1.3e-51
104 167.259984814805088053572643828717341364079345232466431  9.9e-52
105 168.382685505939314828192488434963803512204176095122971  5.5e-52
106 169.617984822946863832852844553694695806767021621144516  3.8e-51
107 170.983316154302865802279421089870115292183563347701349  1.3e-51
108 172.170088518746983860603621866002576543860372401293231  1.3e-51
109 173.172190131068605634373051181800203921927745918944253  3.3e-51
110 174.530077584238531597989165666559818336420079334538643  3.0e-51
111 176.840626962648457329740671243339511944168234260419739  7.1e-52
112 177.229532171591129763489416165435385310783096016345149  8.7e-52
113 178.988406381982996532872670223850550930031851872425105  4.6e-51
114 179.451371563263934092701892786581132871086714838992283  2.8e-51
115 180.69509987550119153874530100054964300410849207451405  3.2e-54
116 182.298034241046863721746783369330980114184606024517104  4.0e-51
117 183.809624861700929281349601050617729687037544762194291  1.5e-51
118 185.125283656927926642593242945434245629672429301629355  4.8e-51
119 186.213582037623153297867876297597603890787474118111261  6.0e-52
120 187.417945399533676148524925766794193896705956808056284  3.6e-51
121 188.971587821956779166934343018012381074160069611015845  4.6e-51
122 189.785089497782201406040373873111101468308386216817369  7.5e-52
123 190.624567414930133884983278378574189160595922297494413  3.2e-51
124 192.215888317838445576286178843438667554129301880023318  2.0e-51
125 194.186578926578987557760819374283313177225962977554197  2.8e-51
126 195.261191349328404982566356484143062451059711833102232  1.7e-51
127 196.311213093994948954118145456293154558841737959349232  2.5e-51
128 197.025589890181688026231565835609906247658447915415951  6.1e-52
129 198.552489153172678459573032567298013489838876737150153  2.6e-51
130 199.771605595003818792855708755023056185941428132219997  2.6e-51
131 200.986405637939058808760519035451441208587730360113605  4.9e-51
132 202.605032057020344128617822753516070351928287304973648  1.6e-51
133 203.50673117360807592711384281295410708009264332645814  1.3e-52
134 205.336193900776290617464187344662118754449993052749073  3.3e-51
135 206.114889791626242125709345739451380950675656584057226  4.3e-51
136 207.141428866085925580083815492891678068271711286655481  1.1e-51
137 208.40488272122986546792942595064666750981757401453067  4.1e-52
138 209.08288573319259918851110148617906351192724794901664  3.3e-52
139 211.396878139315957260663662304553456743662343870796296  4.4e-51
140 212.637483475325929656611908233228024416420547526276074  4.5e-51
141 213.448052933725347328185653341656322559780830381174116  4.4e-51
142 214.581408298754015752476696570386069998777121145429613  3.2e-51
143 215.818395769316460192968121217879513012659389478073408  1.7e-51
144 217.000261861819150067016842079609983858562218297491985  4.6e-51
145 218.438257878901718924548750481011603975368788138714107  3.4e-51
146 218.979720561540279505521785868240506456443693621337159  1.5e-51
147 221.007442719246052249897967800903188343393149632933539  6.3e-52
148 222.242791976597036123463602244541665637897582758800505  5.0e-51
149 223.564166093922269306522457959506805880365196730881418  1.9e-51
150 224.312948626560197508758470336765066815327694370382859  7.5e-52
151 225.499562823113516591942149573115499252157920700356519  1.1e-51
152 226.21483485314296221789540374757528419444065378990846  6.2e-53
153 228.034193808230573129444620966835333885903151625821105  4.9e-51
154 229.421021165961452377877782943011479922251422420542462  1.5e-51
155 230.824606767247421323302291414064422060560380706342423  3.0e-51
156 231.562327344350931726045821790239379526601496796604494  4.1e-51
157 232.747030921270506296441802178174795956727705433666775  4.8e-51
158 234.485663259635241675486156839508926102080279820693843  3.4e-51
159 234.91975672109584686582435804892829570414446359117442  4.1e-52
160 236.171823311613390075816827481797344369699452905422457  3.2e-51
161 237.297255374457752454731956936987612039676729243272478  1.6e-51
162 239.127019843483565916261481178952504564059549298959332  1.7e-51
163 240.7081055308362178469487916812096585551735075354849  2.3e-52
164 241.185604773312802804007602610926331428710834344787378  1.8e-51
165 242.41523081235781819488364858910683850779745808563943  1.2e-53
166 243.253354054407942643195538087464400739089949336247648  2.2e-51
167 244.756697384941180489639018183671410666129403210953012  2.4e-51
168 245.763817338347517925622589158276715462443866363506726  4.4e-51
169 247.607235836801607812208137416008340370353245621049619  8.1e-52
170 248.207344212903160910742218713663486696396676449491389  1.3e-51
171 249.804522161714008820159394778189120886005192116007912  2.3e-51
172 250.947855103695802029579456625303065299279929813239458  1.7e-51
173 252.05166773217396268441768187039976145603082597457448  4.2e-52
174 253.027155905051018869636162638990883616006179935436094  4.2e-51
175 253.951789459117224904924797210420579500016813556637578  1.5e-51
176 255.028584611383346195381189738980860776014156884066145  5.0e-51
177 257.317303554721705883162433581910580049080642636625238  2.0e-51
178 258.080929585528389700109684447624769152412298245198877  2.7e-51
179 259.076922183497753315121516202602809583734697648434538  1.6e-51
180 260.387859030869976753013777104411779850387795990767138  2.1e-51
181 260.917934900704693758960949174105927043467567413853604  3.6e-51
182 262.787549815814750821042962338775240535614914891160839  7.9e-52
183 263.495945424607399473117452606575330982330260632881253  3.2e-51
184 264.738425695869499424552695856822859387084691667856148  1.6e-51
185 266.221473404577075487886708276730463752883914646013282  2.5e-51
186 267.526307324911085526509960076765368844394888693344173  2.9e-51
187 268.707795591006652584963206460591690753391390962919424  4.2e-51
188 269.8101097734505382332751255597836228626900021551486  2.6e-53
189 270.624825021104037735904912241520686238102917309495491  5.7e-52
190 271.4391874666640708802018522149124587099770872794553  6.3e-53
191 272.882509615580541089979191055445329870839547678203696  4.1e-51
192 274.500267100115056526297223092676503528973614653386076  4.0e-51
193 275.861233799590193090704989056771916723137430585768952  2.4e-51
194 276.839363805310608661744920801605444708616734096063031  1.1e-51
195 277.454353551238203448960881749159599802019106483049681  9.7e-52
196 279.149548419674536640471635858963373853210367830587904  4.0e-51
197 280.082296688874441142867340148988246442008786990152817  3.3e-51
198 281.138404326088095830292636537058026829382247740943633  3.0e-51
199 282.073203751267686234842425949816998856264752775256237  3.1e-51
200 283.488142936350352417521267084447535780254450213833698  1.6e-51
201 285.14236137745422159180864755994957073088173785480763  4.8e-52
202 286.426749483414874267614995643986483797332220541667974  3.6e-51
203 287.0418779159247995404121188712152979100948548340698  2.1e-52
204 287.998990066743158855812334992050640305626744683592882  1.6e-51
205 289.297339834606107750270266276597346654009680957707603  3.2e-51
206 290.055919229062115803971618454517247517443315494127671  7.9e-52
207 291.861330373004515239487239154688195988654761543091741  1.0e-51
208 292.952108674644059363387389231822553821024929949994029  1.2e-51
209 294.219725409793012294034156061259095067812242117400092  2.5e-51
210 295.037923249737506966184835845065546643220008629146477  3.2e-51
211 296.671125180871106482152533126004820673587381458319573  2.7e-51
212 297.2874188529097067646699563569581323624237161380048  2.9e-52
213 298.747786420424546119553690868595345841251559882264374  4.1e-51
214 299.30098523612140973030551282538574192471069268065968  1.5e-53
215 300.379927615239268395931156842454082897737265251170668  1.8e-51
216 302.616213942403888521467356731734555615401683724834306  3.8e-51
217 303.346373018573051888278176383817318671330991652330586  4.3e-51
218 304.651979689709246022791866364040397750884446521315847  3.2e-51
219 305.397208430855742094505663737431068158691186197296474  4.1e-51
220 306.291151151435925721276931548734874703748858729930876  4.2e-51
221 307.649286697069902823788855674134716580509405949674574  4.1e-51
222 308.9704292498030873603968789330444422092477413559284  3.7e-52
223 309.745302736587331136229740754710381136849643938673021  1.2e-51
224 311.400227114228150821904984733872168658898697754685722  2.0e-51
225 312.358879465243858936638343924526757502836613407640207  3.5e-51
226 313.690250696900583120079663586739487661356860516396886  3.8e-51
227 314.882822752305274486135917602664047792738030257905182  2.0e-51
228 315.77978186242245596372037851031370870735951539922146  4.8e-52
229 316.430561902653076470685536698293030740941800910511723  3.5e-51
230 317.656445410004264207239384928882371882721347034006188  2.0e-51
231 318.9699628467507294645907258658631442772024808832933  1.0e-52
232 320.918443089285330849496481172397002025135233136913129  1.2e-51
233 321.524360929543524516403861991490641462020697192478497  3.4e-51
234 322.60874122076842779437794876282637969940047960146191  3.5e-52
235 323.474875746103036386786309106827878117995810636839352  2.0e-51
236 324.844648894731276076513829925067252653049903292085239  5.5e-52
237 326.026167701535360562382464430072984482897138959922197  2.7e-51
238 326.701468335152238077943417648110091773874065658687723  2.6e-51
239 328.129694676245935716701204534968825122564182095974399  1.4e-51
240 329.160233926881587048308533712846724803153788300057118  1.8e-51
241 331.029241842311181210145776663758405999922189502206542  1.9e-51
242 331.804157282577451939365616296719133968280733698208114  3.8e-51
243 332.677306682193761089730687195990417720726816262422772  1.8e-51
244 333.926252830857332421727460282491136173857679306275128  1.7e-51
245 334.471193156527713744454314380866628222619611209035684  3.9e-51
246 335.765300866405941206179347573274302580055012026231636  3.9e-51
247 337.278833090218527541544589415955797328993637675072664  3.8e-51
248 338.83844420013791454039315230808767277413372123299733  3.9e-52
249 339.282355843768299047052601384187362214730912358548731  6.7e-52
250 340.818444051880378914363203382668789566640144142287084  3.6e-51
251 341.55293507556617048974692960543342102708862163779874  3.9e-52
252 343.011812150878766290021548677282266031411162754367222  1.5e-51
253 343.896349522243231958479035176418668854717111151682121  1.1e-51
254 344.835099408282553883497102699659504558183770257563584  4.1e-51
255 345.616958777660336427446718916259373044352364501997863  2.7e-51
256 347.594772432801694810104493283961994255838884046802192  2.0e-51
257 348.778578234723599029281483148241065578965615198554951  1.3e-51
258 349.817010869874640608038744480516760650024069636379918  2.1e-51
259 350.693275630247713230689591325474897334669425357780506  4.4e-51
260 351.511432748146922729175894703683761600971241043485773  2.7e-51
261 352.546753767337250887613809756503339443076919646068841  1.1e-51
262 354.072020600475639337240316465074001625113196875747194  3.9e-51
263 354.871450103668646814615638507411810108362293534733981  1.0e-51
264 356.373546072422486651651249222123125274266759943191701  1.1e-51
265 357.557575404256843699056724200292664635568370506508375  4.8e-51
266 358.30095375972907000237747695061954940824664487013283  1.5e-52
267 359.980434242635792294198742032573237803298304653177311  1.2e-51
268 360.810528657282960176898350532567334886324332776999246  4.1e-51
269 361.387470838942849566057610849803992350204785722049523  3.3e-51
270 362.875673499442922313582987733634934954510342900633292  2.2e-51
271 363.308125600370814737207485444410308498302518911691907  3.0e-51
272 365.3703567402199094719294914357261124773305474567071  4.1e-52
273 366.680160621438086782650447671935610973709756346773415  5.0e-51
274 367.586135989017127463560863174718854194137942028519418  2.5e-51
275 368.181202385843324473435371230516162624960583285368802  1.5e-51
276 369.437121887036436346847002006769210601553114647111243  3.1e-51
277 370.640430548422559586565676514012434022678200822876596  4.5e-51
278 371.522565102101173185446102776890772436042281852203676  4.5e-51
279 372.877120248809910701138349475073776260754489847047769  1.1e-51
280 373.651201945459144895250858261712846098502887796446873  2.9e-51
281 375.16813888362473229788980476378242890223173574107611  8.9e-53
282 376.477218915650320935711405311868171069333085265508947  2.9e-51
283 377.53395212465930368922535445423904616720475078675884  1.4e-52
284 378.350141779803957544700363229394790842044050847473915  4.6e-51
285 379.383753609183995988619309176261566252507637089261935  4.8e-51
286 380.240422460664394977743495578287306476469149945091686  4.5e-51
287 381.13870013673462192876643893618956980296299412377209  3.7e-52
288 383.048383539308523872562122195455018817065098195160877  3.3e-51
289 384.068191955587485062580883025015363274790060141645758  1.7e-51
290 385.12984189928463318294264728205942901265496834937227  3.4e-52
291 386.103426302677077489558604516124329910849917360463031  1.3e-51
292 386.979501320374920981612933131248159222494211039511581  7.9e-52
293 388.313669674531633754174460531154594244868262130251072  2.4e-51
294 389.577056636278006489310388799483861669160989313685418  1.8e-51
295 389.936440101514142047657374259333578443290283520120119  1.2e-51
296 391.186966369352460006023534964972795281732014677774803  3.5e-51
297 392.680679538679807000896408436787440959071579250906593  3.2e-51
298 394.180716380159647977433101114441886170043088621657774  3.9e-51
299 394.999066975303612133879849490647676144667518259505299  8.9e-52
300 396.108807181131830252630416558770441219986104895317216  3.6e-51
301 396.820918989960356577002234306063292106887191533953742  1.7e-51
302 397.609881145468434649319359562337543937231436279238508  2.2e-51
303 399.193752694076245143527397136759853815657991741985424  4.5e-51
304 400.000066008884542058853576815955904114520406274237596  3.8e-51
305 401.591920671423731679257322325418919075150952851430846  4.5e-51
306 402.772586801707312748251882558888415427992034512478044  4.3e-51
307 403.245558815476194895424254063257980445772174047271289  1.2e-51
308 404.958949691443075614782501679788429175992344114489018  2.0e-51
309 405.693445700905443683479813901369329246334623121410422  1.8e-51
310 407.026884041609396476441096627210404489223444335581311  1.4e-51
311 407.397921667408723000200519099404761654158481979300623  3.2e-51
312 408.694995751955664617025227155044556850808836793433926  4.3e-51
313 409.723804596211080760132095201557414180839722015858969  1.1e-51
314 411.887509982249109316096814783194036001443603021533278  1.8e-51
315 412.352030573354911694149719915085119175442061734979991  9.9e-52
316 413.332412174712243265278455380618170568978456995206552  1.8e-51
317 414.363172144553136482383998556624263224039212385776749  8.0e-52
318 415.268119358976748701608444963508788250416024992232088  1.6e-51
319 416.383094660608308480153525915588534440559687202607378  1.9e-51
320 417.664369896822749232862796692438267924395913974564195  4.8e-51
321 418.549025365550255816169597478131536116398988743231353  2.7e-51
322 419.814314127148476480422916028079647535156873420091908  2.2e-51
323 420.981138496224324393308657690359536731714851273495842  1.5e-51
324 422.288041576533552591251108515210456880769548613431178  2.4e-51
325 423.168930237157626767735192102252829217650049162658738  2.3e-51
326 424.166015799768007137818615516074131370687664801482415  4.7e-51
327 425.263980334109157789234452250232688040878442997176766  4.4e-51
328 425.649783243186350970155345284246244346430325260451286  4.0e-51
329 427.014444290155721920226551931513098470289309901418051  9.6e-52
330 428.867554694556719312430169387415672258488173483669674  4.0e-51
331 429.610348068210803981328699783041867247108297691681334  4.1e-51
332 431.113631185322710444973571722149044874559591932455181  5.8e-52
333 431.383596228936058831088037194372800040540958425037223  2.9e-51
334 432.561424466622798599374359238421749942622283817992381  6.0e-52
335 433.969060508796451260123999080554566449030064022417639  1.1e-51
336 434.826836308463975436273279465803513634672955941211959  6.5e-52
337 435.770264679657034086050848565053049662630070710798531  1.1e-51
338 436.685714867657908514509830111668330590214716412311663  2.6e-51
339 438.29542187610408949115318460316784045972687455479125  5.0e-52
340 439.36577345168639295317750909688314894146038677159293  2.1e-52
341 440.715799117687646684963997873626863833314183301313137  2.7e-51
342 441.586940100313474124035413943028072344359131185424278  2.1e-51
343 441.965171655698601146905722261147113803753090155397431  1.2e-51
344 443.355432503323021779267840249796310391304175100396166  3.5e-51
345 444.176667869582871691415359442605883461494152001084917  2.8e-51
346 445.506842213677220209748975893298712063132854001895986  3.7e-51
347 446.999477645928060201169391501434398981818956550406646  3.5e-51
348 447.949021877797541057080034867817389305729180916457971  6.1e-52
349 448.839237312499265947190788920408549494910201255334406  3.8e-51
350 449.794526290291334493268448638574754927093447416093003  2.6e-51
351 451.41877873217570956783546711026944016604180234717889  1.3e-52
352 451.759829213253226603467397660392673711612341890338415  4.7e-51
353 452.992229350076520647219894948864638222050228767996872  2.0e-51
354 454.012178950865915060082358294793891680904326281401971  6.3e-52
355 454.669074768560273695692590331118637039411652391288199  1.1e-51
356 456.779682313647480627929512550603446700927710646911761  5.9e-52
357 457.719886131169937736984625483328993471052676907607181  7.6e-52
358 458.577984761343584509932273652251641595557496613513194  4.3e-51
359 459.426241740735368039712955452069766093816017150946417  3.0e-51
360 460.557111261488942866107533155574328498426105147419651  1.2e-51
361 461.15689986329821425634879813937218358779535074085867  1.8e-52
362 462.742689582678027809116287732526915659534680455106495  4.8e-51
363 463.60247023771333851896249038194774125549535978179258  3.0e-52
364 464.897909195795170051077040438131641826979485070942102  2.5e-51
365 465.891481476653052825632470420950240553216996296491812  1.7e-51
366 467.181979912002962437728343745105088800216317814811266  3.8e-51
367 468.025893127543345916321177364366984608316767752570184  4.1e-51
368 469.339635279685667583066866022714216180644818858989793  3.1e-51
369 470.068720830617149076608350362367446891223563108663266  3.5e-51
370 470.980086411348568766495805523933668158714061173393294  4.2e-51
371 471.632547168001433227431617687312039295574554476301629  1.1e-51
372 473.269277639194159113714389273082760594738153083866275  4.6e-51
373 474.705298928096103481013395152156619393096343781217607  3.0e-51
374 475.917590397094619256870957352202857935481202063588059  1.0e-51
375 476.346499402960706449556038160140605980636642338385509  7.8e-52
376 477.644386808651979295533703845341418389233432223848868  2.1e-51
377 478.19111918628396980095087829353493171595724465024637  4.7e-52
378 479.843349150840403615712183952763654252118506097266981  1.0e-51
379 480.644798988284791397662132460587598726682014706587068  2.0e-51
380 481.330438356700988793981289290869457948187606162218101  1.2e-51
381 482.9710790720046172492171091238383927615632849888405  3.1e-52
382 483.740434486723986434230434120022591873610243407610604  3.7e-51
383 485.342659736524778085900940165362650385515001768614627  3.0e-51
384 486.295205519274044113938468300907813758759233918614667  3.0e-51
385 487.025306761505082080878797410007663481667010030347891  7.7e-52
386 487.959621941388877209267380885564366122928799399588584  4.4e-51
387 488.868156968103345824121674193400490671495487252936456  4.4e-51
388 489.817087561060210663121458727350458896154919242616209  8.6e-52
389 491.180988810463123145003945593265373923834097598679408  1.7e-51
390 492.829876031537566784163063083819843222723379834731348  1.5e-51
391 493.450187864623855574745098704777770157693682810431588  1.7e-51
392 494.33552518425360741052833163754380760782543778995477  6.9e-53
393 495.489651551353088161590315096475855690457118988057533  2.9e-51
394 496.588668189349381805538762861107293711627606024905845  4.7e-51
395 497.501030802736865560504224477520604595763497575532026  3.9e-51
396 498.611878497002095376750759085058400620149276144981781  8.6e-52
397 499.349773449164572836086283631902091380522550606393086  3.6e-51
398 500.303834489677013657722360956667385953727830736171462  1.7e-51
399 502.143506763284706053328682059479097297800346129030934  3.6e-51
400 503.221386378341109343218190200131071843703777379938539  1.4e-51
401 503.911857891991649636556457425043153900989547562773258  1.7e-51
402 505.13982013552459540971178032425535912886501927000693  5.4e-53
403 505.630066004996892040231678092850811663782223661222905  4.6e-51
404 506.734798642809703626098324032437689342015325106503959  7.8e-52
405 507.788637586485489000161966008628397731257470881762447  3.4e-51
406 509.307062234082193375206080246421148248529352737893521  6.9e-52
407 509.971012722316889586010173133015724835894368798468836  4.2e-51
408 511.565362010895217753328106017893441082345461971284641  5.4e-52
409 512.181097251778942586691143971321974213712304437235664  4.0e-51
410 513.254207451510688990875103208794616620149368154172741  1.0e-51
411 514.729408851744988381402974288178821356351952733202425  4.8e-51
412 515.250879085600680439138398181491679470329591399773476  4.3e-51
413 516.253887138403690631722864953144431691919364904499135  4.5e-51
414 517.034285518185553724169598750254298338202794642131679  8.1e-52
415 518.164607038773801791206701365525189234037906356225623  3.4e-51
416 519.972235695096075737771596550857185630809861825623622  2.1e-51
417 520.807814167705705431442576331834247624987858878372311  7.3e-52
418 522.055067630606130047298917050802720606913826328667171  1.2e-51
419 522.543297235532341167465534379271747582616208445114745  4.8e-51
420 523.327573251756972204541054779268149865139265760300054  4.3e-51
421 524.912557329471906618033849834344571588016702406587546  4.2e-51
422 525.537332060814608862933847621024600056413272527521283  2.9e-51
423 526.745633639339175052713436350601125695513029935715767  2.9e-51
424 527.782123882593928201596567223920706898589245162996617  2.8e-51
425 529.022009330945970281055321585841665401765015964233339  9.4e-52
426 529.943608438759058458791656542673578411456453912415927  3.0e-51
427 531.598299407504391600637955217821504621370206672317202  1.9e-51
428 531.921421769235223417797465569234808972764960159532102  1.7e-51
429 533.175373500165646599726368280664731074848349629088856  3.8e-51
430 533.780521536484427559628372872253418576165041905356352  2.3e-51
431 534.944543078484780873344483957804228347214945202285227  3.4e-51
432 535.68195984351324149129273822860089238209633634817518  3.6e-52
433 537.638858657299162077512224733151107369654635230045962  1.9e-51
434 538.608764571082110779346785784215913639797170962764937  3.2e-51
435 539.281561932116424189955979627385240507216990566960316  4.3e-51
436 540.38058437211245309896642266198287813220558870988906  3.9e-52
437 541.305323574701319350921472308920970749191248934298008  1.8e-51
438 542.317428208077439527612215471249380781757444848339596  4.2e-51
439 543.536967088827878069572270878435255634016777344300578  1.8e-51
440 544.367566203422880329631058147884002707100749686787329  7.7e-52
441 545.074041843505572435805426804459307718978604421805794  4.3e-51
442 546.48479739700697993750656822304379675899578846554786  1.5e-52
443 547.921393059909249789716948638290991978350348875324362  1.9e-51
444 549.00453159941891318842873018015327186422313105627672  4.6e-52
445 549.634189787422080783852277942087496359337381174105415  5.0e-51
446 550.864586071681314143271589489074898265503426733364571  1.3e-51
447 551.516353121666501275866478107305021548331875115221228  2.3e-51
448 552.159361918156127287764388754457043420030805888764206  3.7e-51
449 553.854413506611148688843474513525815313739076949480744  4.4e-51
450 554.650096713577137835356471945707153119739750086020327  3.3e-51
451 556.166767449033773123934266291119930810337219593088538  2.1e-51
452 557.054230381953737810544024431259678897212695370192685  4.8e-51
453 557.789928511883531803501828495946256483590144932908168  1.6e-51
454 558.992354698515188174083288603282271687267541618909573  2.9e-51
455 560.095601624281363390295271433270110712970690070981581  1.3e-51
456 561.199704702760315450984756854770279094592911582867474  3.7e-51
457 561.619171630358960495854817540788825356102660088076377  2.9e-51
458 562.697747944409616753079507409033807676543039373525305  5.0e-51
459 563.858637759652111736881333294939069859141482533295492  2.2e-51
460 565.361972207685458946364660658511959360438491839658753  2.9e-51
461 566.710926987812872931829466005540106251250100841579425  4.9e-51
462 567.308303098581439457027955562736633982373316723086513  2.9e-51
463 568.00139605689242799176161300220928492330502519436113  1.0e-52
464 569.161935100738321043426837703521282703133717513877554  4.4e-51
465 569.960577175255060405438644993761675481177045167420654  4.4e-51
466 571.296767749001321830737294834670303791611324524467467  3.1e-51
467 572.047653491542861592394080999950922712925250553858237  3.0e-51
468 573.520141971218401948081973227111805149424161664825796  3.7e-51
469 574.296212537058295248919478712563276746310205271614936  4.1e-51
470 575.466900671443579932157795846901976549272738376028966  3.9e-51
471 576.634580625291049957932859937495317973506363413792272  1.7e-51
472 577.723666968729915312944621959403702747875732734388095  4.5e-51
473 578.296922879160245152539070921330275992696338129737491  1.3e-51
474 579.372916779200471303957887131971967014516548127614602  1.7e-51
475 580.382546503182424476049914230669703084217895595892182  2.5e-51
476 580.815124119928776797579116457528972479654114203449757  3.0e-51
477 582.984760417314196549361345933582558778584961237009076  3.9e-51
478 583.857168741012045579853720932128502186959822238793505  5.0e-51
479 584.721389001180526538282520781158016022744672393121035  4.5e-51
480 585.78298066038445959937777094460987918105424915516946  3.4e-52
481 586.410351725590777354081010770220425243127378285331142  2.4e-51
482 587.553092441526647780077275399623294848906943964988348  2.1e-51
483 588.750045780738116821536833611870685450627901491217714  4.4e-51
484 589.60901498837369955280067861062329481583970912107065  4.3e-52
485 590.512220090272132790166776453283834762017438003878853  2.9e-51
486 591.514978654802204546167444585542794114383709783379615  4.6e-51
487 593.252117534330507249498018842611239860189414031204411  8.5e-52
488 593.740791628225956126542131238710740866236399658645673  2.8e-51
489 595.25548798012329174935644174740751828350355191696883  1.5e-52
490 595.927672260578843941719680873336389043216222551548221  9.5e-52
491 596.581651233753253114726796022253629575943209951385997  2.8e-51
492 597.575302356127424054540020739490075505906755793346616  3.9e-51
493 598.559785110537030286683971397553140137746457848459892  2.0e-51
494 599.879472220840610545525136831637704011957326035573081  7.5e-52
495 601.192772015410432519116186733537065653081393278944302  2.0e-51
496 602.174708325175821419155733956702272034574003805168827  3.4e-51
497 603.178316379929034233545770247758143183079825772425242  2.5e-51
498 603.666910926263857037619134213786941369165429259624509  6.9e-52
499 605.136686252275220784306780283378057375623002154859409  1.0e-51
500 606.321681739394166640190863812473131151918176437786445  4.8e-51
# summary: 500 zeros, 0 miss(es) at 50dp, worst |geo-ref| = 4.98e-51 at #273
