# L1_zeta_q1: first 500 nontrivial zeros (ordinates t > 0 on Re s = 1/2, increasing)
# function: Riemann zeta (the Dirichlet L-function of the trivial character mod q = 1)
# character table (q = 1, conductor 1): chi(n) = 1 for all n (trivial character)
# parity: a = 0 (even)
# root number eps = 1 (exact)
# method: INDEPENDENT (non-geometric) reference. mpmath mp.zetazero(n).im for n = 1..500 (Riemann-Siegel based; zero ordering certified internally by mpmath)
# precision: mp.dps = 65
# reality residual: n/a (no Hardy-Z scan; zetazero used directly)
# completeness: smooth-count max |k - N(t_k)| = 2.039 (reported; zetazero ordering is library-certified); max gap/local-mean-gap = 2.202
# date: 2026-06-13
# count: 500
# columns: index ordinate (50 decimal places)
1 14.13472514173469379045725198356247027078425711569924
2 21.02203963877155499262847959389690277733434052490278
3 25.01085758014568876321379099256282181865954967255800
4 30.42487612585951321031189753058409132018156002371544
5 32.93506158773918969066236896407490348881271560351704
6 37.58617815882567125721776348070533282140559735083079
7 40.91871901214749518739812691463325439572616596277728
8 43.32707328091499951949612216540680578264566837183687
9 48.00515088116715972794247274942751604168684400114443
10 49.77383247767230218191678467856372405772317829967666
11 52.97032147771446064414729660888099006382501788882122
12 56.44624769706339480436775947670612755278226447171663
13 59.34704400260235307965364867499221903109877280646667
14 60.83177852460980984425990182452400380291009045121918
15 65.11254404808160666087505425318370502934814929516672
16 67.07981052949417371447882889652221677010714495174556
17 69.54640171117397925292685752655473844301247420960251
18 72.06715767448190758252210796982616839048090662145670
19 75.70469069908393316832691676203034592281190353069740
20 77.14484006887480537268266485630463701579603244923446
21 79.33737502024936792276359287711622819061324674312003
22 82.91038085408603018316483749477060949750888059378215
23 84.73549298051705010573531120682774141710662793424082
24 87.42527461312522940653166785091921325217188640126903
25 88.80911120763446542368234807950937839544489340981868
26 92.49189927055848429625972524181068487872179402773065
27 94.65134404051988696659792581520815393772802701565485
28 95.87063422824530975874102921924678169525646122498800
29 98.83119421819369223332442013862232782065803906342820
30 101.31785100573139122878544794029230890633286638430089
31 103.72553804047833941639840810869528083448117306949576
32 105.44662305232609449367083241411180899728275392853514
33 107.16861118427640751512335196308619121347670788140477
34 111.02953554316967452465645030994435041534596839007306
35 111.87465917699263708561207871677059496031174987338587
36 114.32022091545271276589093727619107980991765772382989
37 116.22668032085755438216080431206475512732985123238322
38 118.79078286597621732297913970269982434730621059280938
39 121.37012500242064591894553297049992272300131063172874
40 122.94682929355258820081746033077001649621438987386352
41 124.25681855434576718473200796612992444157353877469356
42 127.51668387959649512427932376690607626808830988155498
43 129.57870419995605098576803390617997360864095326465943
44 131.08768853093265672356637246150134905920354750297505
45 133.49773720299758645013049204264060766497417494390468
46 134.75650975337387133132606415716973617839606861364716
47 138.11604205453344320019155519028244785983527462414624
48 139.73620895212138895045004652338246084679005256538260
49 141.12370740402112376194035381847535509030066087974762
50 143.11184580762063273940512386891392996623310243035463
51 146.00098248676551854740250759642468242897574123309580
52 147.42276534255960204952118501043150616877277525047683
53 150.05352042078488035143246723695937062303732155952820
54 150.92525761224146676185252467830562760242677047299672
55 153.02469381119889619825654425518544650859043490414551
56 156.11290929423786756975018931016919474653530850094292
57 157.59759181759405988753050315849876573072389951914173
58 158.84998817142049872417499477554027141433508304942697
59 161.18896413759602751943734412936955436491579032747547
60 163.03070968718198724331103900068799489696446141647768
61 165.53706918790041883003891935487479732836725174506860
62 167.18443997817451344095775624621037873646076924261677
63 169.09451541556882148950587118143183479666764858044163
64 169.91197647941169896669984359582179228839443712534137
65 173.41153651959155295984611864934559525415606606342012
66 174.75419152336572581337876245586691793875571762057166
67 176.44143429771041888889264105786093352811849710880972
68 178.37740777609997728583093541418442618313236146127250
69 179.91648402025699613934003661205123745368760755301841
70 182.20707848436646191540703722698779869079745777823991
71 184.87446784838750880096064661723425841335102291195067
72 185.59878367770747146652770426839264661293471764951328
73 187.22892258350185199164154058613124301681073460399032
74 189.41615865601693708485228909984532449135710302319335
75 192.02665636071378654728363142558343010583992029797710
76 193.07972660384570404740220579437605460402061581054886
77 195.26539667952923532146318781486225092690505245228692
78 196.87648184095831694862226391469620773574602869194222
79 198.01530967625191242491991870220886715506269543857100
80 201.26475194370378873301613342754817322240286363918673
81 202.49359451414053427768666063786431582102024489942005
82 204.18967180310455433071643838631368513653452922874191
83 205.39469720216328602521237939069309092372291477204841
84 207.90625888780620986150196790775364426865940376888400
85 209.57650971685625985283564428988675217539078318132616
86 211.69086259536530756390748673071929425339403098293564
87 213.34791935971266619063912202107260882189718327663307
88 214.54704478349142322294420107259069104559988805308308
89 216.16953850826370026586956335449812857545371427416411
90 219.06759634902137898567725659043724124514918292701135
91 220.71491883931400336911559263390633965676114507766197
92 221.43070555469333873209747511927607795022233107731991
93 224.00700025460433521172887552850489535608598994959553
94 224.98332466958228750378252368052865677209005448558743
95 227.42144427967929131046143616065963996396914832197663
96 229.33741330552534810776008330605574008275234138781852
97 231.25018870049916477380618677001037260670849584312337
98 231.98723525318024860377166853919786220541983399456250
99 233.69340417890830064070449473256978817953722775456584
100 236.52422966581620580247550795566297868952949521218912
101 237.76982048092520400323662592638710779416061935211606
102 239.55547757332762874026893203433449248170831832670616
103 241.04915779621658641283792141033567054964568284472209
104 242.82327193422260001682647445887854995394054376761493
105 244.07089849707815823681652798984450134710019071677033
106 247.13699007489749946755096817920813226786464200962718
107 248.10199006014845925676214208465699735581038125844332
108 249.57368964470720919232979418873997034261113068267074
109 251.01494779501600114295415510370804815232678283153665
110 253.06998674799947719459901378561809093008715024964497
111 255.30625645491402275308649179400142315791003281496342
112 256.38071369443447778935838233972953087121665239003275
113 258.61043949153136820898305864475913163219440628499009
114 259.87440698967800035067284461387659266619848146457022
115 260.80508450459687018593123347246454803493895387242550
116 263.57389390487013223308158813102330317031421943699390
117 265.55785183887632029247730896418491464100498615248475
118 266.61497378150107249572011297386791180663595718717011
119 267.92191508282405944037896717218561837429256814328272
120 269.97044902399760259469350531889847966292690528805631
121 271.49405564164499901817941675752285069354351956299049
122 273.45960918840328704571425029880177292284009967709352
123 275.58749264934384124874070261937778482644752859722843
124 276.45204950313293867988734363839924194807996668099886
125 278.25074352984195449274827671131625892611790065588674
126 279.22925092774518922840988045195535928349263740556129
127 282.46511476505209623302720118650102420550683628034582
128 283.21118573323386742049383794332893829845568487895863
129 284.83596398090472413315763392269621646314282792831192
130 286.66744536300288429284762414641493934386822628277781
131 287.91192050142218715525412027186751038546141944057066
132 289.57985492921883415273802356935234388966949836294255
133 291.84629132906739583551305442463851188282063559998214
134 293.55843413935628535677669710603507734379883435647095
135 294.96536961926554217506644863900967134305544588255062
136 295.57325487895829238846083145877861063728515711063022
137 297.97927706194341520992968295768283418105709718979891
138 299.84032605372131296002705252529376925421557006434298
139 301.64932546219418362347010020841798208110561009352329
140 302.69674958960691705175147709535292276293582041168150
141 304.86437134085729770014874990314449959258694583824195
142 305.72891260203680928922282126166096725696315957908238
143 307.21949612817005478941003339993450226743384827842284
144 310.10946314670189880478621976799894583476301318153289
145 311.16514153035600327094267080035481989918880493970387
146 312.42780118060089198048598309287426376285394009315292
147 313.98528573115892297904896575457632856802498157515417
148 315.47561608947573386859607814395376533577469763098964
149 317.73480594237018039564549420496811401524274058514795
150 318.85310425631659790668918454774918220301310241088538
151 321.16013430911357829192147141743069402975266279829227
152 322.14455867248293229883744500598854926037198020861447
153 323.46696955751205050621203041479516335676308717769456
154 324.86286605173961326498008699540040991980452105153319
155 327.44390126190545734346926381632070335669434825573195
156 329.03307168048093403361472757680394620369282560442144
157 329.95323972823386634389212218863146605832392163894896
158 331.47446758266342437566175386634482792321760031351190
159 333.64537852486985058496168308087942538086782643589180
160 334.21135483324438323240340795919249315418727702200142
161 336.84185042839068479465476291941188600720836856062843
162 338.33999285080661188625732608716320339091764356334710
163 339.85821672536354019232655093087399718319704424976949
164 341.04226111104656048259778459853691718733764747073723
165 342.05487751036358545140382509409805671518693066539549
166 344.66170294025233704418118809819918578271524240281493
167 346.34787056600994739593645981615193389819673544346290
168 347.27267758442048447579709488806997967608092845685557
169 349.31626087069614412315555573399372133608890556223886
170 350.40841934919209918767195323448723446964587366433102
171 351.87864902535928043671339307659693272993031966958544
172 353.48890048871880678360376860943531841334326512989263
173 356.01757497726494731796036196076644267571444554719387
174 357.15130225203962480960292823229035661175708118511795
175 357.95268510163227375512891898277744282346638471413830
176 359.74375495311444879929198597699029540537374576129743
177 361.28936169580465039029131122771522819087594163799583
178 363.33133057897383474733444956661473127003524575875473
179 364.73602411408899371626210212694040001720230030568997
180 366.21271028833131686107714519680657417910937537986061
181 367.99357548174030332618329804420784639902488201851655
182 368.96843809573438989157690129989191063819441378071101
183 370.05091921210600033965116306126661142246659393376873
184 373.06192837211283844911939643128539190294177274231280
185 373.86487391090856974475636273365946094967850792226361
186 375.82591276673933410790771414669302575292966667435520
187 376.32409223066805211719081961242757961296202668497609
188 378.43668024996547972409096591320352055631653093875784
189 379.87297534653234665102405969044627156810915696804186
190 381.48446861718652491966252242365739536579919838504259
191 383.44352944953648770434575548072253690419931105650896
192 384.95611681486368710375158420879351339027092915012354
193 385.86130084597422918056195935980325761561180656101826
194 387.22289022238798097594851473810981409096403929670678
195 388.84612835423225460080942030037355805735540585793816
196 391.45608356363804577057822812255413477222587011407232
197 392.24508333951909674901518417099288056236218844513674
198 393.42774384443402593669895292012886992049292892034555
199 395.58287001099372097087771132314164213607024391035678
200 396.38185422259218693199945449173052906376159968810212
201 397.91873620961424338698117971079868380448340129118206
202 399.98511987619489950591729986828964577063890996139313
203 401.83922860053321653991130437828723072640040039325950
204 402.86191776388611417631544309603963469689404147710525
205 404.23644180020800474022779956352769019614058675204808
206 405.13438745990992725748626802541673616275605847702032
207 407.58146038689618207630900118139053764050614497450968
208 408.94724550235111251963403976415790179562289174919111
209 410.51386919336663864676910528486718778969270729827035
210 411.97226780427875066464029850727291740753912508529428
211 413.26273607018504688625705931772909087064855851117090
212 415.01880975515511564631921146281722150988151070359366
213 415.45521499629459885712878248666982493169301720795396
214 418.38770578953477922604572309955479882417240917792469
215 419.86136481815232368785230913838281739333016901606158
216 420.64382762504178626797465298500048070245751902178914
217 422.07671005882675962984066544938137527424591817577790
218 423.71657962748181861056287473176607418926279352036994
219 425.06988249446134761437469264915643134210415730388943
220 427.20882508407458052814293388571159838519149380640051
221 428.12791407661668211030506848631815930926093877570596
222 430.32874543093863666992698154185486268415350529315129
223 431.30130693070359201950512192755568105351882691612072
224 432.13864173458856830625324910895271690513948833500374
225 433.88921848092722530294661105079290244887622462416067
226 436.16100643264698407180151826237803798987125116340914
227 437.58169816766858115401316723332545949879014178832747
228 438.62173865627219629091501013717039562978309811233195
229 439.91844221437065641022179002702403928083281618952931
230 441.68319920118902387420443649916799307141932364702444
231 442.90454630260944946972310241276620206608713626613151
232 444.31933627755915592030574353979062094558731764465227
233 446.86062269642952252886087518074674313768164882064618
234 447.44170419449329006552692530360915973048069636887521
235 449.14854568502330475302350313470465000333574564805930
236 450.12694578031352403004576252878170551439076539684460
237 451.40330844538879546211322463135881120420997374786046
238 453.98673780667791603836681029400485837224121097122989
239 454.97468376861678887530943895127094592699490129729863
240 456.32842668924605122449983006305548349845748531816601
241 457.90389306410297157469932917178764504489521230695381
242 459.51341528110601175400994380204140538361330885273161
243 460.08794442217584125533025542820654624552355377786901
244 462.06536727488253096383092114561846204322781755400164
245 464.05728691054828457624608478366667591583268328840726
246 465.67153921137109455296664574399552885149476205854157
247 466.57028693082625516739212595226441209102028417893881
248 467.43904621026163885664500138444684232017252471164212
249 469.53600455911203219181906882912316567800343556625915
250 470.77365547810164769011887945443635354092885050910055
251 472.79917466190881665829799268177000319697305975481136
252 473.83523234513968707380546802338304369066159885502670
253 475.60033936937578560542881992367992506240551881225796
254 476.76901523748452085284868919546831192088761478433887
255 478.07526376667096919987272740490951431988042880487915
256 478.94218153463482653831710176703848402190424310960190
257 481.83033937628656136668137628509759809020300391934070
258 482.83478279098239730655699667632164646869674416877711
259 483.85142721248253756018822108466812768888958696653670
260 485.53914812935600693002542365808211726080647174976315
261 486.52871826165124435236752626994149943622792352230540
262 488.38056709001744852711143066481192219176718846041743
263 489.66176157795613151278090417497710497416927268391951
264 491.39882159366300656921333100853912801763384752472990
265 493.31444158178530093636060404322708223468675917257336
266 493.95799780536946490958309128688515198541246798837752
267 495.35882882213127749683413273717059826264124739797665
268 496.42969621575910348391891281607302043622001101134635
269 498.58078242968654201667508291248790516156147633305377
270 500.30908494169049553930939072517144647270487036964777
271 501.60444696514547766333254576285117453341938655099144
272 502.27627032711823317539950733388534254865170783885156
273 504.49977331342773718379126222836138915514881706691896
274 505.41523174224444202955216610928285533811449651304673
275 506.46415270952353122152607478064523073926962669233154
276 508.80070033646782080946967250819199933770558799716351
277 510.26422794367283442077951765473492513017125792929756
278 511.56228970037459546045490448659912557031268370901332
279 512.62314453140741866710125494348103406961113168154423
280 513.66898555547368343624414641792610882795189321012402
281 515.43505716729937724967689367295731070818807075943904
282 517.58966857246742534135796528694054883279205800704684
283 518.23422314755014357385827437347982066906243628741260
284 520.10631041172325590319614613426185807562244172429362
285 521.52519344949204096773239816319414120378699913804074
286 522.45669617773021043014441332251250813758797793387877
287 523.96053089201584048700750948097210253396423722811271
288 525.07738568727962218059121763013804488884934748416378
289 527.90364160127234522961726807115412042585844548308871
290 528.40621385229265894160889664738364266268315741069935
291 529.80622631870690079816398330156482935704168924241575
292 530.86691788396108964438743451485607017611076424054370
293 532.68818302829373050512644556914356847631028598867140
294 533.77963075376873256548254602313547272191811936025967
295 535.66431407587322461704612318227471468144449894506278
296 537.06975908312232758838973775358226803872663638678073
297 538.42852617624796284350095523978156677063870135926114
298 540.21316637622813338364566898996335095302403518190001
299 540.63139024729511736012807759917593402704804845465087
300 541.84743712120128154711911350890673669341512175313629
301 544.32389010100526290312130875576083620450304227888116
302 545.63683324893481825485543979442205156683033213520266
303 547.01091205812229246365588179312507166425950391483466
304 547.93161336448933831045115942614555752543878568625832
305 549.49756756266137845998473387977356996362431655819839
306 550.97001003948388904565723405699388647363030838389769
307 552.04957220056489279257670254556956968042736690794619
308 553.76497211915881461714978259209355571120369425259949
309 555.79202056168250841657322148535518932669756920078432
310 556.89947640685535126196421865614637447261632061571986
311 557.56465917205852840852398987433127778881835503243809
312 559.31623702868216376093514224020578897156754622797350
313 560.24080749729566824179327635886051982658617691826964
314 562.55920761604585110813791669532453623964102195878452
315 564.16087911078611781387953350040652866393567073973588
316 564.50605593814983512224596893897684057691014609050259
317 566.69878768280795624151228066724072631843608418293835
318 567.73175790117693745033473049357506464179940989543637
319 568.92395517962936849675348741686615173056926720584512
320 570.05111478246359203852701660132786884051162280285239
321 572.41998413245276404527692710734686214949044725567649
322 573.61461052675812998724603210964330093722689559534603
323 575.09388601449488560745717228219820785258424161281324
324 575.80724714092878070942933289443044385303702111596366
325 577.03900347209821121663708968773918929675936757924526
326 579.09883467203660743128436432892110014803352605693621
327 580.13695936238462867271627634803320000916851245310541
328 581.94657626590162555150611454472395673251056312658638
329 583.23608821916727826196057364948566209738962606957547
330 584.56170590346552836694589339345446684922629887450668
331 585.98456320498830057418725898558899083829406030051884
332 586.74277189125015564477184508734522087471206506512388
333 588.13966326624795641755423527049078529146577918414584
334 590.66039751676527563103200331027427486077801691222203
335 591.72585806504805664922244647274055813100462003727746
336 592.57135830022556982077271612031647430406512281254245
337 593.97471468223102924380517450938162622020331304692879
338 595.72815369738894917702092073286780442266354439995732
339 596.36276832839368408957909707046235620384090261266232
340 598.49307734616475440106358293611005083738403507930912
341 599.54564036436485399751539514444541029220720796922665
342 601.60213673593263605173810759596850847466465261703912
343 602.57916788638735429882272454283781845795443302319058
344 603.62561890357916067224396685745155420552600682735888
345 604.61621849375323291463960278864923753581109275575425
346 606.38346042210904108867431123988374521386914770483686
347 608.41321731118732517512672375717967124319025272796801
348 609.38957515472008052732387954789876784797113351640539
349 610.83916293773940692670253776777883271190419809089623
350 611.77420962088720463516836197265696690447853029777150
351 613.59977867563711940518645618591430339691642090552786
352 614.64623787223262152555308398761923505230256826123684
353 615.53856336940702785347426589569947438997134735452458
354 618.11283136644237338254022702458092636326341620535109
355 619.18448259795363424902814642431181239404384765692608
356 620.27289367222752191908557259479289640139736895864218
357 621.70929452794862295729863306084837185651102775009362
358 622.37500273977900921788154377912352267103459252674430
359 624.26990001817788083477294703874997387053697171756125
360 626.01928342765438219833621740589555995542675472368442
361 627.26839685078302075199764559638329756949978773426296
362 628.32586235946036193594381566512153583961593831653815
363 630.47388743829204587060658677634854985010398826908033
364 630.80578092719753264187172524814688683398729668951426
365 632.22514116711595195215470592961046845728508753879036
366 633.54685825225177748419713345878245928787431763719038
367 635.52380031060545381052558175111789060579179340709719
368 637.39719315983730717374807428792947825832766657769694
369 637.92551398082258109342883971652389507571653769888860
370 638.92793826685677019377269092137186219209933838508061
371 640.69479466882566762318753849869779520897346861531818
372 641.94549966570529454537853855321741111053380427695017
373 643.27888378139788936114336280335710521951607979610089
374 644.99057822974800251244371232469925862593880821182905
375 646.34819159550159203388094162166237653809386286226913
376 647.76175300428888379376680895224885011204812331853423
377 648.78640088878244077108013376947459835963018375387512
378 650.19751934525645908325389759235632352595936678873501
379 650.66868389139598253056063305467549162182599336152014
380 653.64957160539469190208686495944932715711389173686546
381 654.30192058631934227547061632298174212511263231834344
382 655.70946302235563631602674275039580428887720794095050
383 656.96408459946061742286989658576392779256833847989330
384 658.17561441860539974487980790927664581494713036110557
385 659.66384597296410783116518214602363556440412561504542
386 660.71673259527927005215888125181468504716008252770633
387 662.29658643110041064437826639180563902861980836016374
388 664.24460465227301344989025726143772787018797039546895
389 665.34276309559904054278816979251601823023739860820850
390 666.51514770417296054877509581923204282259769131543082
391 667.14849489455542994106921327453273594950037339060444
392 668.97584882023513140619227966226342889490802847658728
393 670.32358520586258403442955331722175844991114495136487
394 672.45818358416973418136508633517800576390510602319490
395 673.04357828614764577013104065132060001026139760457193
396 674.35589781012316789615632010608790099854665405915493
397 676.13967436362674820317813571434343052525395905081122
398 677.23018066876397324785479956961293230109061775815514
399 677.80044474622133491893875739326947147982294768473482
400 679.74219788252821771952593891126999534561355141590067
401 681.89499153315188910945241108136765727856287475356765
402 682.60273501975054548754083664487118909593475814156331
403 684.01354981386950523619412795879451961666367402313459
404 684.97262986209845254573666173834441324919214174687854
405 686.16322358772794960347300671138851539343355925242563
406 687.96154318470364848279633748968503552776179926549516
407 689.36894136227236842325519282517255090091783252928042
408 690.47473503235039769394308945390297172967334709693522
409 692.45168441552084884984665236505928143026257010537400
410 693.17697006060182484562309750809318195071298611933977
411 694.53390869987314001563070454193222442870066417216576
412 695.72633592092673016780142822772933989302535527035677
413 696.62606990034561497090281851956110505693661086622845
414 699.13209547601350671081616958795116431276698619702255
415 700.29673913214349456801214984411023181921683498855652
416 701.30174295464615568517391403947574389961963735052362
417 702.22734314576050011943531981033740797564479952087950
418 704.03383929552530932265307229582600395672710410441140
419 705.12581395461922766686747943943914292199866155483622
420 706.18465479951791902581098501600108727211321719330500
421 708.26907088510989999526902863962964910897093626994668
422 709.22958857028430070903469330356195235117516867260006
423 711.13027417968543156547485639037759778219259816104359
424 711.90028991437531203891507905321160443800037816494761
425 712.74938347010129025461057436722149992899246236639078
426 714.08277182066939307692452716596826726454072115972569
427 716.11239645405211014818202647593088037330662910791991
428 717.48256970310019071444189757932269776663416397032406
429 718.74278654548589398844918268490937186504849680449059
430 719.69710098836566513269096089758873060134033541443885
431 721.35116221853641712838615869635834299519437198887330
432 722.27750497567423734037614366018581253586977206163774
433 723.84582104512841551167192240368018952881056716619685
434 724.56261389037907959224621677140485132836011012299652
435 727.05640323004938161764840527789085476994318220874097
436 728.40548158893406003474435523293102560478739161112611
437 728.75874979561426856613063227339048608224722014064243
438 730.41648212275643470994403935435784668154548196756216
439 731.41735491859852508074935696029530201024254053724483
440 732.81805271449984920856752688777101730649808658274648
441 734.78964325237799425231251000340454802699608532224957
442 735.76545920857832107693218880523229800239327456881446
443 737.05292891226530804231054087698881942335873369409644
444 738.58042117137382252170544809171004427449004010088672
445 739.90952367404194402970095938783325152042961510623620
446 740.57380744729501051503597159715307132466498540546119
447 741.75733557294167327586116200279170817867889003809796
448 743.89501314247365938155014919786613528715040909967346
449 745.34498955061187432564054848359263020844005583417988
450 746.49930589943232950960500661862737987796761997636983
451 747.67456362426952835956936787295266496304331001682664
452 748.24275446508454786850329469893412154823624416740427
453 750.65595036212429986680743837029462665506838700626524
454 750.96638106665083726845841969542878542278624129091912
455 752.88762156720237474950770500312655894041710689617506
456 754.32237047171267268510308625059281433180414811161337
457 755.83930897603782987279244037000438795680333839422545
458 756.76824843995093072013321023474403428866005119911529
459 758.10172924641258341148976829104399042016855796594228
460 758.90023822489237476743539290540975648236121803362516
461 760.28236698351206453186960086210369967698603271538770
462 762.70003324969105472806899990857665316550864631498793
463 763.59306617283722299697324717266435254441760779859117
464 764.30752272418022173625122582555298372546570807080514
465 766.08754009983620539442246482692112535039974719806301
466 767.21847215553951408249941016240426487717248612138583
467 768.28146180650923082345666502621489832784380405636007
468 769.69340725262442432500665491041905468090665952095223
469 771.07083931367831632118722191611928924948523847242200
470 772.96161756575702433782916594526840967084190364856716
471 774.11774462794050740214190939655718899464874305692370
472 775.04784709658050805001699296920556065181629999914908
473 775.99971196317144247773158260303119805896724656596665
474 777.29974852959256481651097706287499043406783023484695
475 779.15707694918900406392453774211992406951995328438467
476 780.34892500418167053812778355079498695217518028780637
477 782.13766439081209475431768732778656517513349371472701
478 782.59794394607353986616650574409293082989737774868389
479 784.28882261246550146314609966577582028787455543828083
480 785.73908970071505184064618776907869430184165073648198
481 786.46114745050627745989678749687847268332969658933662
482 787.46846381591003838147349962303003696400511736007393
483 790.05909236411956429494600325468193375439025709140352
484 790.83162046792103501908293139479826372245277790570209
485 792.42770760860452686639107018912141279560800215753415
486 792.88865256262258804224275320635308278605249521915375
487 794.48379186989316448131837527744619141905530294931268
488 795.60659615616241262791255804776511312182257831509637
489 797.26347003803558491619170457741738947467327563195141
490 798.70757016629621130969195342172827421015177055011967
491 799.65433621089763277282689066353753678263881585720413
492 801.60424646298205596667661614243729848399383142638734
493 802.54198487841814966241714105896808612633067157671199
494 803.24309620427019419022622905382030142607255229316965
495 804.76223911266176395159578396303783643788954415345754
496 805.86163566709480283680319154272653043268925516153023
497 808.15181493599374739235585858094234719624757588766505
498 809.19778336330071038771960479501839575008454675019611
499 810.08180488640709989152472990147138954790079176577971
500 811.18435884650626033788432746488002207703453963099405
