# L2_chi3_q3: first 500 nontrivial zeros (ordinates t > 0 on Re s = 1/2, increasing)
# function: Dirichlet L of chi_3, the unique primitive character mod 3 (odd quadratic)
# character table (q = 3, conductor 3, primitive): chi(0)=0, chi(1)=1, chi(2)=-1
# parity: a = 1 (odd, chi(-1)=-1)
# gauss sum tau(chi) = (2.95822839457879427029398211981e-31 + 1.73205080756887729352744634151j)  (|tau| = sqrt(q) verified)
# root number eps = tau/(i^a sqrt(q)) = (1.0 - 1.7079339599344613345645649872e-31j)
# Z-branch: eps^(-1/2) = principal square root (branch +1); max relative reality residual |Im W|/|W| = 2.12e-30 (tol 1e-15)
# method: INDEPENDENT (non-geometric) reference. L(s,chi) = q^(-s) * sum_(a=1..q-1) chi(a)*zeta(s, a/q) (Hurwitz zeta, mpmath);
# method: Hardy Z(t) = eps^(-1/2) * (q/pi)^(it/2) * (Gamma((s+a)/2)/|Gamma((s+a)/2)|) * L(1/2+it, chi), s = 1/2+it;
# method: sign-change scan from t = 0.1 step 0.05; bottom segment re-swept at step 0.01; roots refined by bracketed Anderson-Bjorck (mp.findroot, tol 1e-58) and certified by a Hardy-Z sign change across +-1e-54 (50+ correct decimals)
# precision: mp.dps = 30 (scan), 65 (refine/certify)
# completeness: smooth-count max |k - N(t_k)| = 1.236 (tol 2.0); max gap/local-mean-gap = 2.102 (tol 4.0)
# rescans: bottom [0.1, 8.03973715568] @ 0.01: 0 new
# date: 2026-06-13
# count: 500
# columns: index ordinate (50 decimal places)
1 8.03973715568146668171362321417296580279301026738606
2 11.24920620777293524970502567886321464869592679322465
3 15.70461917672162556516555088043278075820480287304665
4 18.26199749569312756892441409359486512019303856516602
5 20.45577080774249285344502583131310267044396327547079
6 24.05941485649345077459305359321296478626059682748168
7 26.57786873577458531458435093753407693418550967491972
8 28.21816450623338609318302976031077056481425825187851
9 30.74504026138249573780824181050617135036952794770927
10 33.89738892725941901767787403300523957944689181905919
11 35.60841265393863465481291012803171419160706501780765
12 37.55179655636462701986044645770366375767991758532957
13 39.48520726092935076736629266003934190704843499542829
14 42.61637922615756757432280685148006644714199803302021
15 44.12057291207220244202440459309699962632962179070968
16 46.27411802351314008510487166014116016639913027172617
17 47.51410451011732211493635699685959550025487738034864
18 50.37513865063626598282191734144942914775622543244218
19 52.49674959906075366728822217178959813697638128458729
20 54.19384310155191357860186830353479475085067072184629
21 55.64255870021622137385640336662955778933415347224449
22 57.58405636044918378148658948822626450762625281117614
23 60.02685745671590223526149077217369667372409814609287
24 62.20607812228213648686964588013561586144551742599004
25 63.17699276733910829118311838811819222062372590551348
26 65.29492554408371203312853811064661822190599121461961
27 66.62313462553293005965853741728577195630681825356762
28 69.51302298597999593419683737254789934090873554945386
29 70.81979869554714963679597210460369084158761861988628
30 72.65614907069666485689435758738572929043362481514987
31 74.00542852100418969330880884005665013510780687749591
32 75.62240696403070968325847669097514113350270619458269
33 78.21748127092660984301933907906216674991272894919922
34 79.63797575190780201641174841050416648011180015476979
35 81.61198760947144692236423432363954523175372355503195
36 82.47025251222195794648947648481413903118419658263093
37 84.41228663829340908784455275600493206705868169610671
38 86.32764628301414793912264079366432561184574862688695
39 88.65261720853939082326874424372823835437001379646825
40 89.64640275684170011255313268896103923041882966386124
41 91.33561035443308233256089646445122913767070371967545
42 92.75346438711915817510725878357427935558656449962777
43 94.39435879716337757793431780703623976462928015170785
44 96.87425208978530826836727433745106529126877990184835
45 98.12645490424191213145524999617900037516505967161201
46 99.53348926405860551015291862957047034782540424107764
47 101.37496346790001895757094146488655739541256106772191
48 102.11636184506492079042239377102279183900698904458233
49 104.76537547016451876061543860023220766349735198470366
50 106.24606184887637674029329810413878870504820846238644
51 107.97031611713810274124777482682009835663541430091175
52 109.13760391449175737784651484262712020993152046279269
53 110.52335103681335102838039686786436230081479081873869
54 112.15477184219996947479795333762034577563834402523728
55 114.21714827156425235588701489974593008401870484512717
56 115.89814244184313910926683910572542189097883247501964
57 117.36975099660535997122692534410621352786383337735350
58 118.29941830789760536294338362915974174081030078385165
59 120.25518223849444733043630574461458678759563774599431
60 121.27884159650737288156602622891436517993374859147322
61 123.89049065980963186701029348904982516960479387842508
62 125.01078350060402543871202715838906224362632488940643
63 126.39731225583503013068190349489259489543495528146780
64 128.05267718423614205180884624945046356578894345733509
65 128.93723692862378015128543782430003340487752293535853
66 130.81136991023855702943742688680414969330543635661086
67 133.03244964930053416214117186610099614589770461493095
68 133.99086264341532164157457832819976831276819400691076
69 135.82089122314953893993440987586982731219856059226076
70 136.82637327155001725231312978730718544929108889102292
71 138.09535955646888209258689836765606184274638555568347
72 139.99828007550451125550428383073764484238732124865309
73 141.64784711184876073063158464569996923455996445493622
74 143.63847714512674223408597025450662381731594194074415
75 144.25166398258846600457713829984403572942826278924197
76 145.91962956744678365384080473335649292234477538311817
77 147.22423028195671559038567983455502782777728491678509
78 148.60313698926380061817514972744046849205530104502739
79 150.71648956981279894744108571936077160107156504935294
80 152.31852915159030304225291085205771037942667697084702
81 153.19071649426000536538962761488541749789694463649867
82 154.81521615192516933362957294504603683152258713204506
83 156.13648089100722131858454386585940490050126014977853
84 157.14838127659447301608505568474708321823936053661018
85 159.71825242075046663418412396447635907191791720335236
86 160.56831469662582718688131311165663523857381503849860
87 162.41507557096719636767840615546800881084676153603671
88 163.41795193829853080075026483740825666855491732344916
89 164.67432659655822833651017597817616348407387345149567
90 166.06625252927564563111590353565293234598841085192827
91 167.86772853128119738245839613020339945565586035450092
92 169.59828456081661628174296313018365696080158894339802
93 170.84748304239912831648281059085266923926816153276830
94 172.30763025383030212093934143511686722050804718427177
95 173.06023361941621589077118770668933975534683736754491
96 174.97135993067004216163711194929003145581969823489405
97 175.93008181538425175340724212781931629236731865354752
98 178.25616765547602505135813674409697168799608024764356
99 179.51883345792155913483423783877747031319593765206474
100 180.43138681003089427167352456982401116327707850953194
101 182.19211659891208467447795875516365381675801513828441
102 183.08690052849118188456732471400794017249505156147912
103 184.43181956080852673104460058702516681840243240805853
104 186.46725495995040749134096258338084755772463457072920
105 188.00443272451067748044514144637460899427997124953072
106 189.00106714502089292525490305663545717021645939928425
107 190.60192473504366975164553661367748117201725761206506
108 191.63039667549473778089747273490150121564737603116682
109 192.71019723651836284203696207942178430977435022970112
110 194.66486410903892608212896385539054133425504538699340
111 196.10845836415063956189716852545995915440805577125047
112 197.69960648915814770358986787666761691761194503493845
113 199.00885879863788276347011531253801429215045363246751
114 199.68142318360262529327010218471945266637989754520227
115 201.58800663617669548683109972931316805981624391846488
116 202.35490075312681070556812654476640418408038104975196
117 204.34156686043495173491434222599366894799030992707167
118 206.04434975366885356857483578558672475353014585059332
119 207.14030253626752752575360936740485153069089576414764
120 208.23900569098178085347279132937525751006205188629471
121 209.68181246474661640529400463245666619974553440970494
122 210.86880759363742405262148010208588384211466533939035
123 211.98413474651746023171301214595516128426377560057188
124 214.57593641790341577151562835336011313409934238011455
125 214.92112618865214338499365289529979895164183801652405
126 216.75174556845292479818953720045298073915628444309819
127 217.95580996651202337041699744411392894997608523696865
128 218.87706920688109718043682131085417675972114505765741
129 220.25186535644641502635926469890989823476378610930412
130 221.89540628437366751193287645423138786068895138870838
131 223.54758745824787598789922752640720309485734199619678
132 224.82556842312725345813709256694381644902849331596403
133 226.11304575128904470765220266118436229073760109884492
134 227.16395481185330172065861658284238910431853898319894
135 228.31036296806697740317229362576620440477874631171738
136 229.86032075995806341988348486181148412613817157168246
137 231.11266676678763222012707355345432509305064840809810
138 233.24732788564361897893911400910689622405304257537694
139 234.06218582772349687530357727791504944983481724561921
140 235.19018368059526255633272528828440850986260052107536
141 236.66742327893103674361970028058822216047861819864685
142 237.79984753851929566807016492479192284739956535243896
143 238.78151927504063004126192137322005092492805096226562
144 240.95462161992473249949686116952415528332191044603089
145 242.13555163267791160564648258981055542162509678625691
146 243.49032222572439735505618954370542977931650230150389
147 244.45622018634821890742948293552472219610688050973052
148 246.30282443450123256941373560842147288222440578991656
149 246.41489647656354205645020466600798267426429458638671
150 248.39124753997048618538447927083335138470843680789587
151 250.15628574490929561544535848134553846333610100158881
152 251.20729647437932095051656698606729108443145461722451
153 252.93335089701657670793383361047553353586918844473784
154 253.68282598549014258189075428005864451890107382190001
155 254.76008774423076568893817711046074706055167264036638
156 256.41328829128377889853255745982369921695373704439632
157 257.28108458722366750289417915045337030949665173271302
158 259.27319741632851416510617913990833165566089517112599
159 260.66902222581455994393798536503221824928720058038316
160 261.73319000462482003934119735399695189007550805740636
161 262.84136038407342188535677860551692503633231659300119
162 264.09272513326279269529951773211948279509994173725679
163 265.40549169731853592236801639896657317337362038673711
164 266.34676881351467689728330806466990352198560720003059
165 268.53340480919267748474888833201719772098093424303826
166 269.76334752902963410834858631312333083909405662676541
167 270.48379266148635036552503880412617250180541665355900
168 272.45470014647641930182642597955824194968709324472878
169 272.87009917411687683204868188275957636788880614601792
170 274.20758901429260036495065330014132878859700049245346
171 275.72320349520767908568284057148500130898594672676251
172 277.39226455603638993950852675058340777075022133817111
173 278.59478314711144868597900511123946261655757041244004
174 280.02887546669722363244457182494394606085038376382307
175 280.87971187171704763568656533991167847736769453779258
176 282.21088436993293775231192083837012194646475850533287
177 283.16122916816094379604371903959441860870788541796941
178 284.79320551756751246219259759241621655210333544978183
179 286.06717679071987049128882827971698024994349097765807
180 287.98572529194510815982937811393351410678100971097567
181 288.71010283176852808999252805680472282853838194267261
182 289.81963138650123447789914890352946134837542040698395
183 291.14971601231171726405528856077732271100282454790934
184 292.49940047256395033550555351658664146466577990881590
185 293.14615797123009774811379210021970695962044014248382
186 295.40527341318980373424179255793221052391124253882797
187 296.52378354568669710170501048488321890069257586946761
188 297.69325349386501033816321507552341584592918184777451
189 298.88585264571944565061548077210564239256970541937035
190 300.04424111250838126483528015427752113371297205716230
191 301.19484982799083016522048135735606470415759334269087
192 302.14779384326659829868305126208307502220722162193484
193 304.23459878524762026853727739078128887546821585358348
194 305.26671775777655564481609656273936986812095570904967
195 306.57464013182276992944835984157715305232519519185455
196 308.05641685318560440370138739019322002876602133585907
197 308.59602609782648805199806517606602512850259672605782
198 309.91316598778526862827486971971514376312810151941327
199 311.39971260512907387582655099024109875995807053527121
200 312.43767004218813579313271278318758825316705316439407
201 314.50898516524633932551779445698434102370850334654374
202 315.24780082584499311265730746419625237954567197835696
203 316.74786798888220037717232582344060597339680911557354
204 317.40999010248648723131022761731424957534678117222939
205 318.99290134654926463436945943849154417067212684728245
206 319.88355392376309939311960612309961048351230153035568
207 321.22385045159103577055889946915365770687378565639013
208 323.08837005114698656493130411782384908989481492971408
209 324.47507283812848158432333263911188180943458759125941
210 324.86822771932774675635902771497474165122003570756220
211 326.67489982811599390807808314218688713217254777699627
212 327.68991264651022655550388495665606242381687041195840
213 328.37914907654876282424205718470853149530755415079170
214 330.05807629717526357145056370367400857103668055632080
215 331.70983505204661262536013051006249386405915202882986
216 332.76108585063779707114699683911481335551380372003896
217 334.22812663486738037229012271040302482105249193012956
218 335.10904042970411909154904850773347079303458035050240
219 336.29387913747439390199645002632036378598720328045106
220 337.32311759517900404450044829312809216524887600128850
221 338.61373367315610318705683141126706420336905282424823
222 340.16891272344589015474858157460115138528929183645730
223 341.47381848465004466661495926927427375735619249788816
224 343.05178754158600970942162222971983227549169608103555
225 343.73483577742411019226270806936443949964253759632298
226 344.74056167219349997508760090311689001345773170566605
227 346.40455934857835778356703009305935752399121424544161
228 347.04513403771454173377040213048347343276857450480727
229 348.44109648434663218759735340802553289711655990275955
230 350.55884370500022555406936425791709944116072147686074
231 351.14643257453652918185354592602297308535851501329064
232 352.47678956498902093851425360990646874187442083678973
233 353.72130526887938495090317294704396758893458532454276
234 354.62880893463190066750854056907913891653844904085841
235 355.92871534845984024630425255809970858301828788711836
236 356.81958397412663014928527553069792373929367055805070
237 358.98950434612093884587791878737238539504742241338926
238 359.73991141533447686737648959549265764683114034828557
239 361.14852869209810728815398169353037679548706910674810
240 362.27872692143943809355765203870122451679847107756507
241 363.51063194873829068450631040682473595456528780981489
242 363.99581069143212827146570740117016926054913245337526
243 365.85712778980140620647771262061505902677670058386824
244 366.81072226831498563090107821664678967674990745578434
245 368.54713384072685417850899841748501610814892199028683
246 369.86176812016490752350345988188614569259746085057578
247 370.64847703998470719841278886251373827478053226808389
248 371.88671431870885900987674902602371311180693976976397
249 372.92351545452706991155640969926195465722288977937581
250 374.19965094454627560400271682368166510390693650928209
251 375.18332516744726872720170642945915196651469019780727
252 376.91014248234722268882076447759970491537626891421301
253 378.48536603055668245201512513849324895054550768307869
254 379.13357019280665743998270037391514305279652152628051
255 380.29149944665082695920376629534700132890316300754000
256 381.67093436439934555039464238357579327968691411213061
257 382.73577384515457210171938006082263054466757342239508
258 383.33061009601199436043872687204689151105661121940940
259 385.45429264927540150436392047022782599036957927180538
260 386.55091054717802204947622084653416699418430910501905
261 387.80368993332752597701645693798345196903815357874739
262 388.93938967855491465141561196811677892267358617473256
263 390.13929630133062925345032777008347826296096281783116
264 390.85264757721225794414552596656986274638991866529638
265 392.26367233408204525077426979740663448017825540663657
266 393.32978253981814879728737192596463783625131410058269
267 395.10828252596708288839236270632019598349980370521345
268 396.05995829925479714539074652076428932668574384832481
269 397.68335413891489497256427265224641558716957337657446
270 398.37673163956654687805890283071299346870528859617038
271 399.29425347594639550741630133896090884806144816156280
272 400.83791505200030456115016783191347880212786295745589
273 401.71598876547165546687746640246020134963372396494570
274 402.90554080839164780109078429027092791053682876651087
275 404.91469571524813149179054260017712181337348972284742
276 405.78836003299328723467838378405851341294465838076361
277 406.65959561820079951335186038234930698234240938466862
278 408.18988809693382727853994835582207312248385599636958
279 408.91664209270184909590322716097158401227300202818659
280 410.20927791075185881671458419197727568181854734510547
281 411.11655247464638222859877192526432595984224382356575
282 412.90761540756461346633992927470788654860792881767301
283 414.41694838142123991964488549015183661622646805448885
284 414.93040439611937126164383640841039459119690382164788
285 416.54959473612719653902469218007296250638842313901286
286 417.50435572483940447314435204423440832116329180544172
287 418.36439521794775471079709068570066037485000270847215
288 419.49829438245160159324497562521665804593424742063679
289 421.10791803012910498866258934922590047454007797020184
290 422.19413926788974821043322284652968220681122969499834
291 423.77262496326068548941645189828694456942091523254605
292 424.92635606321560821332480899290979309467849774224959
293 425.52063640819106417416580714312811863539214945258947
294 426.97599415716298642156715319550215620659400828591222
295 427.87823428235821404629043685852127437737558149585294
296 429.12615271130341315494887961267400758811563418879478
297 430.29228890549324220402694198971186132734050397283905
298 432.14715813378126526852067323227784599006641481442780
299 432.95875212086255552905444720524575736542400563584225
300 434.34245368433125527627027108867328320878359263342660
301 434.83135846079325141135769689229806999882465904340649
302 436.63393900838983651216693871487510392118212927819500
303 437.24063374727816185824143206700116003182420037795259
304 438.22442515872169647084719217688920909350148982266137
305 440.32138759674761812066768210636401149741837120518917
306 441.20882282661078679009481033364712567738267829202369
307 442.37238457496487405239604661447112725636219645741299
308 443.60686084294226507442389514301448700210877389316178
309 444.68029310272546013577140968618678703956079914273958
310 445.42208856765309985022589518950721557922040691366907
311 446.76732437893940742528234522046971508281055543185260
312 447.90642525496007633988466945020955582818688919114552
313 449.55718421354441098070056962610695535278370391439172
314 450.61541625090528986606355514724002242403113615187191
315 451.84322151493245788369285428107757590403129630671001
316 453.06672554701751991393039314443802465151321868593218
317 453.61547065307955197599584652533830036537395730451153
318 454.94568855331444358397392915904923152921325092604678
319 456.34611716835342897565386962664822185414884405565376
320 457.02172671295922562765248501272643700249491941841109
321 459.01825865882302516808580554927395475754840693257956
322 460.16070909549401231963945717649624066804917704093267
323 460.98849863943640157496991385295565687505307980929215
324 461.99930499636565764991263738900487840429706012800304
325 463.60475241583016168694662088586307379040965841122698
326 463.97867416193430182624820390658189269655274358150709
327 465.34383291180850488346026960526508786050837802160111
328 466.72657309233439519112171525922031304542227499762173
329 468.44866481061790328514623353622914291742599357843685
330 469.15885739863865296217349536495822722310708629545521
331 470.28712559512510068433797738698507262230106552536191
332 471.62992098383514631902708059300451095714903739111080
333 472.45245538708899890697812597343812548787846317087151
334 473.38714902971671425676159417956460329585543141203049
335 474.64508416517770486598074791343929970978614524428972
336 476.41311860180240595364793501211348812148153839376367
337 477.08602891359178274967253088239848910936507948803597
338 479.02919985692266792826158213681952583710554283369079
339 479.39739975052618317175923627071633142676910642196345
340 480.64424332457057478936489752293036680977816114668532
341 481.64500395200161810999517793047017134711388688769709
342 482.94480025209804394339080260413481082940809327041988
343 483.79462682011090731225480722812092771998972235986283
344 485.41278118581501688700406873979563100563927930790144
345 486.82215167358482733086469908060231534893438098094664
346 487.83317101194054181336628571126672222707379866528199
347 488.80615041416867552105506377676271271911364215624378
348 489.76628103996859113148321554254748221382351794161273
349 491.07033063269493561343142659071747130589640190798242
350 492.10763791182608473591593314130626353151576820366371
351 492.83477578011577251138192899334037061092571375508302
352 495.01342076254133587080144565565707898942008240013208
353 495.88334548998239741637932056643921693343075028134496
354 496.74253607970463860072050494304041822230787672694644
355 498.35151209340062358353898047630949929814686883574124
356 498.92401389660464411103115526774657226118644356987907
357 500.15639264267893572908427785990505091091946182937538
358 501.01273062468298700666565434347528191015174631226735
359 502.53802482239565935342928143018768041017525678128859
360 503.81355318190400314131040618662869834373374568719554
361 505.22153393777522934356180894777979795684869124353469
362 506.01659196545596409593284717926765790165785473503904
363 507.38909901216514341059278719206325918721698112118675
364 508.20311880174984805293750452589398145865960876050969
365 509.01355168251476344099933208383483209712662908553181
366 510.67374247734821792041433208925402897748398333260299
367 511.34806451747974989257830260474712916587150411878873
368 513.02029320692436159808313000809046016576308328053669
369 514.46897495350453958683918092069158818180606599634323
370 515.30421769427642337232508268351974043007795820891618
371 516.08608230300571091112490029331120722684830015000745
372 517.45440496784040466903028970314649888705029247791632
373 518.67945755775597462299799700257593783415264407942670
374 519.11001837681771840217828848298587457479385904548298
375 520.76243371997700483508693235162770945816535504731862
376 522.27336047946072112303599074462241871492748569463742
377 523.44310495728259534448952099065027587626639293163790
378 524.25209945739790782377554612811480061145794851569914
379 525.47481840434145847546055255376510185740203084989752
380 526.53984149071207912036805293514486156531229961619864
381 527.59258349637435544746427946559595238997702506777048
382 528.26250372570436955220774517719239844535771499955641
383 530.02261000566332006236437604163656361475424485877739
384 531.34564837167646515164722357093688179033048413594404
385 532.23230619338181280981271571440733999731492719573834
386 533.68466428549427454091393482373693182925933731004040
387 534.78329104120328018188924837153016664807365584108925
388 535.07731887091248609567494673138186097727403046694844
389 536.78623219759384339515014990225576638289255843661516
390 537.59778966504613915865080445766078471562864358087894
391 538.82309992483081283968622667536574226944890944649476
392 540.40835220065774743332982448208684360538462482593380
393 541.52917967885485451005857443916451955867267777149076
394 542.71963228007895265933342966578512170728095473276182
395 543.32999265578152395557965207620797814651708721959687
396 544.71958441720882321123021921542242606627902467664026
397 545.54082401199367074630749369665506171451214539783597
398 546.95412969506578675333069905884322961483800529465366
399 547.51414893641620911380459397040339200488587728049369
400 549.88637278641249039709057081972680407523059329103581
401 550.31322949992287698073181426673436961816786719722727
402 551.43402042100819336189210197471458168654480378910703
403 552.72548139391208740976090559198560841398976982138417
404 553.74167102557361279770978527786340321941159053675605
405 554.55542484569610753674638673095127885918345371935106
406 555.56848873755625102337198590457502338007028939428046
407 557.08626672795144126739869446373781513685097194673166
408 558.35972020890143091788959042437736668693250327388175
409 559.56113107921394067056174569938651010833853833139938
410 560.62231677966223921134677109605256799284167267108414
411 561.61143661900009397780224410799542192935177436395893
412 562.77653384512677284460675340889611323279995531247156
413 563.41123433945215886732289845373657644060510960968530
414 564.77874873880994479516567941591251443896935129170001
415 566.00241818985423134785421686690944986291877607411549
416 567.16011410312641259433234180030545444329918208621171
417 568.76378421134469650795704166794886878175499718334123
418 569.66078911001173660764095485001450574658932380046572
419 570.42723552443013704088895409146762057107314469539954
420 571.54223048907528711166905263347481825980522991254868
421 572.86474182343794235390629219296418155871245947453733
422 573.62363134671246307502470466560023332820138694253863
423 574.61860059434032618687199621392278322679098901937123
424 576.66695190181901633388132070829745423453822290088321
425 577.24136414511257916006048699027945288124542657547139
426 578.82548244253039731409887047110388827071109834869945
427 579.25209943500590292696134282819553691867965671875674
428 580.72346250435729629394534843397422787704814406310238
429 581.69793066311918502121836517073448741014661859903041
430 582.42165733890299238604838943604826478266031917589962
431 583.72832334598344936332877614972946475669536703530219
432 585.43893096822266366535908287549873664572677716121334
433 586.32597252377235656558911865065822422393777244331542
434 587.34696513101843347478591566068037883332975906284851
435 588.84521065994844376606693293159776314245110983729958
436 589.45221225477671024085715512937280172165025925693069
437 590.21977339979877605145455652297779768429204801971084
438 591.84762758793868832075076025958543119164531660656390
439 592.51130936579204300719218098153784423184621987356040
440 594.04642350612862811850567398075167077780958186590463
441 595.38783485777676259637191639705976537935746669975888
442 596.56863063942502704918283414718729110961187283768490
443 597.26317252640316547325420125865365611078701493558433
444 598.51945412150066447165288569312289176833694003684647
445 599.28292995916813273371273838232688069243709423316995
446 600.68563154498107011149201329032808662632661235278335
447 601.39168769495443625807436843515508315018081524310440
448 602.77941421856452486122071131346454725240266368949318
449 604.53700036022974373830192403071553346062365702778255
450 605.30820269563673568553922076257002474852127012089986
451 606.01802553951505310064353473300794433561349198411259
452 607.47780977065935777333127257912917522010328722045112
453 608.53018799792110435653236451032225940460576041944238
454 609.11081886265746736617376351678724459637157413971728
455 610.32611609807141659662752080763814125620669912510563
456 611.82050172972516786595819026787497740644469185513852
457 613.16741067401799545609841816419182457369903614523536
458 613.97777973510137300823137808387305355280764204969914
459 615.46248915759176610981682633014204662275879564283085
460 616.03032859240985125155884249809633795585480326077896
461 617.26380630795057642432434226100302948444646750399250
462 618.18215512434073996806142298612848315906271055484273
463 619.11688004528570427104197719571807450140788250352683
464 620.73687781544459487049012555525781486327087937850226
465 621.61473302346164564577746716152415839629148722732687
466 623.23352314761633409218903367959722205203729242287705
467 624.06657986853380845441509980167840126197923713041951
468 625.07515643222044238591196103728116066975177454761877
469 625.82134760396931173318103373398645033448288454744569
470 627.21404595812354670470686299421890660672923218202555
471 628.27564756735086156270910038454347565464265616047677
472 628.85099390463100567748713907829213097621361731678090
473 630.91516804534883919584780760463982403102122334500060
474 631.84392837415275103683790345670127706915618770995496
475 632.80382710901598898756240332043759275022960382038780
476 633.91515549824669758301847727176857223066610160484328
477 634.83678758513493711210389432819038156099386421988689
478 636.01412209276485184294629724934421783819042836103695
479 636.83945116997940481427778029860511091572527490088655
480 637.83521624105531312378261759540284414513826925686112
481 639.53495363107708809854776180667884472825694942828865
482 640.86014252438984283231970028955983068208122576223946
483 641.31422739803664904965955459171836986228626162311176
484 642.93531932540997219040779376326027175583053233386327
485 643.70860903573477393545435206055501217545780541239638
486 644.68862110869114718841616138969248324909415305246701
487 645.43422777493531327967693501354286139413933414614665
488 647.12870697886687459854712573740854082879610182705998
489 647.77200987559775672189361036558885372836549339093965
490 649.53256069938428347601317323559215730501763569245374
491 650.48283244103624926819338297238033759688906658471774
492 651.56465263721313581878966800313945855583660018721737
493 652.43141586785890968958456934478525516785642499709114
494 653.39096047266041446869761466988309289343439599132308
495 654.60488332602694902183599951606912047775022093461303
496 655.47215640668045995966137792439864712547781623929690
497 656.65231730206375633485122017360294765801458663688614
498 658.11302220231881618665045655273759326571456895441074
499 659.48161642270583742032920421561857026518054254766016
500 660.30473663077872017901824512981584246891387971551641
