# L3_chi4_q4: first 500 nontrivial zeros (ordinates t > 0 on Re s = 1/2, increasing)
# function: Dirichlet L of chi_4, the unique primitive character mod 4 (odd quadratic)
# character table (q = 4, conductor 4, primitive): chi(0)=0, chi(1)=1, chi(2)=0, chi(3)=-1
# parity: a = 1 (odd, chi(-1)=-1)
# gauss sum tau(chi) = (0.0 + 2.0j)  (|tau| = sqrt(q) verified)
# root number eps = tau/(i^a sqrt(q)) = (1.0 + 0.0j)
# Z-branch: eps^(-1/2) = principal square root (branch +1); max relative reality residual |Im W|/|W| = 2.36e-30 (tol 1e-15)
# method: INDEPENDENT (non-geometric) reference. L(s,chi) = q^(-s) * sum_(a=1..q-1) chi(a)*zeta(s, a/q) (Hurwitz zeta, mpmath);
# method: Hardy Z(t) = eps^(-1/2) * (q/pi)^(it/2) * (Gamma((s+a)/2)/|Gamma((s+a)/2)|) * L(1/2+it, chi), s = 1/2+it;
# method: sign-change scan from t = 0.1 step 0.05; bottom segment re-swept at step 0.01; roots refined by bracketed Anderson-Bjorck (mp.findroot, tol 1e-58) and certified by a Hardy-Z sign change across +-1e-54 (50+ correct decimals)
# precision: mp.dps = 30 (scan), 65 (refine/certify)
# completeness: smooth-count max |k - N(t_k)| = 1.253 (tol 2.0); max gap/local-mean-gap = 2.067 (tol 4.0)
# rescans: bottom [0.1, 6.0209489047] @ 0.01: 0 new
# date: 2026-06-13
# count: 500
# columns: index ordinate (50 decimal places)
1 6.02094890469759665490251152161208586886403396300620
2 10.24377030416655455213775747910995902486415244767467
3 12.98809801231242250745310978956299376497198499733899
4 16.34260710458722219497686148345614993935068777145413
5 18.29199319612353483852600427759069942818536484021536
6 21.45061134398346049720094838629223998914519312607683
7 23.27837652045953153181955888634542277731499885889672
8 25.72875642508872756726508867427729474477964161551738
9 28.35963434302532778565160794178641839102956753416086
10 29.65638401459315272180990696821879931162641719706517
11 32.59218652711715513081519404895881522655763062165136
12 34.19995750921314691304479547000288389242551403304416
13 36.14288045830313783056581447010314782937785288022775
14 38.51192314171869129377650468806576564222177595317097
15 40.32267406669054418034439436231202643025740726295536
16 41.80708462000456233715752189724504250230181806417968
17 44.61789105866230339348204572506045685785534738333312
18 45.59958439679156674593770229335541303276150192928590
19 47.74156228093914125078134734303807748822592364361919
20 49.72312932378258606656957088097042897262756638734922
21 51.68609345287052843953381111031933957332415132168306
22 52.76882076780472926503507657877660343868142595545318
23 55.26754358469922484671825965691546729958513462166244
24 56.93437405520229688680171196112551283952986463624670
25 58.11670711067391797726236754699013190376564826192165
26 60.42171394900783467301861829233211689449358005037177
27 62.00863228576776945193061550294029150798801267283361
28 63.71464111878543312351829795678212515577832411816588
29 64.97617057309599934860592473568343100720574482134491
30 67.63692086354606839805499115056785849568094749341316
31 68.36588450383442296123373814440329481181313767062628
32 70.18587990880211206137128212417919950704803634851700
33 72.15548497438188121469154259977524699689068515106999
34 73.76763552148589333615462616253032355446736562342270
35 75.14312164743311140579800042581837073785038020361622
36 76.69630320343019906456665996811538141419123234844541
37 78.80999831432091300369178320279884439381206962045481
38 80.21013123836663891514803266851344621412271934054279
39 81.21395162688315115773483335135021666459013271322310
40 83.66665601447057165128331036080007146307202882458629
41 84.73174036378162860821757760454962948302105665664536
42 86.57766016839026441021054872993620280485831660486622
43 87.62971811958789968903943238728156781974956842983953
44 89.80113161669581132596938829458816241305172167588028
45 91.34970381469757347393101397360887294666012138857399
46 92.23749991045425804600417577809644103732427548485731
47 94.16661958596002130705306093457829989090207850358169
48 96.13601116178055818527447927251851367360253973644664
49 96.96174157941748357760774332611120589471476122177223
50 98.75530041575452766860397355623373667249132734756489
51 100.13488670306768529019231900137701756099769829373638
52 102.14138082688961382675997846417239924963188231285352
53 103.28807538167900270159333926209963905034729433857070
54 104.33326984426745450495085218289321742562632122816635
55 106.69445890889584172960040026828334842404648498143432
56 107.69020697514670020812946695971290930289752676785010
57 109.25994297392819249128973477925599133405921821411890
58 110.49960817642909478048490818316598693356323030687423
59 112.36781674401217995716661016420193231102119702059110
60 113.81479554899267353956309216856700500461042233619174
61 115.14236964764932790350943728897982505665110978116553
62 116.19320465846121898963013976716073528633570708666246
63 118.53755437884686165780011342059319355893830273367242
64 119.45298987620909035824186237146296922279378285973421
65 120.73129361866037693368487733861594649670261609527955
66 122.44746137906871191967947666126581935626615319609434
67 123.79454876031950609879380617463551350087841814398280
68 125.76851955991559376249639950777035281122033181886783
69 126.29877602494140909790014711432297525068701382121317
70 127.95940768306329938305588874954230240313809243142038
71 129.88562335864546932623503672853404111882705878040695
72 131.09357875408399607523436806069383008076913954405116
73 132.14357660098782788050132129995860676757901484502000
74 133.74418146397481319142376702528027087420993724357414
75 135.49083725255700224755404517535369127562558158310330
76 136.54731226728255838933127346830015516029295081449660
77 138.45729450969625766509038072345514645439728708387927
78 138.75017770461144012954768945994429694226715765190798
79 141.25363250975178412806669869225080753757104694219663
80 142.39441752219778229834700124246806123304600580154489
81 143.32906274161773201159359076442998480565250017820623
82 144.97816627771136218178674824571053254589909405875728
83 146.52200528490833848995838359193622643569896807000366
84 147.93453081218091703481025124967762376510929311588739
85 149.18845771730253638176802818226489272305912672848081
86 150.29635900154312145801640887868249123066615404476006
87 151.96198767048369072791846346439958059018810109228348
88 153.69961262351526052550597529221242908403868707716555
89 154.57549142871991733629296698407686942194288974042366
90 155.65024866324343586811534636101205783455190753807993
91 157.74830530790292831907457399394007253521860793398973
92 158.70502112552935112493067705799199795365367391362218
93 160.23648409677104233377768400560872895817927186936221
94 161.40714697615670734528135110910552792573782421657130
95 162.56604668959903962627418378377530793047248857009938
96 164.73116461657689691990755218076598000438212536779278
97 165.40141928586315409461482328659174437368146545127382
98 166.75387916910842711467929238139078436239320332621119
99 168.04442078170974462074284590046739891578237489261279
100 170.05113118752669021484810140835324827724984220993952
101 170.73476699457880545645576325930106536903574053144942
102 172.28048177162133811838196763032300098755322364893915
103 173.44297883613501571697079678703779268145068577153020
104 174.91508808540057340441548454643495361620153281002018
105 176.59730214191806744299558371262953167707559625527699
106 177.70121257457377580802426811117152989085750669563060
107 178.36237490898565560941206095988837022250805156037716
108 180.56931038528553139779449799462165908359655685957141
109 181.61491373170438998090812363097437693682442638930031
110 182.91676832896896722720668363740993201854934031388677
111 184.11503237536838876567103734718468900194020081226523
112 185.37399660770047491721481054931679560590450710445505
113 187.06876059069440954145591924403667603413315299657177
114 188.27137433227075068590376585667030483200278668599845
115 189.49173149212854251358185449502577390728189023434736
116 190.37118761075577274333641872169442699294838810819303
117 192.36113787605631840741605203303253218482824383630101
118 193.79707292614668099455436082998263413050788211771128
119 194.23188322936089922195285010987721189196553402316085
120 196.13200565468428482335296839538480548162119096869684
121 197.11344622157640853776338153958622799036241450859065
122 198.80647573614690671134916224182762795844773062041110
123 200.16203942869863020720223579510694464667672763876791
124 200.90161787076887940260335394018983555548030391650075
125 202.26057799593173083976534603265065402524181960610800
126 204.22107078015820641522076410862003209876223486691804
127 204.99200345509828370916637885306093575923807410927057
128 206.41191104761124331431101680002210920967490009036051
129 207.31737748188785830627423339980350300452481884173163
130 209.22775249264801305239596645915851460107112792721227
131 210.10318551739854017072638060304808717239387060343124
132 211.83341182042389919211672673251417432294788860902358
133 212.53760753721342419767373633842080195586425473869666
134 213.76184210127810212713458890219083810602958738451740
135 215.79381838201559960577042884386868026338023080084926
136 216.70341526620296547634366016365946349250612769488295
137 217.58193141803801709611175846069524720873125131627926
138 219.17267056694437072466291342491380813435247244650901
139 220.40562171063697515795993637514643347495457047452727
140 221.92854850725447804914936999553604570551141816657063
141 223.00310318062916135528239773758279401144375875841236
142 224.12223848794683215004758750377552865712557463746206
143 225.29326147520535806546186021589040439288669688169511
144 226.98818848837537471961421297294960499422961546304304
145 228.40550629743637922559802586937692531823742291477303
146 228.95902363267523675101910093802278107209923905187309
147 230.33013057780480230594069312603652896851254415871141
148 232.10048174706901195203683131479128417223831598069561
149 233.04806374529880402510570390709499110719990669245815
150 234.35178770183278559126691649522641768363829855700588
151 235.83621877114146878871598100985565784205363490323236
152 236.24156049447563754765718357737063876100775536142762
153 238.53711304998262144198336576011146515406357927871787
154 239.33848813561967049191160831808928299663421811531099
155 240.62671116939306732194741839427515996550885761918676
156 241.47792092821119586131445275566724804748385484675964
157 243.22893117973858440259094575543835760572778647068745
158 244.51316858358815891067982334814532471417041460318623
159 245.56488138011395915721891053306639923046052330207154
160 246.72405853472513520671442280921407282614845038802421
161 247.99511858273842666345737688885893945264437272561555
162 249.18450896488545637926359685713520912840186399154541
163 251.08656315045619512213120508674909805349560918082386
164 251.63691583961430554302515670399394359413775898653445
165 252.62344577966837570410866020444650423488132476598898
166 254.31443735012273900901544823758054097025124863687485
167 255.83791804974205189835948389887877232168860777947272
168 256.50458494734840573390589089905730113069162566127781
169 258.16526285035121855236577748155189266580365031225505
170 258.83447052352496550977190961616205145305254914384013
171 260.43047213492557515755933293087527035057681561065091
172 261.91361498764980573464503312303376058046780708412792
173 262.88361734246063150509166813754596119715949372524546
174 264.05425788812825390396163662802695620806200198805920
175 264.93285914122008364534327768944104873986462366662228
176 267.00065119971523220684196266456670671232916882620553
177 267.80144698460232962989982415405111607400340431849394
178 268.78330606204792631747966005927562570467276587691195
179 270.27808716748190417041357460503178043043361190844603
180 271.25498369444883796265227844785254546429129728181586
181 272.75587860169341823184636252110880114852322059435689
182 274.17145831251909085018642468533768290885409234677055
183 275.03310123658021403265232020230006624395816030706933
184 275.85894601108307686333373639682677676239521166109776
185 277.77232263831925417841397015771294237745367543766464
186 278.80368388728653858809887696409572913767034244483101
187 280.15714487097460512335476032971563259444038821595305
188 280.79310694940911465165921263125576568283786299611518
189 282.37964046356129969375983170297385506085847900049889
190 283.60454343388307793996827167316526896575210245878751
191 284.92559582341671675890997135174678039186649018710856
192 286.08023330771695304124563003392232050051396482122396
193 287.14942464824185193072788533745115014048530464045836
194 287.97847626332132927976356973109034271514288094179507
195 290.25214699517454327999080833920025709722348086840499
196 290.67729632326071525164544820403135386575660702181937
197 291.83202458884475548513071514878751154947881625050324
198 293.20243417747287711021312318063687988060341555527363
199 294.32726845145976737666041014812255528621113100421509
200 295.80347082471925776988952186470859557693750577237501
201 296.90066613885493288162667731857043099672189220456844
202 298.07887411489226009930190933467969737032473665944861
203 298.87032030707756002676910775739655887285137617028256
204 300.43445985053453461820420383658859608277168643585328
205 301.91984252859711814323532055726108866972007208904418
206 302.91793758311719513681600125037127120539655029769944
207 303.66111804033389116484131303465481172023103203212668
208 305.06520886541900440815050048635022292476241996772934
209 306.79513396371212102425959968781585318817686296129685
210 307.28608493671484668789621992613704467371637026642725
211 309.12248303042252096412050490809255800941935345453222
212 309.73990761397483015859790589607853097181649691058177
213 310.82367496094542226066492274949326368134109039610116
214 312.55636686756100688064634691657479511931373420457643
215 313.87794245506793787784240511827689942873412092520837
216 314.43316516928890292103837773277351205328487187148815
217 315.73498612492696188725190718174022211474293902047552
218 317.01231804223259726515461797844734066857428363694927
219 318.45621725635502024358202216759328751816582068407748
220 319.57969129703539985620862413288549911761482335779581
221 320.40630364449298983627652976302684728427384027969190
222 322.00196780449032992290146601787488844374412811227794
223 322.53911742379191664486892563545995238849297406522794
224 324.51844467372429468247621747233225429879654029490231
225 325.47478404410633875373192688098002641969377246961470
226 326.45854121986539504473910262811243978933045730564994
227 327.25993176651157705164654814749625777892247469090917
228 329.20009793757918038019912741507989498893960357531742
229 330.03604959034586362558252894914016557315334082949687
230 331.21140289958185800530565897020416775935308453443758
231 332.57294652823343974554556527100961392904550589795575
232 333.18150832869444693922851617603849856520259597705055
233 334.76869989467941751441968300614935511395232419117012
234 336.15271755443328443350210099313117565994619649170867
235 337.13966305477713627524956700576108285476671580426625
236 338.22628268603666690396333917899314698928143796051135
237 339.01125261519977890816451523888171827625872508225802
238 340.84195235235292162066710612501055187289772731712630
239 342.02615318336469741374106747169957743952338499373622
240 342.68585823735877067928271574774272125086383979932329
241 344.08366615656868626270047626962260098726384527674992
242 345.20977534134595730441106264012341116871859789844170
243 346.26276046710169414766479781365627485931684540953044
244 347.92464811436326973745661293138090417469480007877000
245 348.98179838854681201494992281598018273812007536907706
246 349.43434245660028146300060070850973033770998191345069
247 350.97721310930861710052285432546265443831347432742562
248 352.39176824312484416393031362221743969492021644261703
249 353.69333332568295461246851372852634919261889328239459
250 354.30173774146413143555058982077873317232276162692899
251 355.74444026259703064313583470430120488557255726824512
252 356.62764721376739857531410960984396367899697244084674
253 358.28827509294243662110094816691071797755529313024991
254 359.09646119260556435662141388573962940071673526580012
255 360.71104102455892434798935820529057192994464765951236
256 361.19749303620848060745247902678384869821556856741607
257 362.27696889316674977053968549107323393475783279552275
258 364.41972443183521559453173569293953162145100507210617
259 364.80373609211199664979878572896743373958949067340682
260 366.04968951826900125434635803707467290698412514668120
261 367.12553493507474622620536638180315006875295489612720
262 368.43381488980777616729160773355570131393667882945547
263 369.50169333189644053637101831151633868306608270309231
264 371.06901609056487376995910258208178517106050203722579
265 371.77009591515024662755357915941298955200394747021241
266 372.88486088659112263932468993633902705815860683030117
267 373.93486891546165237995022659666397525109671966919911
268 375.54687472700759269602470179956120446257475624916235
269 376.68390093797465393674779056512676966324699048212714
270 377.55922327418480443076523995697546713212206069186996
271 378.38692904576166301466950949465011230822370365139118
272 380.05707318231399399662495889288770887773651664737887
273 381.04867012303525535328502296044726021354749086711685
274 382.23976641901573382544223770781298113308310501188024
275 383.48509235420279754700846951157447738150520612763575
276 384.37284568168059197230129681638494936537958761381883
277 385.21522767181001105206726715754438027378169051274958
278 387.14920928763080945956277580579594669329678733558711
279 388.08214247771534978507552920574277820521276280500124
280 388.77771796185262977882910302783481073015004436643928
281 390.16911262889737582485773883849564772093340702583055
282 391.08192571996070563648207622763036669767670859589120
283 392.85176291336174941517228951266637315902483556153103
284 393.44340771101071409209152619183164604126498846588883
285 394.81999709179356339920043848687378742329378825038155
286 395.80460960341782962765586083144082685394760337687757
287 396.73445542254850630801970694987398552405649392314209
288 398.25041597673794669571240199355948764072893354157798
289 399.56551092214283715011706993300348403816641200610929
290 400.69287576871157943438383498044891462750713330427492
291 400.82643094225473181357222391352009477986942793873617
292 402.81831845889969729499138588664798066089945392740021
293 403.90740504348360808847713203127613438726083589377738
294 404.94558622061186137599578471485975474904217638417587
295 406.16124779788821828375922346155103757163755251288452
296 407.14501556188718059683221871478280554529822835957721
297 408.03952667295398428711706338912627335232337940811736
298 409.58821312083576476532792884218110455368993094711798
299 410.87166286348339725624474024548975974384259090385100
300 411.66057145085306862559693301924336891422885498750521
301 412.73114695758272453525959161654319172116085756153616
302 413.66928539529565813707743068573902887223358724116687
303 415.42929587292060534333457552163983717353070484701795
304 416.37059122661599867621479744236753748536676863923324
305 417.12927021361331419705389040628026243475886057497068
306 418.55747672682749435687452344986176038350080889396489
307 419.48745942230705295953805035805534675903414487499626
308 420.52895389798331212430140688448587618489606759714563
309 422.51037302957993958129123884295635742552310311396205
310 422.68725460513422685365726698708127593846704703559287
311 424.06689549273752791167798744578307805876840237305593
312 424.82338882000496318645850417723546810748820281993365
313 426.73241700864945997107253994692319639345804685064876
314 427.38401781134180171062117023385777667025438492559261
315 428.69810795406746844621506221808799809127787357700579
316 429.58938597248522166376962486360855427187482082624299
317 430.61755783589592059693676813803761327723978015935403
318 432.06077251597017516359738924486131480051709804270109
319 433.03744311957754910619796229615173939329865406799037
320 434.43935239895323037257789878513703283441306362907848
321 435.34815416034335088578533907476409061738254643065602
322 435.90416367744966649983333843678102275433802152233043
323 437.58221939919318407712307622135268277081053154010655
324 439.15810825519737442870008243040971690964451502187287
325 439.53756944517647232401367763850031454573581305356115
326 440.67722789985450025594217140501398491350368155602129
327 442.16973991718240470733845698167055118049042965867199
328 442.77704429122183045939956608021646244080772003140945
329 444.43829050788874614887300085640238395595190495685250
330 445.46373916841337457171131303998627688699737235161592
331 446.44833162193708039110408877013602443816085611155790
332 447.30200890481092069377098135125431779171350328942936
333 448.50693108865783958431788301381878187628572532940129
334 450.05662030691751237758020955066616131962058035152394
335 451.07077590542470231685689047744915919304589856835032
336 451.83997246097679092093730319221214059668416765915008
337 452.87986953827928192972669495999030843383290957884323
338 454.25351432935403740585063243066902081928283845281916
339 455.42249742137852683258680583139043591852613009583435
340 456.39249817664891732472552910761268579271708261603432
341 457.78255050173467102720643837735626165881170737117367
342 458.60213221334003465542761722451862757447445608433868
343 459.23288337402854169687060094585015099488427750406896
344 461.22986008968513643495450323468407379411899384172919
345 462.09326210395077404805239657087664235014153797942633
346 462.98457432585052839112668647007816413003805360583479
347 464.07435013438730836269866958363564261171424590791196
348 465.08449614760441333894817371775592017827223154087929
349 466.56529407075482980414411455115860830027846438448917
350 467.46987843702468112705611606824034122861457459594958
351 468.85276345097166795909227869052109556978733119213322
352 469.41015342401842214401846526117714368199429484070152
353 470.85011889818674669900118389302642419363359475291516
354 471.55848862032643175009640513888094827874902937643488
355 473.44963941546149862161654916184443214343553632362168
356 474.25166133119821378815513323267313115057779021517378
357 474.86240341633999423819359023473803710610440163068919
358 476.10690883642174922483705484076968597525095219948394
359 477.52450488866710439518047223227742741949464201950166
360 478.58517487808986653962106153802079976283219571444318
361 479.56379085892365820232967198148741477570113325025778
362 480.85343115541469023124917774140880377666573877870245
363 481.63572515508383535953304413862665487605809231540257
364 482.56008955622043198037901962618062792376806101651831
365 484.37345176298553612855346225228081299981417577553173
366 485.02440768485676240199392867594838347254368390033072
367 486.43385221502242224856999643908837856362899444706512
368 486.86082117252732751063046122252125844190684097624818
369 488.20174637538868111386688907276039615886184874737179
370 489.72758413149723327420629688044543264862690792220382
371 490.72591186419646691605250775197326925193675632374759
372 491.38165678678950568828133557800178951992833341643891
373 493.00842378259682996229000432424777377213016917694167
374 493.48208356298621137587017871893418598433970303921474
375 494.84088185481945005616770152590070673026933085695804
376 496.26459617221454969898714497181205403054710402239168
377 497.51465023078319165520056999909435006451015642533241
378 497.76455054125828997308474243518481988076800275579056
379 499.02141174631658509617171620673245272479680029521125
380 500.59777393152630055029434256085850920788371838457918
381 501.47060099647242371218642882052454308199837657309704
382 502.77545819553584024573968381790682439106592531526177
383 503.46643054962154487453794456490518779774155896508769
384 504.65412496143053605737003515055944937264087207628387
385 505.73913943956314126929078119908116993999615523115552
386 506.94005308167817223840065974350765899950017198317581
387 508.29867368516235984740026179535953941390205890492901
388 509.01774454711338624547644688530465939120960637434837
389 510.16338856759402431897802719516971799041663086612812
390 510.78975730640708305839261374912386620766388167953011
391 512.82990798241940410620919293897732806401974613677781
392 513.52360325345485568874873130394803789487118192328102
393 514.22371752972898669578445151966554863893497960867505
394 515.80088949923116209527969604438105398803061437726320
395 516.41158454712009977719837130981422422896057252721413
396 517.73597541549848485401571497644021479363113353914431
397 519.01698667241485472944067470635473443724900770791166
398 520.16729271525970064404125718657491122461163339684084
399 520.87266778302141122452035603160156298840882762535191
400 521.84148136361476409287673510556103755318115480167115
401 523.12098625309893589365091001019773457452120186890125
402 524.60293432617141469671430250596758645631231119101915
403 525.36094882842291515286737901422839562084756178282412
404 526.40413594223074691944335196841218973970549843839338
405 527.20066614747549460042681230154326943884750843366727
406 528.75564524431812784330929144497236591763041045341068
407 529.57946789965429630924949227060664715533272269475243
408 530.84233585377761523917015802686603096710505995592559
409 532.05549593979401455887322746034887940417292951860424
410 532.81535847464628987726041259296381156275032240782758
411 533.50838322870724667354657233259914848399403345418467
412 535.33095778631462264016927738843839473623240630481067
413 536.33520043956864391703268612237046286262896084803653
414 537.22710704498654726263489212816075940877796208036240
415 538.02682677033326558635337805424359235952764520431396
416 539.45081999604620464853042078982254497990125005396083
417 540.22038419793889802208592294252137553297762109419471
418 541.90759913811387808886080616558026118468921732521859
419 542.46256306111557190600995009928018010775653495329981
420 543.69609276034898121786435100659645475771089748119352
421 544.78546126431742932405027481549453621883359260435098
422 545.38344284723941784076497144425175079801695716906262
423 547.18725808285303711302350989092020918698782131396650
424 548.21767915805632790090834311230712806434949458115491
425 548.94353231878613474428133798612097693346254762004446
426 549.82263967372085072052876609978135623288822232293387
427 551.11986740331458637111825910747485393492442030704652
428 552.61479566522572655997157798540014576130477732410050
429 553.03434505851526205405666172607337318136775230897690
430 554.73480113831750683627673162370785859643897365680918
431 555.38106203217190467068651783113450741279784165584243
432 556.21868998423129923396082539968261818855403297764091
433 557.56254652271768201560375807430991246265896742732257
434 558.98968369592914137286834723475451274325600959035121
435 559.78942085253005877475157034420024382674463627874005
436 560.82418580975155368648473542045588511519033178633463
437 561.57955285249460384153036162568179522991731802007765
438 562.88491885512496419827954132739623983033124663155457
439 564.37515225181967212600869645925342249640951132966288
440 565.00001003653704079009247815915418201704820923729841
441 566.12186780638056308059680602978416866928496056345400
442 567.29558316831732331196111178263839181945737138799145
443 568.09267366772893928863638096928925458339292726212633
444 569.18168029943407931627349858816862517297684147162997
445 570.93482153125325688586887636910698934187375930984863
446 571.52684005924771069778816817756659959017404632532674
447 572.24006775884661610627194599863017122403301518168092
448 573.46818183444929153894110657108448195129528995704304
449 574.73187361346331857677945868437726968670247186245164
450 575.95555758714544190696426593953181336288235362896149
451 576.79842097015957652378760928456608448634577358594505
452 577.86936240530996156644439104272043904304997752865708
453 578.90169657339243900927237806517530957456600681659054
454 579.74741873943135542387409998352290586476630925573404
455 581.24809644286134309224569046547928511619708973391313
456 582.19237094818181914423191386557408559340851688887961
457 583.35134931455128052113077282362593017798744520504522
458 584.34179915061655075983985743449476844457453206417737
459 584.66208071147820072500543967635166305063152998592570
460 586.85512839600040138805019073179385057616492405939127
461 587.36353008993380614571228441511304128873075813929021
462 588.57174115254109679375169304563180632934121713964561
463 589.36614457531403207668063564621023674448709538923777
464 590.79444620937766488986330741047248717559472046137005
465 591.32222655266745472242081464247885558303190126969075
466 592.85530255749373711960015759777125851415814615548134
467 594.11670776247392813923423086254957423796175313689425
468 594.79680925426181306727169164872898988353818044572877
469 595.66825850719928302482768489147056300722729735053350
470 596.82414174465008594812943866540069931719317722193084
471 598.08888874573331715724037950996138233161941871387581
472 599.53672974247744071317622319634072359097514373227790
473 599.89972868650458264622159209211133997676491006251801
474 601.09391560281603187628271337130526712927258929790304
475 602.13467446543881324670815551727457259601017245784755
476 603.38897958248831074462355420352642546199599062214279
477 604.29381484685077673643703012448490462403671334193179
478 605.65721164138630526767052265578005965896779453556364
479 606.59606153931089884562383567644049311819342811365711
480 607.25922596284384726047606928307212821001921210594447
481 608.26376276986427006753122750009181635634197134826684
482 610.04874157727005972195693823142786029027669511177043
483 610.87542649255526056547452543301001289026461328517366
484 611.43565220099112083014761994880173239981145792793784
485 613.00367706686717862213495428934371260549137342605317
486 613.49345836767147534653332935623672704063372010874059
487 614.97383669857142580207397906272076458995584953096622
488 616.12080104165392427052920647237520273886091953921032
489 616.98807423410405863507330823429250746273325645787963
490 618.27584494395853176415112890253091048723235756921445
491 618.78502748456729674084989344142219899352616954183653
492 619.97487112638808485197148321429367078272160923427852
493 621.39886541279939644311407007620522852493311809356313
494 622.56938210710943800533748560503780134731885081037877
495 623.32878859347770969814834122898260072524921668955164
496 623.90759782206274404282417190002352814347409238446875
497 625.55289051728972087689321392705350908406008256888596
498 626.45560945030560635015028856273861182729470706664948
499 627.49345046757039132889995421189821995933942892682761
500 628.82483326008299170314487591115372215201568563286330
