# L4_chi5quad_q5: first 500 nontrivial zeros (ordinates t > 0 on Re s = 1/2, increasing)
# function: Dirichlet L of the even quadratic character mod 5 (Legendre symbol mod 5)
# character table (q = 5, conductor 5, primitive): chi(0)=0, chi(1)=1, chi(2)=-1, chi(3)=-1, chi(4)=1
# parity: a = 0 (even, chi(-1)=+1)
# gauss sum tau(chi) = (2.23606797749978969640917366873 - 9.86076131526264756764660706603e-32j)  (|tau| = sqrt(q) verified)
# root number eps = tau/(i^a sqrt(q)) = (1.0 - 4.40986652216550289487399239698e-32j)
# Z-branch: eps^(-1/2) = principal square root (branch +1); max relative reality residual |Im W|/|W| = 4.71e-30 (tol 1e-15)
# method: INDEPENDENT (non-geometric) reference. L(s,chi) = q^(-s) * sum_(a=1..q-1) chi(a)*zeta(s, a/q) (Hurwitz zeta, mpmath);
# method: Hardy Z(t) = eps^(-1/2) * (q/pi)^(it/2) * (Gamma((s+a)/2)/|Gamma((s+a)/2)|) * L(1/2+it, chi), s = 1/2+it;
# method: sign-change scan from t = 0.1 step 0.05; bottom segment re-swept at step 0.01; roots refined by bracketed Anderson-Bjorck (mp.findroot, tol 1e-58) and certified by a Hardy-Z sign change across +-1e-54 (50+ correct decimals)
# precision: mp.dps = 30 (scan), 65 (refine/certify)
# completeness: smooth-count max |k - N(t_k)| = 1.060 (tol 2.0); max gap/local-mean-gap = 2.160 (tol 4.0)
# rescans: bottom [0.1, 6.64845334473] @ 0.01: 0 new
# date: 2026-06-13
# count: 500
# columns: index ordinate (50 decimal places)
1 6.64845334472771471612327845997931784729858542324450
2 9.83144443288666961634832134745844382188813289401551
3 11.95884562608351453026565868826284181729311276572329
4 16.03382112838423567459325378224808350874930371139376
5 17.56699429232555520270159526814448640348524089550847
6 19.54073262278475025037869002299855348552649344500716
7 22.22740545445941091187762496308147336528064264056019
8 24.58846621740819520765626997608197906624785718850326
9 26.77609594800414011652357496527094858628937009610072
10 28.46103510017752247518697827232525627120073467452865
11 29.70790935048096556923098651865731360597019643241848
12 33.00045600687051436794975917721193731737650080463124
13 34.72881297890480867414372983398137913656400799207897
14 35.86863837181227459459504863887642633338418172556264
15 38.12918472143653185015141827037291892621618717043754
16 39.56057294640318170505509505995479842556682520464638
17 41.84243854579169430850930688531293314678522693694850
18 44.03129006144169504470090805842492251475644197897193
19 45.42730008278228938884156190960972064996587484045331
20 46.49272715949140534533919935167583367326382652887373
21 48.34566182106784617654820130449348692994521588562665
22 51.08775192674649135525825720413124551393182276459887
23 52.12590223131697418860413069593030052496929383081314
24 53.83044519544216335105426902233856893733917071310989
25 55.58928033540481015096458899849297066663375677944593
26 56.83886594289098846238170108797962587378750282342164
27 58.38611748535838082679392574231706229678525276174441
28 61.13886475192174510909546391557242545618756519552448
29 62.13290472023387793407152944038354313667197756227421
30 63.70954306098114677179849483633568024632072991303809
31 64.63735966537457410108858995751446916961441834087154
32 66.74764184593780783043349633252227779905627890423171
33 68.59072792482500654083351506803097099430937206838800
34 70.11583715919350470225416200328850112253488081667509
35 71.60595947924301719947722738129248765067483777587050
36 73.35010543146825932498648130968746359238008020612861
37 74.29368843801656841756391957332374675265616264938859
38 75.53490411722811340534598954768772483829780065605499
39 78.07217086438233719405143182367280285607327437735441
40 79.78606249009793910637157124317161763126186934110572
41 80.56730085641069826137375767766186764197229450085912
42 81.92338089315411531196798955390591419551979075216039
43 83.69915700187411316288328839224005567648071241029984
44 84.95250710375497366184690466048511386622481408670396
45 86.80999667933877049696245382412386553910730612270291
46 88.28177659970983559362190806936556891137194319955645
47 90.37657318212815680296326629855278663634575153557044
48 90.71552593314697497726905202161346076571100983515801
49 92.45024325377440322265665160994016653262565163734269
50 93.39442393782801740098264609244814545605289155912428
51 95.97000164603770693983270623168091485034436219866214
52 97.33158825289807159058288123962799366334445687963358
53 98.22745786990107707706154719656202332779354773416539
54 99.83805080753654989245817874044372732309471866187321
55 101.18771709691861068798936736486157798563039567871294
56 102.60528794105001059190163380972441999663347740469248
57 103.66613107976776297478914945489310649510511110499952
58 105.97319379775878612971837503943176558390896236732424
59 107.29710363752595752401094572363306726035459362700647
60 108.49810662426159836013777728699136460765685206751421
61 109.55025860718412724395354151195280961961950611622548
62 110.63619767262785183724738291974741575987189434934197
63 112.61576994504945256034204776312565732849040017324126
64 114.23063987238195242052362591158647156347527732328578
65 115.57841398237707314928646749077529766445873540741111
66 116.63567175978379928607166162443802904208504008767427
67 118.37116230635526215193045195504746399148565490560034
68 119.56149162588000300146402846541748245202917543540588
69 120.28173419185275799296339878934333959069913454031727
70 122.06163228389414363664600699703124591673290496090931
71 124.24283714895035744562804624315393813663920746204273
72 125.28153616905447868499596293299225790046333150044214
73 126.39869937842457311379913037576750041321927004082447
74 127.32063482811523511660404310838841531112884436774052
75 129.04830009432089513290539970181614938073400376661729
76 130.19703826685774787383462448941366171962186669731591
77 132.08600530311752175938188119882209931242269191972739
78 133.03022838833194440073160231183799732262025043763445
79 134.92496389411156063063893544614405632127169295028992
80 135.87449769009838315291549428793620380331244132556336
81 137.20108346684063017168309966538110718220668938523720
82 138.03569903130490200427496190654827295858578162355332
83 139.41059959514573286672966999907358099008334879085513
84 141.94624055160491280783461367641386320799308045953324
85 142.52451243298775164991380870237755331145398861766906
86 143.96159112328732496797002609469892755007153872778935
87 144.94832761326170967166845838575002305754048136690599
88 146.38480960910942336237178182863647867308920732993682
89 147.87972910318246470015553559262845912768939747471168
90 148.67913769892728287806558715314891560309184168310486
91 150.56251067115826846788312241800734366262470348855089
92 152.11474855011540309304123432887392042707683399637392
93 153.28741049942933146022477205153932240420426379607247
94 154.49071569551636363846047536965338388999488565604276
95 155.24207999905581989699979280355767630438152028600399
96 156.49972854394148999130403096537045449082186260691455
97 158.40002704182464424798128031964899206450703758851849
98 159.87277757331362359160633417588849236223238029142698
99 161.24621756169409060416607137488614857162774848454356
100 161.76766259723465913078691187589458745852395563805492
101 163.75767372831084062769697807942543685233061297675935
102 164.61200939317564542299075433468199257450861058380344
103 165.78491326557121566586563696186451104162389455857801
104 166.89840766278787353719106683943762778127447944038242
105 168.85421526151915665003241501192768443937809753017792
106 170.43296176275621066006269248286474814354796868330226
107 171.34359137672453485642739296673736061321033324439432
108 172.11097262964600689164620746375358617359370991849286
109 173.55943502659213614718045897363531725941393370637649
110 174.63872556342505482600602696949402106301170690365065
111 176.35604132093820415875397914403621163524946818087742
112 177.72594205774800278084836311405750119601939771297879
113 178.79286498656000113040343503809317869532820178342902
114 180.24293513551405527834053496588937527789956867115301
115 181.56904101980140674246592367025075996831067197514321
116 182.38368476723031536501400072740535163398104955694883
117 183.79777318558097268563775758444671291419997153768644
118 184.36283132664728033067472924777701048740084842804564
119 186.89606068022711348044833998874025115965998119463541
120 187.94502598742311598673642418099722406515689654244768
121 188.95946867462994296790241575340034075126731768696064
122 190.13959676339321025766934561960454540158764659267557
123 190.97022227611209172174166931955147207922638249680258
124 192.82307540823511249524031071009247339038254778545421
125 193.53667863943284647627295013679585088640109377559634
126 195.09681468864028930638059308550681986050119684130737
127 196.54076456244967267018733746529279679374585324328750
128 197.86100950772366771521398079814060003377249332719751
129 199.09102170624125905531999800239938204506685365630049
130 200.24544084542500411275161805505607475734553358299953
131 200.75406014018308544858305968739718203220310655511511
132 202.19495144288411492963735721410833795532194365875824
133 203.84390194495930467047905866383845957528257305159148
134 205.74617652045258329778482900885854270854084671014603
135 206.16141009304710499293272609838405264562748388251130
136 207.45768007897174545929413791911487196289801001149585
137 208.62576240717071864359042033965703862559366015651720
138 210.30188630352539635397832402454903736172635814790300
139 210.67746219450366533035369746020058311372989965583439
140 212.23144651168633993954704886770829624199731339428918
141 213.52087414078261070642482926230181847762624124026975
142 215.44645145119333895748779974960657897670194456736557
143 216.34003414934312906169343655277902593771259441672366
144 217.19833396494243032767597511193519738707308668268087
145 218.44688310005828280493779255210148471128155278613079
146 219.26209021638039910813029725777070574201247761549477
147 220.78738839261883759828155602584380185376429427718921
148 222.46695426366902727429878710896567502922771077654270
149 223.52517484589979327881118759202391568269633146148868
150 224.59056955474022502807252485758415963764880033897552
151 225.95281744601754200187096280559800287962048758285235
152 227.05061523968700753432321243769030912063513950631482
153 228.27026066831051710061314391609639096484957276237700
154 229.12934111877763185181823192931518267985432692430897
155 230.06554672224999949603355122270349576855151381446099
156 232.35041357031701062518136115019292851740039884790101
157 233.27893591698509505285298591806442721214648464034233
158 234.58512342361590035792507399723247569695919096151719
159 235.27814408497190897234679165766097159852630471909692
160 236.31946510621336328977974612590017062123699792749476
161 237.75024598594930914099475283354869092712479419820617
162 239.01843931841097161628609838946805426089082371395546
163 240.07923859691339060360368752990459270210727463944000
164 241.82953819209811080630365898464121922783352177176449
165 242.47144843724554248713260468144323139331504082364930
166 244.27813995132309792043446000388278193076726781386008
167 245.09314654217871448194010912826789295777741070660290
168 245.94144614214409436328944136791932982766064125072519
169 247.04920197523806413869801094360734168056909759769229
170 248.19259163394911961192127456088601068061558661186415
171 250.25678127047181035146869643760946439210379364973686
172 251.24120278616257895988294384724984070543215407323128
173 252.44264286749701542696848483453205099708208634336492
174 252.87834555165202611809928497263646160224835022823719
175 254.69954281109103206349172238314190858069344479954039
176 255.48171435187586764774883426602966107843469006225997
177 256.79509600826092299897011449121920038225228938669602
178 257.82704196453503787526238728866980737885395479187885
179 259.22550844373288156728309912117253696722955550995622
180 260.90155690916968490057393795378753008595895640124302
181 261.83584724328348968320880386341006543655817365367045
182 262.72539639569078998180365375935959362447001449387636
183 263.93903286533040792277081087353425632929062001715000
184 264.58951659387486579713754301736617061202508398039106
185 266.01835583878111411064719066279878139506839339158725
186 267.86674183204408830299778841073310946307680903172519
187 268.76897301547332797992190302510311728168661751991902
188 269.92001993215730702446661630672080759245838279533068
189 270.97662522790496371966096623862233651233666322743906
190 272.11290281495796622817109106826968010067589463689400
191 273.51095638984939369629548316522316255811220765861449
192 274.29485649173974637474670227498908197840959738104474
193 275.08554641804493336035423136480267435742596119098159
194 276.84412046745133264076594152728672368215696356695144
195 278.52594466653621764882200105231148516401518493345699
196 279.30173472418402317769644847593110176096899076082439
197 280.49587766693259721992941452178744546178745759301200
198 281.26003520949619634507855335042517222529052682624125
199 282.17004655562858599011949209157545104955119527277537
200 283.93460518500693155982115364679135321929991618251038
201 284.61416074426627234598523792060204326975479570603403
202 286.56937156322723421791247492155302696194985836539107
203 287.12288295761810288671344860682942221368316776826587
204 288.49510786139053036361769066071601907900414821466681
205 289.89652086694999000370286841239874153438430786322009
206 290.73878496243315096539799264045083023154153746987289
207 291.68464055576741916280692768275192914437036077168767
208 292.63234144598220830638840752577463111164697499538321
209 293.85378441766869800341396699156086535466654877504584
210 295.79705642583267354604136867432887422575426823799599
211 297.10550312614359931111720899383778433487539869867599
212 297.38722134792990640756163216338913981063841139001469
213 298.75269740144322481125161187659212631958404610557968
214 299.76670302265459527454765870343225058814725266515481
215 300.99984287608029219764067526662450319743808920340806
216 302.12847124448042430126435476509476899706129219287588
217 303.26087022095503429774728169724410520250289304537460
218 304.46129083120501576165746966409509636337690936365975
219 305.99971498722024339566797844525728895030575640900925
220 307.01353918750097831952396011419475215884808002892355
221 308.19262393319992820037843672146869387654749829559308
222 308.82912078831233514491873260485004125473892958942301
223 310.23246636150374440287322152970873057859822480704192
224 310.59003460770282257789042311296925607465564186932930
225 312.83012798224448967114931723802375620232674432207858
226 313.86132310522579297202363483266848165516307272045225
227 315.03726359256876395876406954163350415285963135592656
228 315.96366798387205195493521313660443313559120099632162
229 316.80659697134558032232576990317378335124340084771988
230 318.44476162909128490583313489411894289143163768865205
231 319.18105254224240016583698233951897351541294480580781
232 320.24001345947261570229816118921479290639295246488191
233 321.21399484173713985833445054333012608132413542744367
234 323.06610080445533490332109713637425887883686925627417
235 324.06677485257757136702382937991415356365447002168618
236 325.54339810102107952665153785533138792918774966172111
237 325.97304355573032369641993194115450399389121726215706
238 326.91039169527074661110148131123395189177042807713466
239 328.16832163797230675870396928683685586957717178922133
240 329.29806223246387402271433203978819381741353145991952
241 330.71170620632530063199352639935896300699964649782305
242 332.15823476975932311835413109926637689637455251049174
243 332.82984535870301761587857920714582710980410817300639
244 333.99462735753612031786423006565926643749923446065754
245 335.45268987157991490097047807829284605814792272817948
246 336.26271777005484668753588551453303450407972214664107
247 337.16168469063458286139318653438801720173529224770005
248 338.28789336869140544369869022289432411856343653836722
249 339.17802225061097590029648256325698665541752928629345
250 341.26013609106315910437441058394075241070202637907927
251 342.42485163386883310775723373497840500119521525002316
252 342.82758498632725092976073351730329487264476941466406
253 344.23818374904307307353224543229120428898618462077684
254 344.92581977156135280238818296457534476982978362857865
255 346.17575948702342920952978995331255829194797852106231
256 347.49188762870762605486794135587897111646500658868477
257 348.45174621433245166518762491362370405435401641660348
258 349.81285918419655566312529046518479430021295126626785
259 350.86268320042578371569613336424934799577257594161894
260 352.38650864856337869156770758663071464908794617508678
261 352.96804513933289139168707281313277452390618802369723
262 354.41929658650703040071637322225165817232163558212966
263 355.08440287270562475086040416159099518828300569210401
264 355.73405208827283378432151760937556153576347489048483
265 357.41019222267219790424120706559547910291252715878229
266 359.03563110074660334589978606451215357001047089705381
267 360.00156887826785586068895885526326446177688572277739
268 360.99094235462274869564031419034240401230927046354032
269 361.80290737378301852225530557891335724517982620657746
270 362.88888176840195009881627923843874997277021368345623
271 364.34765979064526009463135032022687171684643208858020
272 365.15592046062745819445739011044418525950277239774374
273 365.95570706270875970014013007498878665215223329002244
274 367.60921376231180127633841735709865582450576908915038
275 368.62196094767703555470360104765268533670427684512467
276 370.45239968165342727190114436751110030283206166301956
277 370.65464570463808333307820738792003985941103738059734
278 372.05322072715282815332902889800016496156953657204323
279 372.56548124851118449229856644009572520688913132933922
280 373.88840097410473132720310235660524453610431066758439
281 374.95788275580145652862699700505131665829028270626634
282 376.66196562409363233838605392765644579417590067705723
283 377.69562685147192379374825122272485401899152098505150
284 378.53143435821570867145608635882778521236382911165114
285 379.52091688116315841069040231267762150455876397185668
286 381.08344640164726891252509519870243106599793026791294
287 381.61262733034752644803202606880336054867219064018278
288 382.90091409750733559019747802219768146156869572869193
289 383.74675114506977358807839334935417052947258589236002
290 384.67232508445267204453871711701378206986746243722373
291 386.80196908130759981084269403198295667750859188017053
292 387.53195809252683394437065892910784063604122521776729
293 388.62665657872311718512763196937765708527102192333678
294 389.46450896366583955555174048938658450489586227563906
295 390.38143492121049350863683410069281725357481598935726
296 391.40819613481013763490906032139816460251802652248843
297 392.70376338392879913289774550122572521054925310939928
298 394.00078728242864577349435848201456284916486449369850
299 394.89025514652115382654274262821434628528018208932976
300 396.43891853134590508814283954548593294201165197416594
301 397.04335407752686548035803440175495190213182148688619
302 398.48771655357733501780788567110044835018786271291385
303 399.60632230504574947346792995085918642585078838375404
304 400.12732186691373407377686360791121022915743941707343
305 401.23951672642658453232940188916022550609356432614229
306 402.12500566830441280028470811587837883120766342278274
307 404.07298799300443237088985393793993035373447977624732
308 405.07303907571035688478713555206060236925910857406698
309 406.23672111477299842872503283583855350272840771612148
310 406.90136473494834399594668471185116359099011452708836
311 407.73287822812662151086406662929926926342157527774593
312 409.16353211212518047254996896585245322254866531480180
313 410.29906369233184908874283816612327536842846956228392
314 410.91464197617824102626665122104026028372066127790211
315 412.46053664660841260601599479443176067118462954720428
316 413.42990352333487764265158859903055041012168835409146
317 414.81102021947001213636329006080267725594845606963618
318 416.05458960726821324622247542055686319247006540194918
319 416.80991653470966471435383040111212884380901136566120
320 417.57805074393107543290081103969760004600714858725933
321 418.77949011659025356267192693309824401156645060647083
322 419.44673722136862483405633997662632764474529801561133
323 421.02009449817607073361399345541750110807004493816336
324 422.67757164485335641634628247233745809375829628125101
325 423.37682206857229894480576807176000990141695557198913
326 424.12960240489399748730080971627544867227864045386699
327 425.55096297246215798277138600271287795607250711023696
328 426.29835079716692964515118179960861728915308066362311
329 427.62503361138947327929665251075107037685469533180657
330 428.55328135768563513722815898288761328843734902320097
331 429.25191209501900248967628173127550308944875707046980
332 430.57570007082744872705025026003301264079228333050420
333 432.27199129948295777747227318147323240802006830227680
334 433.27118701660691523468248111147083510328112609040335
335 434.05712462424398175989906140686171442438088216458208
336 435.08453918141353698579864410287857197199914500589178
337 436.07702062219040912604695989964409773926076556423137
338 436.59473030955093470164962501915935996635262148612998
339 438.46608976303394955621121799816853018252609125555540
340 439.16902844699378925034137947829561886497682922519182
341 440.80045286112061845997569746297502280081002943753284
342 441.52260901143925549520213179788660468001914816428916
343 442.58165489764877701282632221398483789198288304031082
344 443.75162866356561847623274912949790056111506912715999
345 444.96602262164779672152724968807089568609517815033751
346 445.65494579238409448584952120070013991345813008831780
347 446.50473490355188061816146435662967855250194079377365
348 447.50451371906256750858190963588198343819770458448023
349 449.10648968553247398753841623671529163411748949473383
350 450.57867119527406147329417593485039834357888516421580
351 451.35203258932700643479261039070253193647336678745039
352 452.39102267804689809473661959817347940725128225064429
353 452.85016443383600707593724971533509866877909734554978
354 454.28392097895482825121303163540536010495006758924948
355 455.32484975528521769829900224614275331130029344519010
356 456.28067355157775812304393981230696812218748197465265
357 457.54301301691494401850347816830418039628675349765239
358 458.65779191318956265908314226566249142857294760819213
359 459.69627234130113031808117728167492443303131044035652
360 461.06398825066298843894441387039907505529084937386908
361 462.03663735933530342990455804347429583945081775234757
362 462.74131852161986959294347468802555235809898089993621
363 463.72932736257427282814691648002670212244142781596210
364 464.75996719422131945776185522283521571422988921232523
365 465.49497474124781630374944883482445820629044877242873
366 467.78836757615243593807445593123753103659648460278458
367 468.19229827814076672659908063758153708265456601569843
368 469.38954066603104589018758042871162999460172219971395
369 470.37516725253616644595092338050825754366780096496339
370 471.06570013804936473447946383492293063674424030411423
371 472.60184224380577876015598558171929310682280639037697
372 473.23097629385374174745790673392628728287504063414485
373 474.74082343715581759820523266970133467909688898532003
374 474.93902070686991315136482967301321411957120771905995
375 476.78489134164082305572650482922369040421769607191790
376 478.09973895854953068643202067690154847469654185397016
377 478.89527524745760170851143110514964539462768497577560
378 480.06389759800330874103252910542277901641520927729058
379 480.91866602448098446279696229188576865514127702941589
380 481.40462012472462378669806457264668953156179543880130
381 482.73416019399497829363802897539817605840379456584212
382 483.94229925466689256719940848474997367999517395891319
383 485.30213603756990948978681040820073854817717544078881
384 486.35194518130664646227631606577487633362991813967542
385 487.49404228985904701493141700714874836445881508682989
386 487.94745147931836979915345031564351034308341811839254
387 489.52450610663397948664857422763492549570179646035994
388 490.48949894166547558996755634568772042206482128428028
389 491.29923455846256877473244612853370042752253613069431
390 492.09621412570110499020811626100893043191104387526771
391 493.23452301679862136730734655932812417955566715723771
392 494.62154511255818464065019675412863575803352233103958
393 496.23237662857871668524688465556552413204186410069684
394 496.93861604622167283771150363473522778267820856151972
395 497.59985109463326646506741681391210656111504261476176
396 498.74311870188342210476724642760698289894792772950107
397 499.52089255601755812649980780539781581622029436720500
398 500.77947316972259609251991082145818698511275414306997
399 501.79933124406371483320251967148779094582547621151849
400 503.01048202900771685971846364672041253935142672370626
401 504.30727202016749736179768256365288497558312663389842
402 504.85491489231956400970046757807630517709327975601838
403 506.54703656413049814353284071907110322386294896659707
404 507.23386390698100740097378505794348666596067581594399
405 508.14226526351923944974388269020930342697517391999152
406 509.46275506387161156009867934607684359980434835911078
407 509.73061753443563257839872784288483192743995585847511
408 510.88167914616481655039243124725877521671251856749704
409 512.73972334460219762474406381584423161561073785012990
410 513.83882645810096067206970238949442287830197916031005
411 514.66467096780397823118821035875596040434036457954124
412 515.46211595630656873698700530951777591096985151549503
413 516.64540898852288877924929205599097576673590924354852
414 517.24906606530592727738041677078781890838843873848927
415 518.86124142932534724872672276198500910765337611525278
416 519.57196699264605257946147637914359120195532281288214
417 520.40832951784323782451599475418290820297983425472175
418 521.86934904735111838446541874147802316712529421890750
419 523.03194615833286597598744802173007487828379953593855
420 524.06558987509157190017088890347688037470355532787244
421 525.31572861290819571748295553526923251419859182289050
422 525.87681127884501501281707121000267274566672174111971
423 526.81298778196494110284678242437350919310705669201813
424 527.62130809775831694488903860063258404799532759866127
425 528.83461764556924521416461874234442013634280289529446
426 530.23359779794982484447893352606853911050095091962865
427 531.48718748667217473619092957005284000869550821694673
428 532.50979639736402664914598019854470339351572796784162
429 533.07048705030161507502540450276850840476024379540922
430 534.16656267167155385177269721972221098471735486777385
431 535.52156599906959416402361199648616575860196560652264
432 536.44240420912203940722412307991946808609753119521076
433 536.94219944638881076083380066273484225153760329944087
434 538.43023566701464218308550101124327099034499740820801
435 539.00880675964069421815837432539091552625046738779572
436 540.97818551268955209547192015728811063298749293849763
437 541.78240902811364320450965081638586789107029403328611
438 542.93230133385336323726532214861135871116428783489974
439 543.41434667552610273407885485306018999907826889659799
440 544.45310205922664230736357319247923727959284871042580
441 545.49885288058132934671573320897433531747509456291296
442 546.39467801854764561759499093735261061528978771690431
443 547.79864849113208882530290689410381586942872134429477
444 549.07371070179391166721766524670151788522712098899963
445 549.68262063745842834525278112611399518404715358269055
446 551.08788988139062097570935647339397787007240731312470
447 551.84423981261188660363718557980813133485137386427482
448 553.11980312922361296191219175191616403521567682602145
449 553.94528128698354169694521920506937078276553802982192
450 554.84384276589635059493800654960094086524083760314120
451 555.63480851207007460086426100041393395685149497860321
452 556.58239668948802021553369150641193265082984516136747
453 558.68579059815358379361877041605779008302137413313812
454 559.18171674126709588653788156421029156674652065139485
455 560.40563069409303824459083161577137330544263920679858
456 561.21714129240683547264320914927461784960943050379644
457 561.95524442075503230710382924440401779993748103500827
458 562.93869432152493222476886108854748855345458950885535
459 564.43942722099959972231326740479029512275912515282275
460 565.02903019866096585986628866892012341317330717467540
461 566.11150477595529526620165257725494337949743792446561
462 567.59655661858396691621826839095538657261030995981921
463 568.28885961870518729273140150823960527474316335500547
464 569.65909571730815326626117924284364452139345709829057
465 570.73066436265973977594342865137785132793173510156562
466 571.36883907393554317465302388998053688827832803045481
467 572.38750559546343582756774792935139446181645214929815
468 573.00331807122640661416087254669934002602008145048248
469 574.25878624143539599451094502944726555113024190547880
470 575.56605553133147901047843481301702416694631480003224
471 577.15991780732057358654386681443904925988396292608902
472 577.71512952357415433245192323376712043592882018532592
473 578.54630329929882483521544915808871566199087357464190
474 579.48453575927579066926999867338904561125752484798350
475 580.90746187888978794888298238376014863299393616921027
476 581.41716290663031495522638467464972039296514749907543
477 582.95116543262067917623790902641699771272172897979921
478 583.18928796930685165000094533344975371399704005772635
479 584.68538484113235580168385076367572625598180341705688
480 585.81910346285218115021111544776637382932293650607471
481 587.45347453910812682441166408366126288474011063603634
482 587.92892222173204083323576496541918237939136876070430
483 588.72206413035221010676421875801829541052503154491709
484 590.02977158308554418085244277673779847823905275221632
485 590.45839140487904793336032500722107845566350943431160
486 591.52656668733875739448532588672549115831087322490031
487 592.98544935387580571296725946000560290947683207834939
488 594.17081486004316200355696143795304191450769383271123
489 595.08988426717740274271881072714319318022772538038092
490 596.14263579956109531943770417300947074369657382668389
491 596.93645368677707625319644080935987996974494333442913
492 598.17029781077832200044695750470612596381644932878962
493 599.08050910324251750050760975486654562811528432251806
494 600.11794973757074493670757109571419422881567493860882
495 600.82981511504821318509907408185778834173600370920742
496 601.54296060347341732954773078792241998854618601008782
497 603.27882367926152040538048624447023622276327908838777
498 604.60374097761216096295129822258055548601062812251432
499 605.30638841110638370902784756280497076994786404454564
500 606.44136318165300378714734630096003741443336579078389
