# L5_chi5c4_q5: first 500 nontrivial zeros (ordinates t > 0 on Re s = 1/2, increasing)
# function: Dirichlet L of the order-4 character mod 5 with chi(2) = i (odd, complex)
# character table (q = 5, conductor 5, primitive): chi(0)=0, chi(1)=1, chi(2)=i, chi(3)=-i, chi(4)=-1
# note: complex character, zero set NOT symmetric under t -> -t; these are the first zeros with t > 0
# parity: a = 1 (odd, chi(-1)=-1)
# gauss sum tau(chi) = (-1.17557050458494625833741190928 + 1.90211303259030714423287866676j)  (|tau| = sqrt(q) verified)
# root number eps = tau/(i^a sqrt(q)) = (0.850650808352039932181540497063 + 0.525731112119133606025669084848j)
# Z-branch: eps^(-1/2) = principal square root (branch +1); max relative reality residual |Im W|/|W| = 6.75e-30 (tol 1e-15)
# method: INDEPENDENT (non-geometric) reference. L(s,chi) = q^(-s) * sum_(a=1..q-1) chi(a)*zeta(s, a/q) (Hurwitz zeta, mpmath);
# method: Hardy Z(t) = eps^(-1/2) * (q/pi)^(it/2) * (Gamma((s+a)/2)/|Gamma((s+a)/2)|) * L(1/2+it, chi), s = 1/2+it;
# method: sign-change scan from t = 0.1 step 0.05; bottom segment re-swept at step 0.01; roots refined by bracketed Anderson-Bjorck (mp.findroot, tol 1e-58) and certified by a Hardy-Z sign change across +-1e-54 (50+ correct decimals)
# precision: mp.dps = 30 (scan), 65 (refine/certify)
# completeness: smooth-count max |k - N(t_k)| = 1.231 (tol 2.0); max gap/local-mean-gap = 2.119 (tol 4.0)
# rescans: bottom [0.1, 6.18357819545] @ 0.01: 0 new
# date: 2026-06-13
# count: 500
# columns: index ordinate (50 decimal places)
1 6.18357819545085391437751730970869252592150057922802
2 8.45722917442323072160535286274751877354076688604394
3 12.67494641701135578048229914508309214468207768451782
4 14.82502557032842825143025217404796464703266359937959
5 17.33780210685303969091451014241656698786821635693125
6 18.99858804168614492872452501192993531355402543084202
7 22.48758458302875002505567290925848693722287097579384
8 24.36527977540229805651909575745113556849228418176436
9 25.53118680043342960145755145246656674746320793551147
10 27.98275693569359432445100109189373549564451537815083
11 30.46364068840366112797004484191294339407985351512523
12 32.19515968889227202654483230638944304240624817239587
13 34.45722878527839758405756301004204575751183459164282
14 35.49089317885139349790895129816901494515264049024250
15 37.27195057455605008724509915557490946167515355242243
16 40.39611485175259003483748872182086363894709116276601
17 41.53645675792969665969385524901187831303521387192269
18 42.99208544275153854582429789755847984301024548425168
19 44.82617597081092363119666478355908674139074596752048
20 46.59016101776473881831044964340476205810530224347825
21 48.47784664422187401328479457924017188168094131172534
22 50.66421039080575037299754421231915900889561296608563
23 51.97705346757270762912405458504424724324195745216196
24 53.44223217335454320400039999735364578065136348701255
25 54.48544238876467911470039917979367032231926798732985
26 57.29793175357207405992903355996054052688128882276825
27 58.89367295570934570366851068101194732970212962853124
28 60.02848664743619838439665948101466944682494224461928
29 61.69928326738643065201590530741161373463229247672579
30 63.51962029434189816898174364615972409107000524262427
31 64.34746195114856770146913040123840318935111864775140
32 66.76871398663927173915921412809018375307013868304172
33 68.67895334221049842538676939182835617928654397799592
34 69.88270748325579024920142949216236126045541442743088
35 70.86653039775875701280059544245401175417945779749419
36 72.43209042510202323104488576508878550133842136302001
37 74.39661413767290039535290156590186681073200423980464
38 76.42641955578748235322767541747300942737726610557640
39 77.19199166905656545831226128170080102415560145979966
40 79.26615802430474157316751953553703515820341735891933
41 80.41001319144356065890759159346742068183926086935625
42 81.66032127511310047105633970562494007843736113845959
43 82.99667729381461969887459869643604760377677920852760
44 85.66001486103237415216789900699485869693167214121897
45 86.68096632002107008488494880704524598756884848405044
46 87.88163609495297995656041840956634028293443759774764
47 89.12409319498882190852210172736675643163224057253383
48 90.68102456942652294559732932783456112146903648294089
49 92.36570983011352213849989332470114295796951197526084
50 93.81857517376542423716398303418403968172420896450272
51 95.54993019224657545578957999536309119714973204034694
52 96.87220579510736935827347240031781633666306971263034
53 98.38406923239836365659049025308957242944202284707359
54 99.07966174513259207554233823679421712732887576862201
55 100.51424555517144412641096810586382393170728821812674
56 102.99710961573540962857176472295022740421216838202749
57 104.10907811042348657865195908225345696352739460889145
58 105.51746452641011089189026519843197296358317563579263
59 106.28869549773303482125613645378365180030488683517575
60 108.43728563488717439466986940950567122464464145351772
61 109.08824496393441147660462897466462601351234606932486
62 110.80204551786231888065501493624973592986029348949462
63 112.52993780870316727966384604142008324646388864597435
64 114.20682708920565074969777005769150898063995217655835
65 115.33923822644214142947226627851954752375172424199538
66 116.22921584364470788610454678948897505140753818720471
67 117.48761183843220024271111165020827577028685117924234
68 119.08095695258716157895824334173857526648029859671964
69 121.23976256109344868209361050981687709778421228689437
70 122.07872730953483716360097108587552468718891777570404
71 123.34688344564273801499617636510099965445893068833075
72 124.98239929061834557233315598971318363291134598333624
73 126.03431039981871410384911155328870108884528908268863
74 127.35101948893607521625023595353880633666484724908222
75 128.35857841924194846860979738376381534179506914600540
76 130.67812356071093928078548072079498435081377872019712
77 132.15258692230330460559108735151884642612253520664775
78 132.73190651265675626341867862412068137521999170378259
79 134.33819237201079036619040174955322575824095965045608
80 135.03914512446711287655310450255362310394559352012270
81 136.99462121197169439978975396280951956833498091977779
82 138.29448366999360173202036909188693380391482540141024
83 139.88250806873546284203669212012178677924514093164248
84 140.96627514608643671838419741731107578458135249455277
85 142.58288053994478185565635958029908563473141724612829
86 143.61260900796232265929319580072988890549403392212405
87 144.83203724064574592175239145639961239048141750281817
88 145.53632635836092569270382254748250166220660322909876
89 147.88420563660537122581689261006457350784958946017417
90 149.34681574873999596109077821703598125293093302889124
91 150.54589374692554997846507228179024905457751652804855
92 151.15969123424125683390572194120629999569107110988660
93 152.71677244268167723528668762497347626803975721934535
94 154.19069654220948084302443225376287323044135314883932
95 155.12854410379384706595210912532659774735495415356385
96 156.84368907709451995443649826433577717512302638338532
97 158.12634935444573953898191626055963196271450431436368
98 159.82491023939506067555383614108504123406557981295137
99 160.80023354964399324885248107661563862703382255055638
100 161.69116986125307799984578566869840527519010659569797
101 162.92168978686886989095265005785361359288282664855101
102 164.09943502165860121745388703204193595812839915053190
103 166.39949818515241792667287748963069564444694059876190
104 167.25998481480508805357264382871734136407934523246643
105 168.38268550593931482819248843496380351220417609512297
106 169.61798482294686383285284455369469580676702162114452
107 170.98331615430286580227942108987011529218356334770135
108 172.17008851874698386060362186600257654386037240129323
109 173.17219013106860563437305118180020392192774591894425
110 174.53007758423853159798916566655981833642007933453864
111 176.84062696264845732974067124333951194416823426041974
112 177.22953217159112976348941616543538531078309601634515
113 178.98840638198299653287267022385055093003185187242510
114 179.45137156326393409270189278658113287108671483899228
115 180.69509987550119153874530100054964300410849207451405
116 182.29803424104686372174678336933098011418460602451710
117 183.80962486170092928134960105061772968703754476219429
118 185.12528365692792664259324294543424562967242930162936
119 186.21358203762315329786787629759760389078747411811126
120 187.41794539953367614852492576679419389670595680805628
121 188.97158782195677916693434301801238107416006961101584
122 189.78508949778220140604037387311110146830838621681737
123 190.62456741493013388498327837857418916059592229749441
124 192.21588831783844557628617884343866755412930188002332
125 194.18657892657898755776081937428331317722596297755420
126 195.26119134932840498256635648414306245105971183310223
127 196.31121309399494895411814545629315455884173795934923
128 197.02558989018168802623156583560990624765844791541595
129 198.55248915317267845957303256729801348983887673715015
130 199.77160559500381879285570875502305618594142813222000
131 200.98640563793905880876051903545144120858773036011361
132 202.60503205702034412861782275351607035192828730497365
133 203.50673117360807592711384281295410708009264332645814
134 205.33619390077629061746418734466211875444999305274907
135 206.11488979162624212570934573945138095067565658405723
136 207.14142886608592558008381549289167806827171128665548
137 208.40488272122986546792942595064666750981757401453067
138 209.08288573319259918851110148617906351192724794901664
139 211.39687813931595726066366230455345674366234387079630
140 212.63748347532592965661190823322802441642054752627607
141 213.44805293372534732818565334165632255978083038117412
142 214.58140829875401575247669657038606999877712114542961
143 215.81839576931646019296812121787951301265938947807341
144 217.00026186181915006701684207960998385856221829749198
145 218.43825787890171892454875048101160397536878813871411
146 218.97972056154027950552178586824050645644369362133716
147 221.00744271924605224989796780090318834339314963293354
148 222.24279197659703612346360224454166563789758275880051
149 223.56416609392226930652245795950680588036519673088142
150 224.31294862656019750875847033676506681532769437038286
151 225.49956282311351659194214957311549925215792070035652
152 226.21483485314296221789540374757528419444065378990846
153 228.03419380823057312944462096683533388590315162582111
154 229.42102116596145237787778294301147992225142242054246
155 230.82460676724742132330229141406442206056038070634242
156 231.56232734435093172604582179023937952660149679660449
157 232.74703092127050629644180217817479595672770543366677
158 234.48566325963524167548615683950892610208027982069384
159 234.91975672109584686582435804892829570414446359117442
160 236.17182331161339007581682748179734436969945290542246
161 237.29725537445775245473195693698761203967672924327248
162 239.12701984348356591626148117895250456405954929895933
163 240.70810553083621784694879168120965855517350753548490
164 241.18560477331280280400760261092633142871083434478738
165 242.41523081235781819488364858910683850779745808563943
166 243.25335405440794264319553808746440073908994933624765
167 244.75669738494118048963901818367141066612940321095301
168 245.76381733834751792562258915827671546244386636350673
169 247.60723583680160781220813741600834037035324562104962
170 248.20734421290316091074221871366348669639667644949139
171 249.80452216171400882015939477818912088600519211600791
172 250.94785510369580202957945662530306529927992981323946
173 252.05166773217396268441768187039976145603082597457448
174 253.02715590505101886963616263899088361600617993543609
175 253.95178945911722490492479721042057950001681355663758
176 255.02858461138334619538118973898086077601415688406615
177 257.31730355472170588316243358191058004908064263662524
178 258.08092958552838970010968444762476915241229824519888
179 259.07692218349775331512151620260280958373469764843454
180 260.38785903086997675301377710441177985038779599076714
181 260.91793490070469375896094917410592704346756741385360
182 262.78754981581475082104296233877524053561491489116084
183 263.49594542460739947311745260657533098233026063288125
184 264.73842569586949942455269585682285938708469166785615
185 266.22147340457707548788670827673046375288391464601328
186 267.52630732491108552650996007676536884439488869334417
187 268.70779559100665258496320646059169075339139096291942
188 269.81010977345053823327512555978362286269000215514860
189 270.62482502110403773590491224152068623810291730949549
190 271.43918746666407088020185221491245870997708727945530
191 272.88250961558054108997919105544532987083954767820370
192 274.50026710011505652629722309267650352897361465338608
193 275.86123379959019309070498905677191672313743058576895
194 276.83936380531060866174492080160544470861673409606303
195 277.45435355123820344896088174915959980201910648304968
196 279.14954841967453664047163585896337385321036783058790
197 280.08229668887444114286734014898824644200878699015282
198 281.13840432608809583029263653705802682938224774094363
199 282.07320375126768623484242594981699885626475277525624
200 283.48814293635035241752126708444753578025445021383370
201 285.14236137745422159180864755994957073088173785480763
202 286.42674948341487426761499564398648379733222054166797
203 287.04187791592479954041211887121529791009485483406980
204 287.99899006674315885581233499205064030562674468359288
205 289.29733983460610775027026627659734665400968095770760
206 290.05591922906211580397161845451724751744331549412767
207 291.86133037300451523948723915468819598865476154309174
208 292.95210867464405936338738923182255382102492994999403
209 294.21972540979301229403415606125909506781224211740009
210 295.03792324973750696618483584506554664322000862914648
211 296.67112518087110648215253312600482067358738145831957
212 297.28741885290970676466995635695813236242371613800480
213 298.74778642042454611955369086859534584125155988226437
214 299.30098523612140973030551282538574192471069268065968
215 300.37992761523926839593115684245408289773726525117067
216 302.61621394240388852146735673173455561540168372483431
217 303.34637301857305188827817638381731867133099165233059
218 304.65197968970924602279186636404039775088444652131585
219 305.39720843085574209450566373743106815869118619729647
220 306.29115115143592572127693154873487470374885872993088
221 307.64928669706990282378885567413471658050940594967457
222 308.97042924980308736039687893304444220924774135592840
223 309.74530273658733113622974075471038113684964393867302
224 311.40022711422815082190498473387216865889869775468572
225 312.35887946524385893663834392452675750283661340764021
226 313.69025069690058312007966358673948766135686051639689
227 314.88282275230527448613591760266404779273803025790518
228 315.77978186242245596372037851031370870735951539922146
229 316.43056190265307647068553669829303074094180091051172
230 317.65644541000426420723938492888237188272134703400619
231 318.96996284675072946459072586586314427720248088329330
232 320.91844308928533084949648117239700202513523313691313
233 321.52436092954352451640386199149064146202069719247850
234 322.60874122076842779437794876282637969940047960146191
235 323.47487574610303638678630910682787811799581063683935
236 324.84464889473127607651382992506725265304990329208524
237 326.02616770153536056238246443007298448289713895992220
238 326.70146833515223807794341764811009177387406565868772
239 328.12969467624593571670120453496882512256418209597440
240 329.16023392688158704830853371284672480315378830005712
241 331.02924184231118121014577666375840599992218950220654
242 331.80415728257745193936561629671913396828073369820811
243 332.67730668219376108973068719599041772072681626242277
244 333.92625283085733242172746028249113617385767930627513
245 334.47119315652771374445431438086662822261961120903568
246 335.76530086640594120617934757327430258005501202623164
247 337.27883309021852754154458941595579732899363767507266
248 338.83844420013791454039315230808767277413372123299733
249 339.28235584376829904705260138418736221473091235854873
250 340.81844405188037891436320338266878956664014414228708
251 341.55293507556617048974692960543342102708862163779874
252 343.01181215087876629002154867728226603141116275436722
253 343.89634952224323195847903517641866885471711115168212
254 344.83509940828255388349710269965950455818377025756358
255 345.61695877766033642744671891625937304435236450199786
256 347.59477243280169481010449328396199425583888404680219
257 348.77857823472359902928148314824106557896561519855495
258 349.81701086987464060803874448051676065002406963637992
259 350.69327563024771323068959132547489733466942535778051
260 351.51143274814692272917589470368376160097124104348577
261 352.54675376733725088761380975650333944307691964606884
262 354.07202060047563933724031646507400162511319687574719
263 354.87145010366864681461563850741181010836229353473398
264 356.37354607242248665165124922212312527426675994319170
265 357.55757540425684369905672420029266463556837050650838
266 358.30095375972907000237747695061954940824664487013283
267 359.98043424263579229419874203257323780329830465317731
268 360.81052865728296017689835053256733488632433277699925
269 361.38747083894284956605761084980399235020478572204952
270 362.87567349944292231358298773363493495451034290063329
271 363.30812560037081473720748544441030849830251891169191
272 365.37035674021990947192949143572611247733054745670710
273 366.68016062143808678265044767193561097370975634677341
274 367.58613598901712746356086317471885419413794202851942
275 368.18120238584332447343537123051616262496058328536880
276 369.43712188703643634684700200676921060155311464711124
277 370.64043054842255958656567651401243402267820082287660
278 371.52256510210117318544610277689077243604228185220368
279 372.87712024880991070113834947507377626075448984704777
280 373.65120194545914489525085826171284609850288779644687
281 375.16813888362473229788980476378242890223173574107611
282 376.47721891565032093571140531186817106933308526550895
283 377.53395212465930368922535445423904616720475078675884
284 378.35014177980395754470036322939479084204405084747391
285 379.38375360918399598861930917626156625250763708926193
286 380.24042246066439497774349557828730647646914994509169
287 381.13870013673462192876643893618956980296299412377209
288 383.04838353930852387256212219545501881706509819516088
289 384.06819195558748506258088302501536327479006014164576
290 385.12984189928463318294264728205942901265496834937227
291 386.10342630267707748955860451612432991084991736046303
292 386.97950132037492098161293313124815922249421103951158
293 388.31366967453163375417446053115459424486826213025107
294 389.57705663627800648931038879948386166916098931368542
295 389.93644010151414204765737425933357844329028352012012
296 391.18696636935246000602353496497279528173201467777480
297 392.68067953867980700089640843678744095907157925090659
298 394.18071638015964797743310111444188617004308862165777
299 394.99906697530361213387984949064767614466751825950530
300 396.10880718113183025263041655877044121998610489531722
301 396.82091898996035657700223430606329210688719153395374
302 397.60988114546843464931935956233754393723143627923851
303 399.19375269407624514352739713675985381565799174198542
304 400.00006600888454205885357681595590411452040627423760
305 401.59192067142373167925732232541891907515095285143085
306 402.77258680170731274825188255888841542799203451247804
307 403.24555881547619489542425406325798044577217404727129
308 404.95894969144307561478250167978842917599234411448902
309 405.69344570090544368347981390136932924633462312141042
310 407.02688404160939647644109662721040448922344433558131
311 407.39792166740872300020051909940476165415848197930062
312 408.69499575195566461702522715504455685080883679343393
313 409.72380459621108076013209520155741418083972201585897
314 411.88750998224910931609681478319403600144360302153328
315 412.35203057335491169414971991508511917544206173497999
316 413.33241217471224326527845538061817056897845699520655
317 414.36317214455313648238399855662426322403921238577675
318 415.26811935897674870160844496350878825041602499223209
319 416.38309466060830848015352591558853444055968720260738
320 417.66436989682274923286279669243826792439591397456420
321 418.54902536555025581616959747813153611639898874323135
322 419.81431412714847648042291602807964753515687342009191
323 420.98113849622432439330865769035953673171485127349584
324 422.28804157653355259125110851521045688076954861343118
325 423.16893023715762676773519210225282921765004916265874
326 424.16601579976800713781861551607413137068766480148242
327 425.26398033410915778923445225023268804087844299717677
328 425.64978324318635097015534528424624434643032526045129
329 427.01444429015572192022655193151309847028930990141805
330 428.86755469455671931243016938741567225848817348366967
331 429.61034806821080398132869978304186724710829769168133
332 431.11363118532271044497357172214904487455959193245518
333 431.38359622893605883108803719437280004054095842503722
334 432.56142446662279859937435923842174994262228381799238
335 433.96906050879645126012399908055456644903006402241764
336 434.82683630846397543627327946580351363467295594121196
337 435.77026467965703408605084856505304966263007071079853
338 436.68571486765790851450983011166833059021471641231166
339 438.29542187610408949115318460316784045972687455479125
340 439.36577345168639295317750909688314894146038677159293
341 440.71579911768764668496399787362686383331418330131314
342 441.58694010031347412403541394302807234435913118542428
343 441.96517165569860114690572226114711380375309015539743
344 443.35543250332302177926784024979631039130417510039617
345 444.17666786958287169141535944260588346149415200108492
346 445.50684221367722020974897589329871206313285400189599
347 446.99947764592806020116939150143439898181895655040665
348 447.94902187779754105708003486781738930572918091645797
349 448.83923731249926594719078892040854949491020125533441
350 449.79452629029133449326844863857475492709344741609300
351 451.41877873217570956783546711026944016604180234717889
352 451.75982921325322660346739766039267371161234189033842
353 452.99222935007652064721989494886463822205022876799687
354 454.01217895086591506008235829479389168090432628140197
355 454.66907476856027369569259033111863703941165239128820
356 456.77968231364748062792951255060344670092771064691176
357 457.71988613116993773698462548332899347105267690760718
358 458.57798476134358450993227365225164159555749661351319
359 459.42624174073536803971295545206976609381601715094642
360 460.55711126148894286610753315557432849842610514741965
361 461.15689986329821425634879813937218358779535074085867
362 462.74268958267802780911628773252691565953468045510649
363 463.60247023771333851896249038194774125549535978179258
364 464.89790919579517005107704043813164182697948507094210
365 465.89148147665305282563247042095024055321699629649181
366 467.18197991200296243772834374510508880021631781481127
367 468.02589312754334591632117736436698460831676775257018
368 469.33963527968566758306686602271421618064481885898979
369 470.06872083061714907660835036236744689122356310866327
370 470.98008641134856876649580552393366815871406117339329
371 471.63254716800143322743161768731203929557455447630163
372 473.26927763919415911371438927308276059473815308386627
373 474.70529892809610348101339515215661939309634378121761
374 475.91759039709461925687095735220285793548120206358806
375 476.34649940296070644955603816014060598063664233838551
376 477.64438680865197929553370384534141838923343222384887
377 478.19111918628396980095087829353493171595724465024637
378 479.84334915084040361571218395276365425211850609726698
379 480.64479898828479139766213246058759872668201470658707
380 481.33043835670098879398128929086945794818760616221810
381 482.97107907200461724921710912383839276156328498884050
382 483.74043448672398643423043412002259187361024340761060
383 485.34265973652477808590094016536265038551500176861463
384 486.29520551927404411393846830090781375875923391861467
385 487.02530676150508208087879741000766348166701003034789
386 487.95962194138887720926738088556436612292879939958858
387 488.86815696810334582412167419340049067149548725293646
388 489.81708756106021066312145872735045889615491924261621
389 491.18098881046312314500394559326537392383409759867941
390 492.82987603153756678416306308381984322272337983473135
391 493.45018786462385557474509870477777015769368281043159
392 494.33552518425360741052833163754380760782543778995477
393 495.48965155135308816159031509647585569045711898805753
394 496.58866818934938180553876286110729371162760602490585
395 497.50103080273686556050422447752060459576349757553203
396 498.61187849700209537675075908505840062014927614498178
397 499.34977344916457283608628363190209138052255060639309
398 500.30383448967701365772236095666738595372783073617146
399 502.14350676328470605332868205947909729780034612903093
400 503.22138637834110934321819020013107184370377737993854
401 503.91185789199164963655645742504315390098954756277326
402 505.13982013552459540971178032425535912886501927000693
403 505.63006600499689204023167809285081166378222366122291
404 506.73479864280970362609832403243768934201532510650396
405 507.78863758648548900016196600862839773125747088176245
406 509.30706223408219337520608024642114824852935273789352
407 509.97101272231688958601017313301572483589436879846884
408 511.56536201089521775332810601789344108234546197128464
409 512.18109725177894258669114397132197421371230443723566
410 513.25420745151068899087510320879461662014936815417274
411 514.72940885174498838140297428817882135635195273320243
412 515.25087908560068043913839818149167947032959139977348
413 516.25388713840369063172286495314443169191936490449913
414 517.03428551818555372416959875025429833820279464213168
415 518.16460703877380179120670136552518923403790635622562
416 519.97223569509607573777159655085718563080986182562362
417 520.80781416770570543144257633183424762498785887837231
418 522.05506763060613004729891705080272060691382632866717
419 522.54329723553234116746553437927174758261620844511475
420 523.32757325175697220454105477926814986513926576030005
421 524.91255732947190661803384983434457158801670240658755
422 525.53733206081460886293384762102460005641327252752128
423 526.74563363933917505271343635060112569551302993571577
424 527.78212388259392820159656722392070689858924516299662
425 529.02200933094597028105532158584166540176501596423334
426 529.94360843875905845879165654267357841145645391241593
427 531.59829940750439160063795521782150462137020667231720
428 531.92142176923522341779746556923480897276496015953210
429 533.17537350016564659972636828066473107484834962908886
430 533.78052153648442755962837287225341857616504190535635
431 534.94454307848478087334448395780422834721494520228523
432 535.68195984351324149129273822860089238209633634817518
433 537.63885865729916207751222473315110736965463523004596
434 538.60876457108211077934678578421591363979717096276494
435 539.28156193211642418995597962738524050721699056696032
436 540.38058437211245309896642266198287813220558870988906
437 541.30532357470131935092147230892097074919124893429801
438 542.31742820807743952761221547124938078175744484833960
439 543.53696708882787806957227087843525563401677734430058
440 544.36756620342288032963105814788400270710074968678733
441 545.07404184350557243580542680445930771897860442180579
442 546.48479739700697993750656822304379675899578846554786
443 547.92139305990924978971694863829099197835034887532436
444 549.00453159941891318842873018015327186422313105627672
445 549.63418978742208078385227794208749635933738117410541
446 550.86458607168131414327158948907489826550342673336457
447 551.51635312166650127586647810730502154833187511522123
448 552.15936191815612728776438875445704342003080588876421
449 553.85441350661114868884347451352581531373907694948074
450 554.65009671357713783535647194570715311973975008602033
451 556.16676744903377312393426629111993081033721959308854
452 557.05423038195373781054402443125967889721269537019269
453 557.78992851188353180350182849594625648359014493290817
454 558.99235469851518817408328860328227168726754161890957
455 560.09560162428136339029527143327011071297069007098158
456 561.19970470276031545098475685477027909459291158286747
457 561.61917163035896049585481754078882535610266008807638
458 562.69774794440961675307950740903380767654303937352530
459 563.85863775965211173688133329493906985914148253329549
460 565.36197220768545894636466065851195936043849183965875
461 566.71092698781287293182946600554010625125010084157942
462 567.30830309858143945702795556273663398237331672308651
463 568.00139605689242799176161300220928492330502519436113
464 569.16193510073832104342683770352128270313371751387755
465 569.96057717525506040543864499376167548117704516742065
466 571.29676774900132183073729483467030379161132452446747
467 572.04765349154286159239408099995092271292525055385824
468 573.52014197121840194808197322711180514942416166482580
469 574.29621253705829524891947871256327674631020527161494
470 575.46690067144357993215779584690197654927273837602897
471 576.63458062529104995793285993749531797350636341379227
472 577.72366696872991531294462195940370274787573273438810
473 578.29692287916024515253907092133027599269633812973749
474 579.37291677920047130395788713197196701451654812761460
475 580.38254650318242447604991423066970308421789559589218
476 580.81512411992877679757911645752897247965411420344976
477 582.98476041731419654936134593358255877858496123700908
478 583.85716874101204557985372093212850218695982223879351
479 584.72138900118052653828252078115801602274467239312104
480 585.78298066038445959937777094460987918105424915516946
481 586.41035172559077735408101077022042524312737828533114
482 587.55309244152664778007727539962329484890694396498835
483 588.75004578073811682153683361187068545062790149121771
484 589.60901498837369955280067861062329481583970912107065
485 590.51222009027213279016677645328383476201743800387885
486 591.51497865480220454616744458554279411438370978337962
487 593.25211753433050724949801884261123986018941403120441
488 593.74079162822595612654213123871074086623639965864567
489 595.25548798012329174935644174740751828350355191696883
490 595.92767226057884394171968087333638904321622255154822
491 596.58165123375325311472679602225362957594320995138600
492 597.57530235612742405454002073949007550590675579334662
493 598.55978511053703028668397139755314013774645784845989
494 599.87947222084061054552513683163770401195732603557308
495 601.19277201541043251911618673353706565308139327894430
496 602.17470832517582141915573395670227203457400380516883
497 603.17831637992903423354577024775814318307982577242524
498 603.66691092626385703761913421378694136916542925962451
499 605.13668625227522078430678028337805737562300215485941
500 606.32168173939416664019086381247313115191817643778645
