# L6_chi7quad_q7: first 500 nontrivial zeros (ordinates t > 0 on Re s = 1/2, increasing)
# function: Dirichlet L of the odd quadratic character mod 7 (Legendre symbol mod 7)
# character table (q = 7, conductor 7, primitive): chi(0)=0, chi(1)=1, chi(2)=1, chi(3)=-1, chi(4)=1, chi(5)=-1, chi(6)=-1
# parity: a = 1 (odd, chi(-1)=-1)
# gauss sum tau(chi) = (1.97215226305252951352932141321e-31 + 2.64575131106459059050161575364j)  (|tau| = sqrt(q) verified)
# root number eps = tau/(i^a sqrt(q)) = (1.0 - 7.45403490798604185930865013132e-32j)
# Z-branch: eps^(-1/2) = principal square root (branch +1); max relative reality residual |Im W|/|W| = 3.81e-30 (tol 1e-15)
# method: INDEPENDENT (non-geometric) reference. L(s,chi) = q^(-s) * sum_(a=1..q-1) chi(a)*zeta(s, a/q) (Hurwitz zeta, mpmath);
# method: Hardy Z(t) = eps^(-1/2) * (q/pi)^(it/2) * (Gamma((s+a)/2)/|Gamma((s+a)/2)|) * L(1/2+it, chi), s = 1/2+it;
# method: sign-change scan from t = 0.1 step 0.05; bottom segment re-swept at step 0.01; roots refined by bracketed Anderson-Bjorck (mp.findroot, tol 1e-58) and certified by a Hardy-Z sign change across +-1e-54 (50+ correct decimals)
# precision: mp.dps = 30 (scan), 65 (refine/certify)
# completeness: smooth-count max |k - N(t_k)| = 1.297 (tol 2.0); max gap/local-mean-gap = 2.248 (tol 4.0)
# rescans: bottom [0.1, 4.47573828373] @ 0.01: 0 new
# date: 2026-06-13
# count: 500
# columns: index ordinate (50 decimal places)
1 4.47573828372868313197462848719313092040080235485058
2 6.84549171249137726783979779478480978700627421870515
3 11.16018454311952965510181826588515364638239299649883
4 12.48960334303313423775824003050717508777011899362229
5 15.11288225874376865962836973665684137799624219800913
6 16.80287647572885398234989969867765088343442402517656
7 19.61187805669003102874335093663698578299716096470450
8 21.89991370331832248627181534368427696989857714005662
9 23.16297179973657863840493856183091669160984391296514
10 24.49884755535632897308961801424739273291583900334284
11 27.36147751900128252344458972943188797589005392347968
12 29.17887966636347069628776553811218946210742265753100
13 30.72189964454757558763990410272319630009816469451389
14 32.47588759154207580784464540073040103359118288996991
15 34.11124078303733952175233551521249312042497651047039
16 35.31184745897796962658723096927868748308286424593814
17 38.36463733603136596844459180378182624331391704944765
18 39.48257874666192172268872121810483588565654921317327
19 40.71032865165391888580324605962005582341077367131059
20 42.30485758764265058072877014058058045774415844876195
21 43.93185428742714565723041221515066658933460047536162
22 46.19432742740581606201873969732308974090577151999162
23 47.29858534027669804962753511398334698151214768625031
24 49.23589426241625955820013788978986385304298374223451
25 50.98309943494790941040256869584943446620951195584024
26 51.29663145842678516682369828534596360488489821419636
27 53.24655671644866585913527330478650365832812922148211
28 55.63933076879935536112140553288450773245860737125047
29 57.01268707364031028971083951689902636926511351730407
30 58.28192309611163909914640682826800939847834888424781
31 59.20620194562854254058434787794809007278817268931191
32 61.35628738598272076802981149721742878395846123482360
33 62.32460861736577934797328221544135652502958333936330
34 64.10326113123051031688122475275874756559520554636955
35 66.12664019212624916482002655229784249874707581921655
36 67.14932031024267776986200050338702046980002809113940
37 68.61485514381956359096205955421001888716864445661549
38 69.61803082139656474003833591003859778104466563224359
39 70.82990233675854303638263403767707279006850671553598
40 73.40672092951162150313046063660946321036036174221982
41 74.54714092226375076569232585269887018142759067829318
42 75.46573217602593963104745927367630203775583595588658
43 77.24274542981263424220218472121780952142049334193366
44 78.49484651730230021837889704682262519685073697703308
45 79.58250976709850977683145795988802895230012674156033
46 81.06415023877977302288491230734081559823484638168177
47 82.87474237628498287610633093104673277144620249224976
48 84.70062793174839686643000710170579061488941504765004
49 85.59474147704086048475169348699794771348231300326674
50 86.47845308322603112248761964642503663124163889536580
51 87.82501527294897415910416868755559548301108290578357
52 89.57640313747188195195918896212617242409908356869484
53 90.98472241101298894282741980998891235556811657773586
54 92.77963903481696005688494033170996598398648558924742
55 93.44368542539255880306765773614115742624220936635163
56 95.22060670403458198862806764407827974664053843757826
57 96.35629869037091648888100766521514976004764746957625
58 97.66511012017471674444342851590639963783216859497197
59 98.19803223037101604203938730943576416321934929908922
60 100.93598508097000454858421289764543782493412249367769
61 102.03910755387027323096204895764627874852376484501216
62 103.05024709816560719708771555628493437004029102567943
63 104.26542636832115874798333865474258223708456994475746
64 105.42750128770762723082291563000325616832032497638994
65 106.76344427751642940432979014454287541697876346777299
66 108.37872534093514223392673801835936342938988136700958
67 109.60352424223093047252151003439045452154357696186881
68 110.97703578205801760228109849085185140197292570201437
69 112.80442071286121297194015962523323122124979462444425
70 113.39626714310471621378647474205109944941855857117007
71 114.58985762137753604406395810917539622227366582656725
72 115.67551041555724129142365397349098346735330987552174
73 117.17190342305539771077064465516363012624596313366235
74 119.25383489007485262688964512438021955688726438494120
75 120.20003538545002805555023541483662566535312342443420
76 121.28624002285172874514769469481725624624932305591220
77 122.14849909247972897499199739329071849379484361358658
78 124.13825939524156646709783866409796132195716562797971
79 124.80156802038890027051462774826075558916915523813085
80 125.95114680568835156588878344274284187371031035942210
81 127.73629200588027710655362618451905852909941404762677
82 129.34114126187280540013508690115457649433731732747816
83 130.22607482293847147123135821490805336841884366091639
84 131.66886217825504284157361018745611994473265280861615
85 132.42929165556776896017702896079802329656965026797765
86 133.30291151097639585367766840610906192886329122134583
87 135.15672202964702663945259735352072534477575094177852
88 136.99537974630136344163113864490024089883969841871994
89 137.51930138686469959737855676930674906375575043843708
90 139.05702917271879245825216273793185660089709980589272
91 140.25886569856686531953130885801664496360411748274961
92 141.42001499065210241523116167372938947786662530798304
93 142.53124843263467339559051002557085407016226881120493
94 143.58490160392596596365672401619816070381913614822313
95 144.82053253901272594850462877851785425920922845367782
96 146.96784741550611728590412806180201863574341205114314
97 147.99879653259773006765267385564590944656639532171252
98 148.78064649273617120786303386113913059355639132575429
99 149.74656964041912550829869662013204727998124531016452
100 151.12102049010469359756688311321696318275021173641305
101 152.41411977401946161759086589699784060226681394058693
102 153.55742776520127754194234349857562961509828644357242
103 155.40498430124191992771172638346875837917299811077176
104 156.05439921386203017336008863744914278869855548325166
105 157.46847558742486130137309839072162713285564819365816
106 159.05122083573073638199802361706451121281956139257087
107 159.61705907088505036595224984618889453470350231133012
108 160.75507158281226589157020437178730072169906432674959
109 161.60493957408740255305310241798509414958345445126518
110 163.95492504714908016141424627455367564046217024859174
111 164.78940132203588338671014228088920228017186565920789
112 166.26782980259590907361078294613150449686141418336764
113 166.84433067160496966729763155104240709475990003271454
114 168.15508643880252103629340320350477957877853646514947
115 169.22896013750059855614477287852556683527265689271982
116 170.82989402239159234398796230208368401885769426907712
117 171.52410920533340700496499239115266247560706278613947
118 173.00638733056806698833568248088205727550025321595089
119 174.61704594560650732321753145955147674278222461388366
120 175.79223912141447169806875705554600597211190224105553
121 176.64061076273337405072263627648982901494186997166395
122 177.55097023319860877832305374731948952759231343763668
123 178.92998041982781257965759126170395667895081498764194
124 179.57897603400396478322258429341694218677161207368757
125 181.68793234037264441317140416127367619973944387219012
126 183.03988739917129288911579342705069684823025624238609
127 183.75551041427413137070050764077359759211279815327324
128 184.66239625280727221251473315771416276874757356880683
129 186.26578693274519549517446269501653890083183792919616
130 187.44131017886484527868851375724676755224371089445010
131 188.04857600756198999307319139199571705058463320980973
132 189.28658478861258692000823910859918736535004334413031
133 190.83640849874178120410259653875140286301846889781700
134 192.32955696434825603233223618038899884283410431062900
135 193.42597681047925901112527229061307412174802174866041
136 194.51897454436049347579916332735489669314207910688485
137 195.35461187283487192972983225615199420206009993957591
138 196.03920045360283457770461687623103201575521007008014
139 197.79286339635280756843705518205459480810041709444842
140 198.97178075011769756641665841551788194742231211654496
141 200.31597335508316222219623233254891933903634090988530
142 201.34382978895180836482820976659749449905406216777177
143 202.68414441726377183813631106620949006708674589793643
144 203.57890905758695241499814964448891320298097941523902
145 204.85993050278845681646612012588379154442678808507998
146 205.96221839061128143721423338000051030308748285388261
147 206.56061875149042898202791002386603894084312611558563
148 207.84939380027561174174705045475026790606292823193827
149 210.04564617689443877956583896449144139308869224748240
150 210.99132615737400091489594806470956529768896765256655
151 211.44513782724974592780656554983208281484464240787160
152 212.91999479304544413612628846444918850220341355170545
153 213.67816623759064835991795020651664235692827442853557
154 215.22213036464204689254328749941123831244784087486398
155 215.91053322755051818556951652918181416888337951658943
156 217.55838397061367357818470411962397119861851292281458
157 218.67269144806887103301181898559090570936195504061494
158 219.65544141908228854995596187261250562836904970447680
159 221.41700857735767700546889080381452972234258004240056
160 221.99346818625600685220412689347272578261569814518152
161 223.15229695095977627197814048364454143171024788045861
162 223.73646925491057396620452235577198148731441533229927
163 225.08445854057301937061238934016967069453299053426038
164 226.67949385384303696281083744297389147055359132371388
165 228.04890206002654234525155378778827929077088998172808
166 229.06135164788608609719190121856010640767633662041361
167 230.08122790079791679320066981812917316780259763396103
168 230.71212049656829477920814032693946938580213392699241
169 232.30564895679240150767157604965879764157817985482013
170 233.35252847971864488213827929187680751556248892534546
171 234.36110349984413485876899647770539677003323697414626
172 235.10611758942016979206731647557957097405116218022652
173 237.13211024400742139328326948755796192526065168745070
174 238.10342114778544361363029519880935666047725133934743
175 239.34830966356882478316667650199883501517392637802538
176 239.91387988912554673727952896450524650195361320218735
177 241.31491750466661281656051606225473120527921890537955
178 241.88673772889832195739762224052012536894240303993946
179 243.09275940417703806147896800105389583728693409607565
180 245.00621290518803030766404199884068204458936941543557
181 245.85972999576318134260938430705957912980003736549009
182 246.97012734268761761143929775144449648191191366638354
183 247.77704008355555332128159610802349189486037980916268
184 249.44685667006483627381338396369678109895514596579222
185 250.16541930968066855882064500238165219567321305840566
186 251.01351005613736979339553676925067227429052246421722
187 252.27979640116661959559118212371329547927887630878712
188 253.13518735627612691443569538903089083230356785241732
189 254.92704205699088745554271681656202130002045025397252
190 256.18264779940263692714099337363414267495734377086177
191 257.24761311939929104549373192193364976911269083956177
192 257.83121557057616846651005105197820587080751714656617
193 258.69989242561854517484802461462246191988280747822574
194 260.06802608530239421048444924739296165271002998865737
195 261.38123203331971827472651463325429378117336067072117
196 262.14339735273810468369399720412764829148999193212874
197 263.72568135213662065325646841844336122975455099710974
198 264.76816334678977015155651366987972153724388773000802
199 265.81749092602671023511794190094108484749393811661725
200 266.93841628767780584397462758059686885674965267874644
201 268.15090312086761879100252171586692663320601766709963
202 268.99910219459929330782902954192528222519852876404423
203 269.58852582587462053189618767538821639261366068582464
204 270.80278243371730346357742502269564504237412934019308
205 272.88429382944095006976785415306614250274206287696899
206 273.75687417958402673691806144834866542927669076538756
207 274.52434830169616430654556320626439974226734675189947
208 275.67534795398001852154035381618054109297136439797704
209 276.69463188284972471745000994598341023450114831788061
210 277.57612965946194647204385107319208544891424211249906
211 279.04714142381527400442942472477316882439818016178205
212 279.67868556544834325548851698745298791522782820730901
213 281.25850735103031142066246678127788944283858561225311
214 281.95710935825860724917327877490037571274869625618292
215 283.95689214626680279661598382213463776488878051569772
216 284.45878648147577451213662025671579473647898341738723
217 285.61269365162027191515624501648196765585972255699541
218 286.27974308477750590303130144956366798985079512414605
219 287.35934227554647614526496974634020629238896920791130
220 288.49188367245525198210855147796752573305637306634934
221 289.78751078062421597815242620567497040613262369114879
222 291.41426089436384207105263314644873763833171026804236
223 292.25352535451617640733776342398075719257003660973513
224 292.93642505999449713575137046841003077245062591651367
225 294.06603089176642506017294664539990289926904423042412
226 295.41072103867594634983488422999641783571321284487829
227 296.55223131251266529998487623597110616850629614191982
228 297.01989390581607574640727126221557240233132620777662
229 298.06010660741486464600673710395567909404056619299966
230 299.72431761920965845677255533874627687770974492182313
231 301.14944118011866898512496786882878822354508754156489
232 301.82841667283918913662697973772790054177770646796644
233 303.17874811781997950687122278460735249508520253215226
234 303.72401307347250731118027453553985906659775908653527
235 304.76955339028917050956879299038195262044667280115618
236 305.62636290867293540927532089271110844569354722382729
237 307.26440640849950581512663884277573009176950518237179
238 308.34115774355382935347499990278188926731429983605892
239 309.33717446611728177383323318554233992743323909612187
240 310.48208073438704382226091669352491770279661340490232
241 311.53239035593633887389849192567557316010851828324980
242 312.90387299496790473264961662716060070938502237180149
243 313.33261034018359454374965574371746686496166239097586
244 314.56765439299293857445320771185120875459192767472808
245 315.65973634424588928420038283821414883123600292941502
246 316.16512415182298361795650872757266055291110521736316
247 318.30255783285434005196667543593704751714684369207782
248 319.43355897620682702715316614414668569150638704523450
249 320.18616278730988607682577902993409614197971966826093
250 321.00571165945412859783238614078392139089640329552797
251 321.80453682217771129630469248664439743247108116580076
252 323.44667809737814701620988600147511803097387223801406
253 324.01081144042413953920735448211305717361356651845395
254 325.21517620724252123578130088089378659033401316883322
255 326.37823032198908920212723639200159792583850170358589
256 327.79245973297904079283537436478809282365341336625768
257 328.47934932892720351792296836411968952656892843312639
258 329.89576847952365801504509451356324125918457322272939
259 331.19708326348611500376575638475513193389386084102631
260 331.36632933986761724593283794987618932781676515035357
261 332.64376287791893767689227255800215079553776765008573
262 333.25221990891933757188114619956279189351372639389956
263 335.00705032385847994167387621129210876193115665841873
264 336.41913067427425500848972878196342944732924232908987
265 337.11999704948072102388752715198542234768367597295423
266 338.31711379777761984100056265946427613353980259354102
267 339.17747589181640536454733274628327142526690064436032
268 339.99278202363069560948624347010793575677168302809526
269 341.37816312356706499394573843310064796956211961333823
270 342.28571410192617991766083844757118610509806211135779
271 343.27164784819677753485811875907407260741140213015527
272 344.06456265598430120051086812771402759217807206558146
273 345.69315897492158032796621707169203115663270310805737
274 347.20420562786851853654968174799973169726452976015905
275 347.73671207835332529409064507407710552246574548144225
276 348.50849471049627689540435420181520817918807777349541
277 349.91909127935747561283402044834760357455034281149473
278 350.26517758410029831760620928846936731853223393274460
279 351.65636984858933648626284621386265197193207044789283
280 352.70505028854596985177442315240153440665511887604565
281 354.42643689352142400985608618634779941354012598966212
282 355.21756849183883821129120438244878046704124009423612
283 355.79272617353311179079209697667508740293071330501455
284 357.17891265208066312295508273038836864859042726674069
285 358.35684436232380684993158888873850787030363774722917
286 359.27342671648667357693089190481740829822736602696332
287 360.02384975967624252408623045351918122514290825657357
288 360.80358253612712052618974555783649695601603788548865
289 362.22416688144796865061897516424359594702370526212587
290 363.57823383085829686224425322341407700177677781368914
291 364.86781440923402107466997303170814750985843590219835
292 365.69178118083974804808797500011525574447026922916659
293 366.54892014145641048826418927547393321553656927237505
294 367.43557920869597530607495875717071255197113433915008
295 368.12209044805587478008640690322960000549565908632908
296 369.84315232984791244684629457909235084949360339441444
297 370.54239683962288794384433804711571349447380493026622
298 371.64443292215251957288665584414352066074970947043556
299 372.95049985369980066058321041410532992048955161958617
300 373.92775239359096764956523454603373323435417345834732
301 375.13534670819262894095199713710541137935033953135236
302 375.89807010804867586145544719737344033747884673532803
303 377.06069055129042841291169660334846399163477794316881
304 377.83514150573191220929410914057005300390664257582278
305 378.72275412500807813400130238280728143744275955791001
306 379.49116361139379857709010472994552138144931491846960
307 381.82601172232487747425280591311068158322929613385720
308 382.19545738997232254839152146396404513458674028438287
309 383.62057952128468139504834877376393260268912295867180
310 383.82590395583412671922626872216932425574368855001348
311 385.23538624187230553872222500163260145836725786949825
312 386.35340673000154001739582520530672773859135814525606
313 387.15303020631943183030670012761049711288230593934080
314 388.17935742545694596612992639192400435234934556232351
315 389.33709689396931379115266074094130031216337189222064
316 390.38152128893566602647482584611156460772024232345796
317 391.60574170907355809026917146666436885056082757851864
318 392.81933685807574529378151316342886918782762916931703
319 393.93599323613609936487739636316354469668649065420082
320 394.52996109799499331436316680880066861592823472038002
321 395.10319676661671779630336368850395838310413277851402
322 396.46330965996724690534620943072026447541582936232857
323 397.34355227077061763034221089481997827801555326608919
324 398.92734289624754079665985877216213597444522433004484
325 399.80701957214620211170613805329067503768165145287769
326 401.19807621876844861984730641301480009705510705558491
327 401.71362124138835188603545329227891982126957403123591
328 402.59321737791990258258355004707799312801318143306187
329 403.97118516978678755335155682356090220385156305480167
330 404.96146040916882954921860340240227273858258080733672
331 405.82621256018430815251778810078522876237761105703285
332 406.43882954741749982409157170892026354531866528577671
333 407.66113452304763840197721129357484096783848434888389
334 409.67152137737434909513677601304740600068853558623382
335 410.05273258701976008540243358694571455977438746162150
336 411.23645844696916633621866347551626140085394418845619
337 412.02803766205095436280651254254187043730154571137455
338 413.05861435767423307760799252483368746253891915361799
339 413.73927600049085593059161857309971171174352836061449
340 414.87137239111742646170629140044437345526842869894374
341 416.16669749534874220993146746425965136062283494826125
342 417.39617038211910553969475207409231376702399908576476
343 418.32024603711773931677730615525341729466580979479361
344 419.04651158673348289677709855746395456382263954709594
345 420.56170223804387851610284177210880456507016861490260
346 421.44234427364384435490937818179421276275903736988589
347 422.22494075610626947042192401638092474664525404815932
348 423.16585977247171283254215716497442249895561441286144
349 423.98800625946879138389998235168671357694571084820245
350 425.05491811457763934016366445948369620135759985004095
351 426.36716654207910113356949037426093193681491139895399
352 428.07557980486117782577501408148377325415463505440826
353 428.52055002567081732289809246201589873012659015305495
354 429.47246542287610355136994620467552855914673255014712
355 430.24126027568442674780064310749169173153048817126657
356 431.18858517542669069585093042340997803073185441218737
357 432.59675686511530321133306430973690014494070606219839
358 433.57706861243795323841802921500942015448509651464279
359 433.98563459067421221855159944629624460635803533181963
360 435.71706575998073053557312926758490961949232198566973
361 436.63000434841877683463841890587572377449847335447662
362 437.70976406046858499934959793495687295557639656521425
363 438.84184300451447518508655505040108591057646956517801
364 439.60003637036963062386996848682619096726016050311151
365 440.74577264283237834050255683326245803265547317429804
366 441.32078221228711227259385869512313460210631687625108
367 441.94713670658740903612852084220353039592903339646948
368 443.70591723981948958097293819481735761848298206835518
369 445.05797761779688849554853388927572239886489298342087
370 445.90467950962248538956430021461167384047534422520206
371 446.57652334103898755279614667734778737031789046595115
372 447.86414943122796255877735304713434046105577214192561
373 448.52525923023121749185115234902446736064140112027010
374 449.84839408667394714669686425062897400238109592878018
375 450.45243407983230261332660946396416581601577471268370
376 451.86341653905181052081492463877717305080561521584476
377 452.30782550364466385734059056707261579556278045100715
378 453.63218773304794594553725749932391871564301129984215
379 455.09726833425570080717850474217787294335677247853005
380 456.27578699087363845246615340390198081099162127200367
381 456.87108232207545688958332767235804304000104307494825
382 457.65264536496608205958629850652771899861177978836896
383 458.51915171036358735475138741753912619375535912823818
384 459.65843029565155843651561164568147235338112561193188
385 460.57321510912842939498462802778454236624834907862299
386 461.72465546751143313925633326182372047664190594593121
387 463.19628197630573233445858805418662306676104713044494
388 463.90396042013205773642251583877355953489728312272047
389 465.08600378460731346049529484133341913428923062349780
390 465.44739934649312717628512672389367588294213215498594
391 467.28363657265270163165268353719332015331561160297830
392 467.90420701112102392140105069695946657137064700167789
393 468.54517873326766894635612697280065781893379153582375
394 469.62530847460610645244881284615814763672361879162190
395 470.35676629391030087544024216260165438750847689594029
396 472.27722162116401192484668987356438210110392706662246
397 473.12593843861876005454059679862575029657961446209242
398 473.98453199041915190130131126299846925844354757872620
399 475.21128355212596366029438143817300744199052268055961
400 475.67274842856587570946155475476045086470424289734299
401 476.54612404257304457388552373319830387978197776185489
402 477.71143302415484481736750180134117977153401798416396
403 478.84981419685103300588911272462796809258117328754224
404 479.92597600696146960956704846259064864803930605247811
405 480.77315312552449876216250709894609910672393093645906
406 481.91392017850077098458018778622126352069330620693035
407 483.12551217248311584760042538341562564270476237645684
408 484.11046006896135317583732406441374956801893201346403
409 484.90680322995146269058016136739319282767664030406581
410 485.82612959140103157972206105793431210978051009194876
411 486.66055601652801552412935363313649432772072216456752
412 487.67571345151092086068214057212597596257241881361953
413 488.32870852699885810620089898441231679341402574514304
414 490.26170855698531757514057682414610100715982433627706
415 491.31807654475844563758592687760431232454517749803066
416 492.01907557171626506662066286604931876805800585925019
417 492.63977212009478265732337597088999545326178139290652
418 493.72693692314872176830053802486308777114453908826455
419 494.87978612467975282920298477010492315006590141020765
420 495.88183592085717818428889751600733725534093753136314
421 496.68988500873611767309163918955227381516419076739225
422 497.41145707827494801807338870123083347703202313307375
423 499.07326580076892986642233193013945670257452162446103
424 499.68867908908891976358974967835587751195762732991863
425 501.14838182601834348576157465586567374186409050367243
426 502.07168907355050819310865020892762264540571108579596
427 502.89423353921464845721554687137181565376500449339160
428 503.86461513699943979604837087236748569310010610491254
429 504.25364164145626588309866766542547682977049481070669
430 505.37125210907849625967905891424979476896334003582675
431 506.88248851169547248424401507367141142108346020264418
432 507.81338983354244941596116073753791665776101045021161
433 508.97470783179500125608419330555318938113674286594244
434 509.98277694259285899461477644795892971493789139252830
435 510.55026156464414126567183319258071686167172409544726
436 512.04888109560696280897781598940221062780315654124258
437 512.33027809065982740396698327160085020704342976236239
438 514.06592812042045650580991353725627418426202807775249
439 514.41087107836823405932829786016780785259592082081069
440 515.31099585494899347820561609788040670129998058457806
441 516.31617357363577066989156743828365196446070080188936
442 518.05095339587758487535555085583291709077090008849252
443 519.19701647901224354752156660636308120268613982762420
444 519.63856494967928011258316642778931287123754004838413
445 520.55626520148341364828205410915045375622805456169195
446 521.51882107956837452842508062893146358934726937301281
447 522.44031459780172944099545015008424347980181312224950
448 523.32101477305831482128242221405032486372916131238535
449 524.42104299467945464575993072540794467984784068954686
450 525.62894202490193153036524061182731921697165095359068
451 526.85410272583624676224480880197279275049854262439974
452 527.44631748057568947951745508756533479467557314263752
453 528.42520687837600641293013937792379443454077866879699
454 529.86956694598231601610547166590195585805099824568500
455 530.62143337388340076413165933172398747751628211077056
456 531.39129787225948827667355663079792807507349464367353
457 532.06456225443807774742327608175632725317149064476964
458 533.15928334640790674545343973695765457774061988736890
459 534.14029291009623364875499832091766591554433504215435
460 535.82017988534996560330656839812101604379741083655263
461 536.52637901012338157435581250320169524805885159189174
462 537.71626025068826006036276759341776501190549205325078
463 538.50232088287922732660047838095681571713285536469818
464 538.92826843389761939710226868198518779032321546868521
465 540.08058977343641282375549119475705787514975937924433
466 541.56234410315290615368085316070448984406789170105116
467 541.98125053274732339217603646569393005003363500558211
468 543.23211927599965591158141223417749896120050994175891
469 543.93384120496285284558672259227904208877975636472492
470 545.56246054051745248940354056506257038202005866853261
471 546.36200018178806953663629475960175119812236772211750
472 547.30885146132091580677049896687984312832300824395573
473 548.33056765972965513344384955576683434172406801883690
474 549.04773078800613502238469413510885604056088140958389
475 550.01701598129693637547086129181311324329958274279716
476 550.64552479702517021824680498621742421314919417366844
477 551.67308396623027779304994417986689060623534155710676
478 553.51289976241732555161640254327382723951316775780276
479 554.41846857309574389515113798628787576561568058892425
480 554.86005664492352251751831699312964436239912258640202
481 556.09263161610986120895027935631663582764755546887982
482 556.80138370067387971137486497069854226563736404106098
483 558.11056580590317048998239079664116702001712438726178
484 558.92342223520734058024554086156181526646248808621298
485 559.56856024839080794981078125277145627825220168384215
486 560.80362399590338181143601656642433350708510178941875
487 561.57532114135824041355261806279467526286787407693328
488 562.83761717424983453633366799259822223512269710337125
489 564.10273224366266599908166511497425174332522972490761
490 565.33729024251556927063528518343921628263036695177387
491 565.67781403740002008616969038352449707169578478357470
492 566.63114105468727261761412316975530887204869679948194
493 567.40667195624827228715646955537279831459972704995366
494 568.31634807902987596505581512880672131821763611739594
495 569.83626945963259191540647698828103651875634483363305
496 570.28387643447732853692452958433568320249247364059959
497 571.86183608146523842302094197023797562884430688322569
498 572.75457346041286601069063023482753117634704072146567
499 573.58348971803781664352799649092212182095333290929683
500 574.41235883705283137813747788462640476169891682641464
