# L7_chi8quad_q8: first 500 nontrivial zeros (ordinates t > 0 on Re s = 1/2, increasing)
# function: even quadratic character mod 8 (Kronecker symbol (2|n))
# character table (q = 8, conductor 8, primitive): chi(0)=0, chi(1)=1, chi(2)=0, chi(3)=-1, chi(4)=0, chi(5)=-1, chi(6)=0, chi(7)=1
# parity: a = 0 (even, chi(-1)=+1)
# gauss sum tau(chi) = (2.82842712474619009760337744842 + 0.0j)  (|tau| = sqrt(q) verified)
# root number eps = tau/(i^a sqrt(q)) = (1.0 + 0.0j)
# Z-branch: eps^(-1/2) = principal square root (branch +1); max relative reality residual |Im W|/|W| = 2.42e-30 (tol 1e-15)
# method: INDEPENDENT (non-geometric) reference. L(s,chi) = q^(-s) * sum_(a=1..q-1) chi(a)*zeta(s, a/q) (Hurwitz zeta, mpmath);
# method: Hardy Z(t) = eps^(-1/2) * (q/pi)^(it/2) * (Gamma((s+a)/2)/|Gamma((s+a)/2)|) * L(1/2+it, chi), s = 1/2+it;
# method: sign-change scan from t = 0.1 step 0.05; bottom segment re-swept at step 0.01; roots refined by bracketed Anderson-Bjorck (mp.findroot, tol 1e-58) and certified by a Hardy-Z sign change across +-1e-54 (50+ correct decimals)
# precision: mp.dps = 30 (scan), 65 (refine/certify)
# completeness: smooth-count max |k - N(t_k)| = 0.969 (tol 2.0); max gap/local-mean-gap = 1.994 (tol 4.0)
# rescans: bottom [0.1, 4.89997399701] @ 0.01: 0 new
# date: 2026-06-13
# count: 500
# columns: index ordinate (50 decimal places)
1 4.89997399700703650103830489919651601610239881143311
2 7.62842884176939783416059334365750262574870271005353
3 10.80658816386171201438622675024802435251333154873316
4 12.31054299423652968112896150977983869449866736099874
5 15.19575425064512276844806671236613583056993726162310
6 17.02228597430834733897090030443553380218979327011896
7 18.80595890770714839982375510653706797182879938051579
8 21.13164596222134388263799368067280854566798442213771
9 23.08384999620054654288748795002614232451308749348130
10 24.20196355781560161254720778026520483968272126981908
11 26.95853518038046741968665241317001804023969987614577
12 28.09744496063079735461686637080978846800218757933942
13 29.93076421015190503722860838673724724315146154497331
14 31.63813949132101731704385060746800334574165332853207
15 33.84563089515844186412086967072751136304967589131298
16 34.74577700617002330947269200049306943054737955475789
17 36.54166385177458968906148893903743501004418326724749
18 38.77557777387006581423517488541809600297497037737600
19 39.78688099766664071794355629814777376078838639708902
20 41.34220616442193704510215506015344800909614624735963
21 43.22748486414775009437859200603918011348751307984589
22 44.73172751684639483462528287960459398061695449346099
23 46.53940182717762855601971139271562948038406825399886
24 47.13331010931799950911277678111076858691737838709908
25 49.72903299375465096030823025986880090610932496706316
26 50.78365349771942799224478893931592623241598985099101
27 52.11652281300733184514840747211618145385018547789910
28 53.70372015986774888305731198816745788371020961838997
29 55.45033911162150463620212736567267675357024644807625
30 56.83325453112004781357780027687515897658884832887704
31 58.12104502579074323031013552725020071221385176843632
32 59.40110674696004515735672725830101562002864584415395
33 61.43000633164557514379334030367644916019311520154213
34 62.81928311874072747239395848306695773180265678775198
35 63.43435746367354739733001537885054046127786876329120
36 65.57427813153661434519323969894626128716251499231597
37 66.84109417748439717437487491564456704095661659213908
38 68.37397872104948936499058263688667263681047058665691
39 69.59121912971876354615673513262078719643393694566915
40 70.69754856819200401978833819357682821137901998489374
41 72.83828228705806360487593590583842330794255330140414
42 73.81135831336951357866803122879217697128594565328985
43 75.06672538591721556186889155704028396710331859503627
44 76.30944552429942541819238215118629483556954558314404
45 78.45053602540262467107964677300184706102807037865750
46 79.02464159155389796266736425318082433680754612209072
47 80.82106581498566409969592707320925023603619686906596
48 81.73922125397433711569766490205842231402905198364216
49 83.32411546042566692658671219920818379306068986492301
50 85.29893480655949111455344143158057584557088881732185
51 85.73222314341507742375000487204294756223687671117901
52 87.06775311980655448778486303539936405805289256844246
53 88.93672812356185269649183576644220037357163844097436
54 90.09661003889633858581486167745065554135451900497414
55 91.45594205640152307350410141279729333714832359770235
56 92.50453667690610373296684848222627319968568243508911
57 93.88743216128985430749421866230221866965927273920180
58 95.45362516658372885499616470417676856105513717820317
59 96.83800105511810375096607534693373312788743519958427
60 97.86218087578459284627483174026824350557451144848093
61 98.80080765157555878165180061074975846085318496740093
62 100.87134199635628350043176966445388188142221767639819
63 101.96036252941834915179189629365707222972614012142835
64 102.83154626970713610331032977485484993111504576283440
65 104.57937993002845361590198149489311079837126101172253
66 105.31256983254777186902280742477326849824456873432589
67 107.29249672763514880982456479407907060879587294777822
68 108.30473534861943526169871848380849431535976621760137
69 109.39601057762204030213404571346830261896803876064293
70 110.45224047048554350966942225002940421741085676494924
71 112.35930316885844877144502181547979582532706277990996
72 113.38118405708104328297175603663035268742510960995901
73 114.56812891265665506817276751525711700006613090874727
74 115.54341403971311160169851539689402521789195673113783
75 117.25425462994944426583570414179266539667479865945914
76 118.25527727407674171362085293495765868698740513761737
77 119.89780445191958455258942275438204218474085369337609
78 120.82693442463728812283387285066899537760810160526585
79 121.60795691133932275679212639233492793256313916577329
80 123.58051556377783875817266509830450451181767201054658
81 124.95050998323254135557732914943096395781921197329820
82 125.46001643066823962088149936412672050574510723350532
83 127.06894061037607773588422178376279798363393341437242
84 128.11105577078506442752316519434709450833220418801692
85 129.70486172856596357076170573647442999582904143307974
86 130.84001294378097494924767931392598695830331366141761
87 131.98576496531914691856252585395974674737906152259713
88 132.99229420406609247997455604729105922665361449025952
89 134.25766633372759031378769648150818605530084491315131
90 136.16186476284369188999791751216362592359656424068836
91 136.79182062927820454449837008048558994901562075031455
92 137.78167112901185707614882377045705059034829569960026
93 139.23744526425153358590770720126867850274534177338207
94 140.69125387456255621351868254693739444968943801711154
95 141.63959898058103273008511792324830648512262166784441
96 143.17708110833228439782353550624222530736262468130759
97 143.98667325039946137209920273861864699087711851349825
98 144.95563229013741405573180697838586159606130363014072
99 147.01938257496964919303346813688648332805099173054929
100 147.61071047282508223688135634646811977959914760483774
101 149.22604091469700238659842985298748638019846541724177
102 149.57878291645047952103150818894724065338132127858125
103 151.44295743219630984191050037886539647345980432278412
104 152.68140970751623751073550114458290782943226197072446
105 153.73763617707638799375827234581042447601730094480362
106 154.84303207005344099930979374092161713277363359926878
107 156.11198558577998169308254382146645658191172255494785
108 156.94799959610809650064977093807570265191205518007922
109 158.87706731261011115959446789699045887861987673730699
110 159.87891648917929193768355867027534943240409496164708
111 160.39537633719590340937280477426922930328868135192517
112 161.88822513116086071006000595534682607499168432964573
113 163.33759923719088509231874016766820841214939029699332
114 164.46397937530176149470143646504474302758884111769561
115 165.53552572106405700509435433613703736460611712525661
116 166.74839782362326935507295478613175020301413697137681
117 167.59103640421856834927305838850858939291654685200083
118 169.12505848342720769542221449239525945743655553395852
119 170.41179238408240052227293737092826655295539924410375
120 171.53039057675728503026146493062978069157880770294499
121 172.38133251072141358224139154920062414436332285269950
122 173.36188607855660880217137877431182308818427579161947
123 175.34199901804356841990896206374940009599700856573006
124 176.03441723150610686617439779283519434977596532708935
125 177.01841168418146528520631735988025468491032258999187
126 178.61564760083785164105476235416833203320634361207736
127 179.11748618590782848996515085559747500733963067349417
128 180.76000826716613916826530402057465564446741767791783
129 182.04944805100098697880496399368621383883717521948335
130 183.29262024926489259423526165987038849292278491608835
131 183.58774285105683779657705864282795842166121824968243
132 185.24360703003905670846366388691220703197348738117578
133 186.57049557033002411910024630340722822502182468439157
134 187.83694347922701622594398313935208830633562358530768
135 188.61756738260776911132691384581061794312905752670467
136 189.66694062169005545035222726046211062945084709976121
137 191.10626936019489953534538302470763989218059087154354
138 192.04850001147011945612761225723873884047725549801546
139 193.57508078504513855290763301309308911796156042149417
140 194.48974719571358257733850258093270470143768380365456
141 195.54135297191592030951468056462230020359765496680648
142 196.25036182321535100466350610218381052515876952170012
143 198.51774368847545498332764998865656182809128904560307
144 198.80044266399499063210785040175040799438430528880004
145 200.05560322498864558386964124515033080285880555446329
146 201.24597540691342960320712780490152628726705958855027
147 202.23193947531175904444527037393804769239957060373154
148 203.58507826190067442350331433011853340882106109975779
149 204.90178895800452630078768011569397605512268791760509
150 205.71670088375104014527000804172711285207075746399948
151 207.01013477383045888687057828601646692910803383505950
152 207.61049321557726249524138673241536766053198598154781
153 209.32549137423053011795005240379514841382840016685718
154 210.64639601532924996755887554871287961966522218568034
155 211.34193073925697198624726981119337985817605252630741
156 212.24042183658235193710065926361371070807962504982642
157 213.65135591412115805226220482900210742473113478998359
158 214.94744472739402819496005828866243632996215745673742
159 215.76309160177487152039374604949931875980554933962932
160 217.41685041700685045402153774576401818274260337301584
161 217.95807948082446533893389200697731755741550979263983
162 218.89062646928118912402135427592132799192225316888716
163 220.45369184216200683281588306059129303465968248951271
164 221.78077154103126469532647259662435719606756322290509
165 222.63322019417628758213610422689626921841953066806810
166 223.48415391275159755202199079996811986127694118253815
167 224.71823914370807513763100003797961884301140518843256
168 225.87776626321247804155923254701087628207154313670237
169 227.55620267738005913022803612111430653100913052994659
170 227.76652638381085719973916415076900690966602117573485
171 229.41193402618442773618957259096342435976037220581423
172 230.28302118019884198748539063713795055473188052042718
173 231.09304711758550682744095885765137772057398622686389
174 232.99646893105450295710406176876278627267653699728776
175 233.78209922489119687343324752973640060246239556043997
176 234.67562803567931971067585958365956168280092928447843
177 235.55165474589010737816080875710523013064108287580796
178 237.08066663384945939748901432183401751127668795572454
179 238.21244960614001075632283130481056562376533893522888
180 239.13067941358719137426373466288061930280854301959278
181 240.54424371042445747771205250259636590269434209000774
182 241.06663309251321935777823730029296907907925060839318
183 242.33712508239128609513975945420857832017934990813047
184 243.61617460576551219607275842436893763823789188601711
185 244.91815331490226844090471639511872483509071127424130
186 245.79621110879347569697182176947919124076374800037750
187 246.76064858016505772887152035377949209184044963852555
188 247.52238641380191734803729412402060112018463392702543
189 249.49690727517213606675299037891434167460682962132984
190 250.02420706150540647605018810986981308222626630196255
191 251.23380786446227268296870003430858067553851722502195
192 252.21692978828354321883875525635108059425696673191865
193 253.48880462443577173560514488687516948186119853915086
194 254.10153901989961968316039619670640129651451588568963
195 255.86697974491803464021708575301311319505356537880862
196 256.97271266351092517886571159701764462718947751984156
197 257.42353059338919742619429281894630099260334733397758
198 258.65403526561283622030582368203995835499780527271826
199 259.80833644936652888859779264911063901616559779277495
200 261.21314289207482384989689625537297674690638252802336
201 262.28515617362134870189467105494186016415163752423776
202 262.87538000334534537540502337429394765491030094275641
203 264.31069273016508474481566919548904191035455471663633
204 265.05221053031404006434515619749987013262893088126708
205 266.54549483474088441778921614877183986056627853060701
206 267.42999048045795188585040517304522112723022743295699
207 268.90424090616872493992022843210501711687914064202961
208 269.51580982056286662907702668514879890839582166404753
209 270.15421143498071219138674924094335314745483886379542
210 272.03339005592003671737185682108797566708242887278499
211 273.10086178512489153641254810795722066315471576128646
212 273.75193476936065428108610957108136683422344997002185
213 274.98411986916016676160271027636481913392059310621344
214 275.97258908838243684560985781038848051938687286871729
215 277.00788574352919986826915070398955126929330520553750
216 278.29778791934765545250840341766950349440766016308437
217 279.52485135865983462224916510644245330124906299140418
218 280.25971133611832869028934825829167875256955750118782
219 281.36207434623129300809662140697067554689873617593649
220 282.16408538374084688068591506368644280639541704618339
221 283.68605721229093718942755515212298657925772739672703
222 285.00868252005777293510463171896181629518218857930619
223 285.56401372838272850298892210538381337056221947472540
224 286.45479319920424927376210826812956999082933500170034
225 287.83664273253856489184148161752352439635751467411659
226 288.91165966027727691610734770436560206419618042537151
227 289.87055852537085231682516409779109907123256296201398
228 291.30956820555527336350488232104217456405151919570471
229 292.00494944039215015360859282770543015508170627232226
230 292.94165601903480877664637114205187364758168927124009
231 293.88275134000849193884814872249535869297109057358584
232 295.76450385646489625913708359468172860992928615294073
233 296.22776936552334270083358939155327376952825489428304
234 297.27498478903737298261885874701675227452695883319071
235 298.46013728962501881215994519346460415957376937819627
236 299.12036360134475423812375433204952305011991332114589
237 300.86774489171882265717353557632355053270617934278692
238 301.52197269831728442310691361013330998261991470712012
239 302.67411252678976798314588635432788461262886238873802
240 303.84576338616663018313513612774132571611557898976830
241 304.51132133995860767352307670268111224049405226030089
242 305.56760166523671263709552242720029325432121667448922
243 307.17699124695996832913143953965392490393046718342840
244 308.13246900071658585669823767447724534388553936573155
245 308.91622337639084974738566596175632202389371929191215
246 309.58233330959307392630162358317091564343606216798423
247 311.32374336702295204000704405008439441249205114104947
248 311.94924114865164304690325493984673535860483246454659
249 313.41717750548034014938994739412922235624179779280034
250 314.14396689134151496953703365959541231296627475537778
251 315.43050244667193132945738799666826231062083972398723
252 315.93115744393936317862746537593182888338920937738600
253 317.32766051156593117156417384436801112915665386732015
254 318.58939732062061397332550447858199704263479051340243
255 319.63698920572954233019350853036643212340741172751044
256 320.52236612334217956266229586962819052497067898808519
257 321.20307508210813523896460995419944167601209604458660
258 322.46406880174978347539536569379781719959338918055292
259 323.97176491572647450323253864405485319406889487597208
260 324.70243911040247962063167576443102203615378249412293
261 325.53780008513891949953690912043338538793114429639442
262 326.99132197568140278494144010001943208036381202703282
263 327.58455305954269321202786762572636588719136552468936
264 328.56133238237774707160641624816122567771909636435276
265 330.32289737866448207083099154538177674252095474707481
266 330.95987835817026547503761754151303224291661791987361
267 331.90582235472328454325925079218451202570661799451898
268 332.77858888811493009002723111529734352897592100855235
269 333.87700656287915301868137617355039012869263871510292
270 335.46953552666878971251255747961201493927003606704719
271 335.96043603146147219713283846317061322268923934153286
272 337.38924124441189843436991282195470984566115104937764
273 337.91756573135069282606762165406024941390027495824290
274 339.13873605251188937142756570548822710944770101039496
275 340.29135864328088917551122609372109490232174004498984
276 341.20980669965983294561179732360993345772943493145537
277 342.75103051130442695350924139419523144893931176824271
278 343.34777113101238537047666078164068037327446679155878
279 344.01934652798832672099009030377585217268660268928263
280 345.24642525842563048173181723833631777616422532221654
281 346.78156782817407605644600232791166113143130948199642
282 347.65819500110719390424121281915801900495880720322363
283 348.28226404204390923281435016436236944997716335982042
284 349.63534914287862715329021334881834006760899893899548
285 350.48571635619101235883539396967196138738038323614635
286 351.40657546533670373447909470259758243287155324898511
287 352.84449306812504534678293203060358084410860532171457
288 353.88302335672777720952879741533972222729683606507945
289 354.55851067312011863722130622042848428744626353036163
290 355.82026910312665441665532152391217054673724563944256
291 356.29587873054526890621244922628277866328083406922229
292 357.96538755525689704592446224898065838958658554953067
293 359.08226011789294878811376229333482405568308484676325
294 359.86221726621553803264268075057591406477872338749932
295 360.54689181373492889138421813499258730738195699515357
296 361.91794350610980112015399840198666206568822332110076
297 362.84021992919687784743264105274538462093940453483057
298 363.95199615717794704234903623075395011349561097879851
299 365.04802840674015189153545414011665331163698147708644
300 366.17636476008915971981325599932180202784892629690873
301 367.03338253824222038304878466765094026094565596221348
302 367.40848460914128361757592441033432136602227884389369
303 369.39443730672897443926105740649780639776011001214536
304 370.07745820884947170310156534946609064550771514388048
305 371.23159926386725865058133695526723502970014149624111
306 371.96916008483402195231710389601591990092887048749795
307 372.95788953339109859596136382833729952790015279034568
308 374.07261248769442362261217944866233858662009589986416
309 375.33673349940521451327332083425984319828703460900442
310 376.14947859119198043726775799664171598437363927738625
311 377.40918425576221982323849998132320820478581999640929
312 378.02455836442394595654795530590020769767666326822375
313 379.27107961806954632836293801133733141337978799671398
314 379.83104782795793406557380479250310267014471840996795
315 381.76049141229616139471689169123187304241420719071906
316 382.49571263096936510799381267187811570770674280218503
317 382.92082294822441965543907650295115825835985186910818
318 384.21511846208147124983256389971781959692021337733852
319 385.27477434219939737014360361072661509533358718082503
320 386.41046272117041020303604815721465811475234853938427
321 387.39626615220182430103863882260790893013093556326462
322 388.44170498824571845090941074255057171123268648210282
323 389.54602697147114337180677325371395783866256761733554
324 390.03925960774416125071716150766847362442232936825914
325 391.25748106512449018264805730685407437186906448761895
326 392.58968265232119070834667767131050744673054842143099
327 393.61221708317495922941512329838958246258128014946551
328 394.45957936502740638685529346692518526907247165843884
329 395.35470688576967743110524076959002724927964874392399
330 396.08839091734895264061224586440828737971032060659912
331 397.67025368050695776277346170275665798560339827586552
332 398.70070148368380844255004942395606119954533789515695
333 399.27147049439501392985155794479550821651989120413697
334 400.59561078839746826678226722819700237754361492124029
335 401.62992845488651582764224478364439185404270672774864
336 402.06702190890707346410471746769596672121682355922596
337 403.50172599149992668938144891498072553833931550429421
338 404.91481179668477663195596022378396472432397133393862
339 405.54911075678698054276045761014591386368815685084874
340 406.40166123221692297887942536630295030957469442933912
341 407.23107169269317931766256309921441216888755191580505
342 408.66134872179963674981712622634466722273316426220570
343 409.51996982384691315163169012419035682551109836909264
344 410.80360571444047625767796817256990488439945440048173
345 411.51725483670550077159145452799659281447382200806363
346 412.33076201209927763090453227951540121168131835224582
347 413.77621358805037468926958456945905349291365837248753
348 414.15387885607883325080290823782904943426583386812202
349 415.81539225132802349163654301663295333445986906960917
350 416.64504130746686908484500910810041827579741516592048
351 417.82946276044104810472420285262506014068320919453937
352 418.19069707162477341089472578330899513634067449237984
353 419.25900286142512194340885061684662594123687729026677
354 420.86486768319179410194100946272723707851758797625496
355 421.86189245281865032882867350583813883526706183879305
356 422.22012161785442009186292367793301094435554393184908
357 423.72497962552495322821253336791618175593779322594435
358 424.51017687936454573436632333197677190919650996948080
359 425.25993119392020623027502346676845087335252014009731
360 426.70330102514879709744856672968780391406587144974915
361 427.66461089613430460205281884604241233343418026707484
362 428.79540989452514217352533204478396141632744817649469
363 429.32458269827113713633960280360853357679266374623304
364 430.39052281729828444635732041784662994672651670806359
365 431.36222041824792322704992657383962472860542646928239
366 432.89591346609710747726204912190329016160269400956232
367 433.63754162330377916021973135883970164968441210520936
368 434.39824256039007241093542943333650109673020360235201
369 435.39847031023192153448496470243747802520175809202580
370 436.46356021807953559572339155534835241554708646614008
371 437.59998363470202911544479221653565834227269804331816
372 438.32532732671384208468393214073031635647716705779671
373 439.96685720316173268584650172778458968926695419382120
374 440.41748563660641838255044560327884706201494711801609
375 441.28081350662842550222004999134253860847171679245360
376 442.16149452902575911599288487402697235504418814825534
377 443.71780490406081195362601217468102158294927154987000
378 444.57323576184578496717714003976810050798613587752093
379 445.60499712319911919722909557422760839959391333047591
380 446.15947265923887441895645405120664527373401275774567
381 447.53169198297337642374712665851658190935665401923630
382 448.14584924790325328046621522352385017156823386538510
383 449.56109823400002740468177057585774952437489933956619
384 450.57314075629447679428392850107757766624172184442265
385 451.27385562730848104606908248218646389633374786539221
386 452.59950853572452282152190725939731556247112313375439
387 453.17090551262248290694843441489355877740194619888609
388 453.94413454663969568833686671362081158080573247861926
389 455.91393011508812543337391850258917049340617135427561
390 456.24721980236010645290253310008895187251899550228780
391 457.40114982258068444996184496568189970486175405550490
392 457.99604432954384813415699504138010069564725753210603
393 459.23328771005285480925119636481360703888424423731401
394 460.41930064126333040749978776145917732114003641810572
395 461.12652263881877845042305114226782473387479549087183
396 462.46020585732353447398307231106326184841077678368750
397 463.34437341037430051512751493287053476104780756932765
398 464.06520130805489975164340013214478492063295504734847
399 464.94023790484056623273181556743210261787181313989225
400 466.19030010655893556069985382108106810635020559907671
401 467.42048781605419929648292351912829946954138963434947
402 468.21338445971927553184059509778439861361947681183952
403 469.30507627237716563867641552685242437703296698030220
404 469.66396315807912560958435277499484964233220988387994
405 471.05179054063828909022373406148751698262512229154520
406 472.24080351759024072581864395627502524810731934283580
407 473.19834484852092353994473268778745474260853104655146
408 473.90230696278206153280147430428911395501972356752662
409 475.21196944611266503935405801078855215363992078565294
410 475.96020106524547971869292542476235482258066730123044
411 476.63048860068522759189558850925240526021768692262310
412 477.98076063556251839644378605002695085378563548979244
413 479.56503374910763589787548641594884767575580275323018
414 479.77634809778425048739109444661769415193274819595744
415 480.58452779985632085939582864185970160331642027499138
416 481.94856071115162170283005055961328897296438030775618
417 482.63022499866441017963926512652948477849492673780202
418 484.11780945318066531110889321009248917141331935973511
419 484.86555540615183650640054510408212448944501826708850
420 485.73748695617702394295574252790783667096681208614843
421 486.89059219440443171202256986737647278302460165758285
422 487.50471826610431845217944282345048043892160306917901
423 488.64329366871855623115451900185690916793905417798796
424 489.77445692933226490468154334609261661323820865417683
425 490.86778600783217074958105484315470550336645836819942
426 491.85636635042299180979593181344643674711593198981422
427 492.51550929284666073413139592961315490498977045526935
428 493.10615482714743621929126065600652820750334014143305
429 494.90380766340039480711483832899012302579432918914687
430 495.64401095731895613793679663183819374489106735825450
431 496.46436618852840898555669551891854938973124889902583
432 497.59027851062884198985601466516499565359267136949805
433 498.39940456048031564386081810565864657592470439043271
434 499.42744043529110485635074612448280199048366167218557
435 500.14674321702860772291222423307468723296577001918225
436 501.74533398260460255862359395150540755996607313255510
437 502.46037600425862812465608571245404228503492276738440
438 503.32625549584436393576191533738918130357620686229415
439 504.20009764303499615798898340608735125178830488820844
440 505.04399761197777334533852454891798337918037994811838
441 506.28546162681312523335218221259436053356415256852376
442 507.65189022745750372457456449167378667585787157504093
443 508.10403287440415406699103229754317510904624412206656
444 509.05178871309807383314123452392889356961649918147479
445 510.04217395813101855218213122390419731666368353792592
446 511.23674425845764236716355873872074079833522012902207
447 511.82669268513687634948670260639617830880540874403362
448 513.21578225162291175129192126738842510339863462692516
449 514.29521629738276054064278612979198649833903025668681
450 514.94551922209312484956512317692463272285429496488888
451 515.76833897940594277517056497764730455589102688054677
452 516.59183981137233833574952522775124023829285417030024
453 518.31841960281169007063993454040634257622176655063748
454 518.86276140544471646019094900252742412289523096397676
455 519.81618652524936158641178190428819149391011336987267
456 520.75465950376898018970505823443763650364265151527091
457 521.78777977585989369566686016412217025738013108498228
458 522.40879722464142171929435360474238639025204438370030
459 524.09236587299999712702944894217226985313307543646366
460 524.45332778466488571726709185701596328912887161528611
461 525.81882540253413542581953560761173066443728939240793
462 526.75186848394293156000520007950781703388950914068190
463 527.22139819628256481656111201171446879279418181769328
464 528.31123942862782391941518736078393849303004803836014
465 529.64607962392378424051050580862206604405250710168401
466 530.79781394193644627393450393609828150368531490290232
467 531.53227835745353947040052906609787587219009877011583
468 531.89736521488486846871654796466891889134832561169562
469 533.50256909871172330431798904175386025807616733269103
470 534.18439172015823517573586722450546210692327939705868
471 535.27020653217947124419794946761447790742453667031166
472 536.32101830397605137178979902682127347565885761074668
473 537.56872548791971994705172718363969855340357917489037
474 537.87043400224183137199150211854440306382132160424798
475 539.03397707095312816616195101698319179348100807589497
476 539.83396151550213911423628869414937415753414057865151
477 541.29201031714876089007587301897810172250307744005710
478 542.23465816232007630457208321832926154882165275700711
479 542.86341092357776140419533113321471648324536311131229
480 544.04255105264733814905263178992095423235956203547057
481 544.45364829740142134778491776837470388704371803021762
482 545.98696249008329568558427711889959814354910916511732
483 546.91452196249573803254347077055354682695165099201677
484 547.80052641921753158189929508218427919268743701083030
485 548.68917561725424073862243884559747314241244050427343
486 549.93425629395082187212091127336595914936562645385419
487 550.44139263458824087891612100643740356151344568261989
488 551.20137407797806053448949695186500491928637953719512
489 552.98173216531554797664866681865046640020438279936062
490 553.68132648581417016641800673032380662474659147148918
491 554.38315059845843134759202814749093991996466067717395
492 555.35988332783285323181956301626869988133931820859650
493 556.16826423475907709745048669514764197973784131089996
494 557.44976851681025879216773275827561578744862018878980
495 558.37070386374265835701759640295526427061042509554701
496 559.32561835071206343299451318416241356276852060113684
497 560.38134166820887258332139083400153745926066930297233
498 561.02967132576668235827013498751720358860262570055325
499 562.01045880833761718754136043689277016620297137716531
500 563.04300914232085352639206077145954500658678729269200
