# L8_chi7c3_q7: first 500 nontrivial zeros (ordinates t > 0 on Re s = 1/2, increasing)
# function: order-3 even character mod 7 with chi(3) = e^{2 pi i/3}
# character table (q = 7, conductor 7, primitive): chi(0)=0, chi(1)=1, chi(2)=(-0.5 - 0.866025403784j), chi(3)=(-0.5 + 0.866025403784j), chi(4)=(-0.5 + 0.866025403784j), chi(5)=(-0.5 - 0.866025403784j), chi(6)=1
# parity: a = 0 (even, chi(-1)=+1)
# gauss sum tau(chi) = (2.37046940557620059157501465201 - 1.17510629188478700261770568983j)  (|tau| = sqrt(q) verified)
# root number eps = tau/(i^a sqrt(q)) = (0.895953219663104777747250207705 - 0.444148430342060668918079670489j)
# Z-branch: eps^(-1/2) = principal square root (branch +1); max relative reality residual |Im W|/|W| = 2.9e-30 (tol 1e-15)
# method: INDEPENDENT (non-geometric) reference. L(s,chi) = q^(-s) * sum_(a=1..q-1) chi(a)*zeta(s, a/q) (Hurwitz zeta, mpmath);
# method: Hardy Z(t) = eps^(-1/2) * (q/pi)^(it/2) * (Gamma((s+a)/2)/|Gamma((s+a)/2)|) * L(1/2+it, chi), s = 1/2+it;
# method: sign-change scan from t = 0.1 step 0.05; bottom segment re-swept at step 0.01; roots refined by bracketed Anderson-Bjorck (mp.findroot, tol 1e-58) and certified by a Hardy-Z sign change across +-1e-54 (50+ correct decimals)
# precision: mp.dps = 30 (scan), 65 (refine/certify)
# completeness: smooth-count max |k - N(t_k)| = 1.244 (tol 2.0); max gap/local-mean-gap = 2.293 (tol 4.0)
# rescans: bottom [0.1, 4.35640162474] @ 0.01: 0 new
# date: 2026-06-13
# count: 500
# columns: index ordinate (50 decimal places)
1 4.35640162473628422727957479051551913297149929441224
2 8.78555471449907536558015746317619235911936921514074
3 10.73611998749339311587424153504894305046993275660967
4 12.53254782268627400807230480038783642378927939761728
5 15.93744820468795955688957399890407546316342953223035
6 17.61605319887654241030080166645399190430725521508443
7 20.03055898508203028994206564551578139558919887432101
8 21.31464724410425595182027902594093075251557654412326
9 23.20367246134665537826174805893362248072979160004334
10 26.16994490801983565967242517629313321888238615283992
11 27.87337549022489308550549301123424223485732984723644
12 28.59979377444089598980162089082215518734324901577279
13 30.91956093265655588210565187266167837899879510356100
14 32.61008859431403864338197930246844299004987789549125
15 34.79250339555226619207019919603566238499947820437548
16 36.34475584680101927414209976127601643739730253255296
17 38.20675542517363468993511520277730237005547450814335
18 39.33848314648563594220565047551912758967510314618529
19 40.47647162519222960429898351411370345175983743575394
20 43.53948115690226205027949956267362591371267293577058
21 44.59577153477944612483322514215542270064605868789053
22 46.09609865301657756478696957635043252416633219408668
23 47.49155924034895036487974399661175971232120481782657
24 49.12647514969835209349890316816025344812091660157524
25 50.62524764170310491440020688393593695325332211879714
26 52.31469709498325910206727537335466592031004477177114
27 54.61663187363268763679356194662092124159531279021734
28 55.41033685782716224194660851807221600471609171796141
29 56.71961823115036787533776652312390345427128091608991
30 57.98523508929567458734768433237571110826845927475346
31 59.85399976011166936234426647870420993082130979042350
32 62.13358405198133388111721192761846903740760216840770
33 62.81325664859170096863900205633342959685664244164318
34 64.28282179370918608771543127956524802589968916015229
35 66.12308111977874748800212987844586101075657138442963
36 67.17124397678251105274505831780607746682502741953354
37 68.13956905310013136294347969173088946488555994572155
38 70.54556616394642785813913710743050554395158097669747
39 72.12093324747378306293603387062461585274706631378298
40 73.17611035999246738118416181556580735575342735318469
41 74.56451078638840036032594563367005458887781885437481
42 75.28021642836630209785297751578482255581625676516901
43 77.36369236755201991727361326211418334389238165767718
44 78.91654120407827058863297050538119437703655290381682
45 80.18500421224423436332137384460624466303381053298595
46 81.77120913565049993790804518104731701466376645686158
47 83.17960583096612848654501663351452873757895543067472
48 84.11651259383117942471973508661962223974245779001701
49 85.57775556007814921148920625306065581617163467478302
50 86.46830826802318135259514460860529490007709562596937
51 89.05852563764419325603106627180835954323403896965027
52 90.26458933240312514329077065574680935586054978737876
53 91.04650352002151869216483011200276483432553290957947
54 92.24422847853321716571222080567656426461066666482380
55 94.06346582858736104947380902153255675634417083979916
56 94.84733276718241636236275653871207971485641295632819
57 96.56628876748987598894511954222964543893539530096261
58 98.12384883471350015526476592925786601346629304851717
59 99.37839195021879675545844733719722113810347239372921
60 101.08230668085103765156822558390876846808685085070279
61 101.87404949955448371171908596802057619303357953520703
62 102.72980399461150144236751671965036694119381302404888
63 104.15006484447229501121388401202644316827115411123970
64 106.34954190625558411529421546544640561115300031806581
65 107.33906395765053781583504737140310667126038258065430
66 108.83222324078779369086909502706454030869112664219545
67 109.60743133363396679497971819856008213541979584477537
68 111.09383121343693055260411858179980396293023169761827
69 112.50111642476643533917246010688105808490781771224010
70 113.44921233959094735212072817658799420648935382614454
71 114.70211206314516210067389839538454347466791453933379
72 116.92686626869604598908684360295225097388772733512663
73 117.93552286668958458147186060726005775250674418538031
74 118.85182391459315746045870851991495857630103003679223
75 120.05983249539281049034522081767888490412506248356829
76 121.14071568079436644861696173332327718630069013543755
77 122.45976206787442565339501003818294614614125862057994
78 124.33614115602043051637513111310973927824264397034734
79 125.77430251768927643655019420045605112120988057587479
80 126.17539015788898920341813322030876362501485327765970
81 128.15501870609238139294168302770455996249712674323730
82 129.17966390570442528791436395773358068683383720090722
83 130.30899939327859618347670345459489770582556887803244
84 131.00370562493768962486946528521513641461181136720801
85 132.83616808673050280292083709416601529697649322575925
86 134.54891691992410639970850370911747780888620880933948
87 135.80640500892848154998444077143922830861178247887869
88 136.73151320476269378617253758621148987597225025065044
89 137.62967497067119808696123734896023159346293299807890
90 138.77864185709062373357508591464726423421093815707867
91 140.66421014152853943993919937918187462716599768708043
92 141.26080795526320262634754876182458823890554798674165
93 143.06407167143295477574729430138911189002701670724260
94 144.22533201335866155260253350425140924534005478271828
95 145.72359225929860636816012759965984874242877321470697
96 146.46625671732275473121530611778955352556943199092422
97 148.03462031076416904684544600573601413968520172031359
98 148.53718050838713025702656798901283044177595135323305
99 149.72144859445924304605295710907748762740733738834037
100 152.07405182179239176359813183825104624225753907477493
101 153.07615550792400084743589937199593673600871021174420
102 153.88774361948907266080263318156151038106218457591132
103 155.03979986207757045188223959865759319958026262150792
104 156.45646291140068411672519236057687604822075548687248
105 157.45751029608795588061223153861337328484516329427046
106 158.59229420336459394022266613421922373370846127112499
107 159.95748409913401254725356065573836493976293754488534
108 161.25309004861439151559699519106248774313248949228971
109 162.81648742502878589087095443428454067179412245788506
110 164.10539076788524685661725000310519016938553822873713
111 164.79165340388442147708087669462648047414760819157908
112 165.62505870794380846657774921147035539396476221135045
113 166.97261466775035799326292898777101933357086231081418
114 168.37845758482827164259933396807571514901673621553723
115 169.96772540212635889997429460282407267374356007459451
116 171.07060245764891025306206918979350244655519261680614
117 172.33521102432478144838130355419089540175675799637793
118 172.87607177218147041642975916189536282673708081013606
119 174.82891569518403766559198899703950407921576166550471
120 175.46136568121957099436839538791333414098009300424631
121 176.61440462366963645452932209615631068300450871696846
122 177.48018780262595091800878195582969574434227689157127
123 179.81407468611894065416397788466959308757093049946187
124 180.63135413297118363580401808088651141085952842264421
125 181.67444265058972339629564277713656342310541169815894
126 182.84352145031850308757207102611298777276600200555374
127 183.62200123290360340156905013939474774928741706879473
128 184.82811934166633134946030994201643374389609803341747
129 186.20119096436383517105985935027650837453958638995149
130 187.85900363081824362551017970151249886412640828012437
131 188.51142968862371553414883712785412824436492818615207
132 189.92243012526352264762534986426419789067283535974936
133 191.28758361253741078456114877021312990073164141707861
134 192.40285208308064566815356564684597065362942061769289
135 192.97683865583627111861335471969354949505362811515249
136 194.34436724052224650800270286528417995037923488117431
137 195.21419072287047682121598574399456902145837350805102
138 197.03079990186132017592472153400239186446441228479879
139 198.75980243110839751849625006943943026163838580944223
140 199.13426890812922918514170124560639554550545611260029
141 200.27526228126864416787308459553840146759219943849866
142 201.16041498492057298827968838747739216365169032359433
143 202.75932880575767572909988494440160330964669110664182
144 203.81524484234137101346859240173257885343663365462932
145 204.53277507474431319769705636536909647456843639650388
146 206.38008589606312431155104792435817693620113433377149
147 207.36750670934005704779702169290769541299345137288010
148 208.74147630152328638573295542644890091411425318579639
149 209.72980469685866167988584361584181099198601680551503
150 210.78082008111044571139475505972454575132169239331658
151 211.72067974558151516058408323352248578851996093465030
152 212.29100753365836798054999767756070833504467020021157
153 214.44444869876036538400675945115666349333265868636618
154 215.67592452464362491032421875335982828430726784908756
155 216.66614190035370084078275430581734672822936152427218
156 217.52297712836773934915544367934080879033283230193171
157 218.93231858698066453961121173755696250290206686620133
158 219.75672609158382908691122660820119803102724396906204
159 221.04066253179263122584700523675640238660209207069529
160 222.08350417051255814198251779457710019049249341063331
161 222.96768331836543818772860258632767651235697634099982
162 224.52330897677219430998807733896278312067683120640224
163 226.30474781364390694652365578540529676917824447983673
164 226.87265843839558391795488496828272198599936635762366
165 227.86782588567916497250854526026672244525378890399514
166 228.69354820965909484328162228192168320338150596109653
167 229.99879279273283298626295707599368519774744337825472
168 231.03245245386380646358556082922887551507798810771429
169 232.43890985769080960247136789795942608514377247842463
170 233.93617218666447787321125205063371644615922844058396
171 234.79529532273408008185431768743660828125428232857361
172 235.60632688342296364065971374207294121135118529596027
173 237.16309872700904744314437690136654795230230660451065
174 238.30537068169054177347390307354629550140215113723911
175 238.94059872210091195943887518472073897798784086417101
176 239.80122940364272162035304329451138499694689453944412
177 241.17073850460847397820892172922924138232031830225130
178 243.24241963538946342544534086660333493068916862204829
179 243.64619862830434776756583913054623778548831890705453
180 245.10766613507048716275698822203778461618052008534707
181 246.01293482483994136804954791866845017693553670197830
182 246.56190586393425951841163066159893872597871949362729
183 248.03233112225636157376324587741869130265129158272946
184 249.22184635497616965653992433768266330836415323565415
185 250.43353261797434946859326625500852413090153842968351
186 251.37285293236771070125960643070095750770174055909271
187 252.78470446726730814179806044222781241103608625258895
188 254.12891813600000758798548033149886992377672335671222
189 254.84001562045081271090183766414980213335132590251189
190 256.07264816687693315860042467733003569525924723567250
191 256.74308749497356146035996661718382329038062023781495
192 257.98080241796274964100298958407947160109228146714472
193 258.77754990290454260015666236224429206729471942068588
194 261.10318659624035153951308992697802073068014718845043
195 261.63130812345780116689138438357469313443610236168036
196 262.82605682480818345193492555460604899850036071741770
197 263.37447499447305418873322726630191827313450091484994
198 264.83514580110187573071749995692447985275172544859501
199 266.11144985575445132960504144947276261313278275019676
200 266.72488871762236247458369351675967593920866010721007
201 267.83753090084419739456628301367990101286163289934244
202 269.30296562677418858068761690345766482055354847610373
203 270.43263775786722380637577716910799932022662460750093
204 271.76005854772232618233224221398723480222242580558503
205 272.89997556720570453434463940651695202649029281189797
206 273.54186274922919822779328630176816287371820564686515
207 274.58134319381590727629782440860903942500132166299426
208 275.21345693781964449749474612864060573533311457132545
209 276.97946474368471018982637257933769890477739917790270
210 278.12094832942079956718350370546083397365339403977050
211 279.34827427763311858882479423235899212124109316225041
212 280.37894004517751635018195920620803225882920657358213
213 281.25552039090923267601219606591896218934731329833443
214 282.47288069596153983719076634931756165642193389944930
215 283.41148349788929593851846446304723206484255295787375
216 284.77973171017439686117776524900275708718063766021477
217 285.28036444255606426837551786358915915448523164563259
218 286.24237348389510256217859573349181609418993447164906
219 288.23711773293122804487966316357077196898863738871857
220 289.40214641505455917345348570296960493904562329564008
221 290.37160165798468624979647755103855246763749635210355
222 290.71075462724112688411123632422033323334516167513805
223 292.39385883552871512752793603075265672452276700100141
224 292.82109983842831778727902445676302029282145718557923
225 294.25375871678315191742942463101662253701720258548979
226 295.34616669362823596238714381782850614732037204344119
227 296.87113202621535798075952219069641417444796571421896
228 297.63101689344724600614152934857496693193076442279103
229 298.61000168860208190402649135621464545435907845116121
230 300.16252105870207937521146435089166889740909689096774
231 301.17069429409037534805068583657451841266417008296629
232 301.56401675524464574459169028575823711903238443938427
233 302.85653505635075929734017078599260445036980783794175
234 303.59455045705521836402681584546377748117607026998466
235 305.28834504124884248262856232848319390511937500158661
236 306.61705753326913288778606109609354721118478260556653
237 307.66200866893233753706721910341494945354153666568662
238 308.57676111523907829410278534071601892755391443918265
239 309.26378447871407758665989862891419763574629724585171
240 310.25749167455078391781861703879872347010778437752235
241 311.89273825623749193664062096773312524181718209460278
242 312.49450468589574657189111995050777238496710056429224
243 313.57742479981925312928307468333228606470344285813390
244 314.76513577659874253434611556490484349321785445446798
245 316.36904233654172462842146328318415864343723002133280
246 317.11198488189336303459808030077508570400658774224854
247 318.23192036121475033800961294018816087466921904772667
248 319.22750678828961879811049475614452331147308711869203
249 320.03432458529342706151604770337365108514592172588219
250 320.89796253302667543846703602451522513089751822675609
251 321.92029289579987942857761624372252967885437345522473
252 323.90455706595198766081851856598857749125034770346778
253 324.84614140132455945328430381844877253754202044476192
254 325.38704634650748371073861046754752684958281557170605
255 326.71769593319700533301389541276143719182030828031943
256 327.57723208223369550657636057690973503893489141951332
257 329.09342613008515032077811406501014508270288285579935
258 329.43662669112157758228364405797135109101234127706596
259 330.67832878841378408189543191036103926559814095049729
260 331.78819929716621403400274837022276605383415601040203
261 332.85014308978018187414984687521086416928704001678691
262 334.60949035164013768741886490938345520302182848581139
263 335.32594955703134407874699157848434775768731213481275
264 336.50851390113620358707158085088963143733708949348545
265 336.93214931109199808991440783821166837062997462143061
266 337.89642581938102145854939963510438075941623033729142
267 339.30059110563549683324495782990878994649822192553820
268 340.30685803082988048855735828559212796234920323912889
269 341.47317839119690875185383528230212981144602429545009
270 342.89253432512525808482391070936968325299568790917690
271 343.64132928244751957253529460166534508274827202109626
272 344.59425350441734969826759660638463043379727154064010
273 345.82497295821528480516093485929477081805942393032024
274 346.89226733883076714729332510696041968171081843006773
275 347.91224617988071235450104549204842336586406101823432
276 348.31722979454985446578287965527464494161147038737023
277 349.43682546587158566943830477429458839173217820203970
278 351.38964720258557585591159323103946583193089292847566
279 352.44333441910986438995747107560227966674610599877625
280 353.13303232340379259904926468001739850124508389883785
281 354.20902583650729111400000313662161375369471603320523
282 355.06863631727858133366018291812559208545822542476103
283 356.08938244321917516507329377486344962566289810477591
284 356.97472190868552821009364830339426755691327291558339
285 358.54132580979678450261408823170980511791641403458718
286 359.11631338654651986733611615322790667806829922680062
287 360.67533960051367082984072862798088874675331589847631
288 361.28019629764815385318077496331139209862780261200005
289 363.13851054724042347990588050531025828055671141974408
290 363.62022596986005304468472073704728585409352167834436
291 364.49006544371883886269532587690397719940493777447366
292 365.50468652243056114852600613709068497302362326297057
293 366.43647109040823713935232754788039707755712762861867
294 367.35134430323085538311601348827068571877804909520606
295 368.99036793357367012887933705129732287797615815857170
296 370.25233282186912724080971864159223558674126335414592
297 371.32790883746767691309153812472148948816020667950479
298 371.63093808341048589066741094227246204397824448655075
299 372.73310001878159671418658215714548382071144978680317
300 374.18649382611263082075791676430531900543338693283170
301 375.00948840867270079432418291640945703309969258524054
302 376.04007690254350140342829584698211504554238304355628
303 376.60932481852112727226606879379010355589205607394222
304 378.32122698936211507754589318643875335819618626422700
305 379.43315025308126881493516502525668995021541455794550
306 380.49138428211260940064350933440084243435701400914662
307 381.49763083845815154856504823660744316997691920556117
308 382.41946724126664782395512403523577979645290599956767
309 383.20381290629904552520941607450680402720412440589227
310 383.86282982076691172839389488853258921187222640109958
311 385.23555996487247140134623369932124646464196503751381
312 386.73961069161599830254886593250712787470634214052553
313 387.70612970324388347363907878460605403040878965352659
314 388.53145988035343334651385627347968127983352554224024
315 389.72854570998966938206856462789468137222634989008696
316 390.63766454282333588469866139119750927094578543208793
317 391.68944540336657443744256225431856077555855507851823
318 392.73463891290285710802350023111844866222878654203703
319 393.43689103646595037768298956267410261286186615240988
320 394.69466866649758255582343282206112577456094638789482
321 395.23232249409829775518123929995121270340670178460813
322 397.27509543902874318128432673466223131501565642288838
323 398.46856922741889836910488563292261545994582160029473
324 398.74692321983783299677731165531807412912418957949545
325 399.98024514754375285115501617896422643066520295654552
326 400.59496646333701150441218215296876499615064152347604
327 401.81250221222975906331278467791872549825787562921660
328 403.14221104336900327228979281691824812799179801731444
329 403.53147546812854740238388526953303852326897533592780
330 405.43918975037275095630641677313532377726814735077833
331 406.02927695100565418486397431705682859720347211538499
332 407.21293475710654624439730562086244968167935092233411
333 408.12205290441310130493092897267320205000264660948699
334 409.58574548526330892607912061967155396796654257077076
335 410.17900174622951163540817735647759956377494773852194
336 411.00110706014666023324309968649749046452292786274462
337 411.71848752262945407949081929385736414768418852531103
338 412.99143291363889142712186071452494699576995000230461
339 414.65859438028602445262558049417281712773079440752328
340 415.53435504724370224214909617029007746509153344340364
341 416.57551977544728863091670101623692869455891081127525
342 417.36867364972747190043920896580236897222880417445774
343 418.40415682735332283452141126530731496457289692846662
344 418.99071770573806188207571797881746256293760895346719
345 420.57846882330683421875700909103794556817456068863600
346 421.33719927982389892703384252191272780621343203165363
347 422.29908808412695416668546617942309283832552475302206
348 423.28814595300189339966101605937192694587120235146701
349 424.76892990568633262308159151149205345549098720798109
350 425.84299934202826380313309379633422042648061043955863
351 426.89971308454787155856127730050308402993865086130930
352 427.31550792617890281888621544507320975434353666982313
353 428.53768293084336619818956585332807589964911134122033
354 429.57020718816621788412596993152156704312161169550962
355 429.95616226198057187920258388531024277464930788875429
356 431.66191251407187425785004775295671025641640155814471
357 433.07276210945084584987232348534877188966625151298783
358 433.98817861646383000784249457297219177371258742546562
359 434.61350305451844323764704168522480448247060368349707
360 435.45417412964240126473125627763570647189353339622545
361 437.11894602820932959980591449256110395137422852917051
362 437.57066100398923122727787120895710572432248044636551
363 438.72602638511158664362873252048893457944086832121962
364 439.40055372168268816747343552380233160072032125581776
365 440.52209699414934099489524106592575083022871186681285
366 441.96954119704142806080402569485644980392913049388132
367 442.97978998812584021542450060874296921223601019096257
368 444.28113512210354840026352479736607954645170987492703
369 445.02040397150846435575257435843824247623299772845455
370 445.63326243275375495177353331214769791200597829636964
371 446.59086299306769321104660443283538672058052317294292
372 447.51281694467819242990467763088387152633633313990216
373 448.99565424819054848505967040217356355624872646581404
374 449.83288024353518083723414969614933718446127132992055
375 450.93532072437386680164939668763384804575492317480170
376 452.24195983703570846390652185216709838885386675696614
377 452.83451337938729450441653758476713510004283660794199
378 454.08078276860806695384968518827870324285086360308470
379 454.96634432311917597809469918724675995129482826714003
380 456.00226230613074868442289231609904752400550656387924
381 456.93329166940802528468867894813308293891967454388892
382 457.44211687782448278352025434657787285478503777313687
383 458.56618231420994303855021709337467577325033202381816
384 460.62270538071759966278523983806850048076411141374741
385 461.29605959593682363770368280548754064653455133844731
386 461.95246937474501384576432302407618276027994798092978
387 463.11083342575325966600773981462679983340208810981040
388 463.75433629836231915548600769086175674605759235303682
389 464.98390056024349025562889176868099768523464957404622
390 465.87471729453381280482775676637577879232099786730454
391 466.82365326022101504687453909953395263916927828666955
392 468.04811416044318143702054762228372353003841965349930
393 469.20274423803219568598160992630288371655830862286482
394 469.83112000250419710668354039577604321879186799134303
395 471.47046701301960332705868278811192784469903867749699
396 472.16076862328131810375235338430439866757238484233839
397 473.32137049648912230049646588030296690251149014275626
398 473.75438657722510662986318822133012896459206410123986
399 474.58345484145802743733010981082796429471810020979633
400 475.90008636575295779188671899514844664659124008963440
401 476.85920544364067491980189327068297416512123560579912
402 478.54459563258077101199714663370964710047469691451516
403 479.15168931047939483036953591437555892565352339137719
404 480.32846284902843938546471746970604577897783683197963
405 480.95462375313081360342211085991743758505629892956993
406 481.73957873261456853498355286995336642646458655602211
407 483.21012163973917434377624681879890631716641805648909
408 484.17794811153867783609912406483593889559897423110442
409 484.73224945504422160732996007175184220409032734811249
410 485.66893086000492873935939593937406857285233122053471
411 487.07961868271256906643774258400793219699856838168920
412 488.44438471184728243517994342899040772827234196798909
413 489.37095073998926973817735953057382827123129722978459
414 489.93661037812643477000497310919276226222571779726792
415 491.33709642398889830443538726227294268042161074008802
416 491.72635808733664826395110391586679543092532422143129
417 492.71187651751643047870008334430355805148756694262064
418 493.63787380659339724316086874509055806636762882670641
419 495.18624138188258150301542594251277449306506185755369
420 496.28546912512768349698323725790765418157050725875060
421 497.15301026987719542151005574651022018024149351316449
422 497.85616712137691651233389809997103150161753128732590
423 499.11141291725368431595903205574119906084766868833101
424 500.21089964623270434439791651766511619676178946577544
425 500.97478477034844600497848871552635775492744054343645
426 501.69895295506399952059474097045411007993518623278937
427 503.03824476012488465214694029690243129311950782741240
428 503.37929953469918993852320036759669462444693565934139
429 504.98821213375624175545229609142203385394270281023240
430 506.30829612868433772523803316436341516488668389789037
431 507.41937970523833461261436824726135535876200786937640
432 508.11359871414780049096807180026314842571955803541659
433 508.56816226542404015367241477406395766869441742770019
434 509.73117081271716505684058214617485095973607928032290
435 510.74029926987577573378889099555632384858320854493683
436 511.96460787442879113978257779105671017825623340156382
437 512.66225932277624216891879974452376938893551494737553
438 513.80980333560709649081630354569486621399467132573176
439 515.32434515038087432468602226410513333114917414778960
440 515.69458916036022135009908517585683784002903715379852
441 516.90375298387161575710762767366166182999859327855014
442 518.14707873482464144951919264840331180501077665743070
443 518.85214915725586865964837384446575803265532030453187
444 519.62127065195250991250277696211635674795416573475018
445 520.68907083489186751523822856205801079214388119544822
446 520.99265736819690470277532379193639016260510426172825
447 523.25584968106210700866565424424925152737800425620807
448 523.87592280822344955720433304569787358491551648192428
449 525.13568301262400687720470183920975976381675859580195
450 525.55857805034679584112369481305013752124156950018261
451 526.86358625526560950856804941372279613034050157779301
452 527.44348919117218478746568517927375214072592800571430
453 528.63297884590170572355133561432776192100306601375074
454 529.57331460161711495717949950590668034017735644409552
455 530.59964340947652148190635453937581259673337581148699
456 531.49846803736611495442610342749860141322816700144965
457 532.46586422841702874189583686842859365204015298990860
458 533.92841185129206956260683889516236218880878621462035
459 534.94988285736759412623552425319270220321537384770442
460 535.78705752416754522841401784496713077267224051113799
461 536.36774182496871501338571074347247801349846681951615
462 537.36403988707616386074543289069242388825448457757167
463 538.26763345168985886694550722137230177222045891439870
464 539.24288353580582214581306023471975362231975700404014
465 540.35110512263177484877150404497760938618522935195990
466 541.96351004827762990808812131706565072569329339298230
467 542.64078893126862888640853280728585440672774466176209
468 543.40212041360351140896021838174758468740793249373861
469 544.29486939121623233836512235371439719035406778246474
470 545.33060557147860770105271490195693575532336854497124
471 546.76862929176917894950711827113578643330702441326165
472 547.22076802018287507597977189865071430953961721925308
473 547.84919482457610118495100290475299261791494241236761
474 549.04994605962706196464592058051549384943010840398270
475 550.27137048884498444426593466430201486084994518082305
476 551.73579295292222095774564368774181238677452399993462
477 552.35716117972712967361311573146170856302204999150303
478 553.41980885186381699625055194344128792105254257638717
479 554.29555268308792080649683133734729257325991304752744
480 555.15368759932942021504649723466153304913196815925639
481 555.50008958739422592176619628371913268773032108727060
482 557.15013069768197144939104093634157141898820667860596
483 558.04401246118675715694439588449619104992525026747304
484 559.23667526613369686384400087669753843381752137346231
485 560.08110519347333897783553213701350001786744352577958
486 561.06890704210385738315461825645554076499006468985684
487 562.23780897071366912423301681580807038785800164570513
488 563.11950157385039069508594674727617126085171733829222
489 563.88884619475798360718156537031970559782128774570060
490 565.01986700385542488762001218906149087977296929488871
491 565.66718819922083637546899850324432770386657030447791
492 566.54253839997023898621384738998990396304971056586645
493 567.49814685862046539731950812992142685036217952567958
494 569.44931121388329224324375797384324874932013517269734
495 570.09264061196608484116065259191041056187281653435450
496 570.94270753595313614161222087599289730005815350545789
497 571.63004348849296356291812407947993214341893173835866
498 572.48930223809327283675403801469017442227610138156729
499 573.80005613785990377065238944046057752283162845798370
500 574.50353556959547515652879549161315310631376875875125
