# L9_chi1009quad_q1009: first 500 nontrivial zeros (ordinates t > 0 on Re s = 1/2, increasing)
# function: even quadratic (Legendre) character mod 1009 -- large conductor probe
# character table (q = 1009, conductor 1009, primitive): Legendre symbol (a|1009); chi(a)=0 iff 1009|a (full value table in the original zeros/ file)
# parity: a = 0 (even, chi(-1)=+1)
# gauss sum tau(chi) = (31.7647603485371820615334842858 - 1.44136597037940731242709389223e-30j)  (|tau| = sqrt(q) verified)
# root number eps = tau/(i^a sqrt(q)) = (1.0 - 4.53762582989480831089375825334e-32j)
# Z-branch: eps^(-1/2) = principal square root (branch +1); max relative reality residual |Im W|/|W| = 1.47e-30 (tol 1e-15)
# method: INDEPENDENT (non-geometric) reference. L(s,chi) = q^(-s) * sum_(a=1..q-1) chi(a)*zeta(s, a/q) (Hurwitz zeta, mpmath);
# method: Hardy Z(t) = eps^(-1/2) * (q/pi)^(it/2) * (Gamma((s+a)/2)/|Gamma((s+a)/2)|) * L(1/2+it, chi), s = 1/2+it;
# method: sign-change scan from t = 0.1 step 0.05; bottom segment re-swept at step 0.01; roots refined by bracketed Anderson-Bjorck (mp.findroot, tol 1e-58) and certified by a Hardy-Z sign change across +-1e-54 (50+ correct decimals)
# precision: mp.dps = 30 (scan), 65 (refine/certify)
# completeness: smooth-count max |k - N(t_k)| = 1.214 (tol 2.0); max gap/local-mean-gap = 2.300 (tol 4.0)
# rescans: bottom [0.1, 1.71950943242] @ 0.01: 0 new
# date: 2026-06-13
# count: 500
# columns: index ordinate (50 decimal places)
1 1.71950943242419658755291152234051873714482238816994
2 2.23622050791856987123726437858382590011528976877836
3 2.93700499647063428954941259871303050973568486805327
4 4.41043898067921329817708079348749622335085085230025
5 4.79151045245996290094667967537879223296533724635301
6 5.88466456277595481702953605764574011206243557753476
7 6.86591238823844758336668259148981621568927189556810
8 7.77567557647173390131646430777088654324855964025942
9 8.47784243831560405861399992108459322791340743870801
10 9.68080096237761458954912772982260645052743826087420
11 10.43844239786348731307155723272388759031990545839767
12 11.20098425262840032861786073833072317056522937089133
13 12.53351811513257716674291744806375007621049476320726
14 12.98842167582520483970370098918467674784329029154019
15 13.86546933915786398736721066171792040794114703191060
16 14.39370788557600155278033223026020826561314166599320
17 15.02522826707610708990064215238153737322930729373145
18 15.79044975470555171831473797859294191739765016268128
19 16.83946627498525238561194081167026252144300582001872
20 17.79219381973837673804051815983679571464629923386619
21 18.48145236446189892950064803352230108881351422180251
22 19.73514190754304841276421905551946468292862793715609
23 20.20200799559455673975014248791598723448817022220363
24 21.06940735134846305265486244798939850653408223740661
25 21.58676473566720745244163840648945894398642318473913
26 21.97109995264620740246632376935188482782581909471212
27 23.33080831979393544865760838850547255928482043667182
28 24.12312560165340949067462973422206552853879989808884
29 24.57558095596726092387469766201886912740780947282313
30 25.27879368096047656374216917068677156062336757853135
31 26.02845010859247089891954255905895160203047755206732
32 26.64375100297853027978735607713384276367262987326321
33 27.69486272681491054636780978981116159906534600337239
34 28.77856896368510416634969671012133107033752602825619
35 29.41224578988911765752369966166178013071562093866153
36 30.11819885929552039186389789419558150372745889891738
37 30.75710673386021188565425147951438922639354544067552
38 31.47008791529870964244863733298051517642359151715556
39 32.02966003603613403313872266373362678976959366946513
40 32.75852674395927763590413638142744519155108320349225
41 33.55416449285708221503572493805520871962651401331624
42 33.99376869482413050431725806288799341776907302327746
43 34.75570148058572465642877186124616286299614292446465
44 36.21314194497187858554988127976171650638674387406464
45 36.61782550034363681875554758242923480054040305793571
46 37.32849523140658016842388897601470903481980684696674
47 37.96312745559386511960471672453585827150067360028593
48 38.57485294117079399189950680570696948675988307161743
49 39.65070064597413167633303764027600322969148462026474
50 40.13577460339341002243078921138525310392897590135767
51 40.96538475144379216823605578356279432902393833056838
52 41.62581452717509041736024298645677114816872512373754
53 42.12274095933730006320994366030240209957271624386277
54 42.74174630394724821264324191791991234928483168340998
55 43.78925989462452654984361675140569801956624177960775
56 44.17257038163075168534997957536642252844784230918369
57 44.59100552153814300156730953638267145244130331618942
58 46.07856485218993321763215706457885768497126079629528
59 46.84825636042015239911139576533633319910957705770415
60 47.38572729772750204802602454467457627770504564963413
61 48.09156563230250239191583890641623516960239797493681
62 48.84111887344167510773419930902468044903121334245793
63 49.37449675754045067622531021990606292724163077514037
64 49.67643872732513172931251119829385166735424302703644
65 50.49481588976027860546742191616490791614583849335836
66 51.36882471109386067182609173268918167114230736755996
67 52.14972161568549616246709522452438451441849988013349
68 52.96730343161878372395307554595658036156757205896959
69 53.25669992761432159023804827397982917967920145862381
70 53.90091293283874872482418514318337200943992432770107
71 55.22848807396701767514358307834154125477633012461620
72 55.57219734875981682460804744468445222504063420591138
73 56.52740620860127839863508377808004548786885543985754
74 56.80466948045086864721800547695659119054608913470671
75 57.75270235584689104219143712508033349670446245006263
76 58.44969838271797633302752712081682159053071830780566
77 59.20125422501514437916277640519374693834564967722521
78 59.96924979474611446747742953264518390898962455299306
79 60.23505169867006716712693530448903383732040192701600
80 60.55519704672791142382708641130065583304918192321301
81 61.74167260635582072395856523157225690705835751191643
82 61.93300434092250930365288052171731330493547424368037
83 63.24134335065399170883527139221341651211195303170324
84 64.06262829580204095163836546552747205049414766245550
85 64.60382925505176391003507841572929669512510641243982
86 65.53707322177110350788362351675915717571922686331479
87 65.86581746970957915249524929129327301259053932491089
88 66.46527449495070365156657961340448375667187443457796
89 67.07054541810948247845504746293947471101076697060871
90 68.09528500895843798844759136975126849782480311358479
91 68.40703000656655963650315268617865486751925000372650
92 69.02966087649370137160710811467912878791596967213844
93 70.04301829089973703323005700419810497257448650633149
94 70.38792681574487931198035098981065727019079238796980
95 71.23800745975532108753717902065019933708628974736333
96 71.74574816264535040261496997195702972618973988547203
97 72.58038100138087710714267516644221270960403977106232
98 73.21918025472508455963601099590231307433229170381470
99 73.75034676766171414064725633637728147808264681272915
100 75.15873017857567382782264570457162018091321790035394
101 75.60207714299133465199808663380396868978536169974083
102 75.95240712288354904753468706011094885093556219910817
103 76.62704502834560278799088281700006221746146666698562
104 77.02518140865027742599990455286625053522174462672737
105 77.94850004962497816434853873027998638789408128594900
106 78.63017005770471867641784890008880507152311961196104
107 78.92950319894308935369404120684096489248398674322539
108 79.68710576785178661808920373367464474898207566244750
109 80.52243100294388237834076329622040727597864880700520
110 81.21075492770921863579078642124839414155840830603873
111 82.16292324884139218420402945526190046351853037776985
112 82.78678398652006657103802380481433946261946565081196
113 83.59683708773458306966199487597109224707718377290936
114 83.70332060899053812208399697887010186557261938831028
115 84.58689011052389674820844885990719623426585980376941
116 85.07065137816017313714555133782173907031195818846266
117 86.05228784899753859125707047834127746136512064552787
118 86.50406294703576706551669754810868832869881454521144
119 87.31824143506117480308539256521838666088654541900953
120 87.98036560841122431835177095492604718225774374533271
121 88.39076692818745482210639191624131884608497181263342
122 88.87367997255979892792002417931603975620822434981574
123 89.42878243606289382708570694482862782539114158791334
124 90.39477835132042297002139938539213954712120743571007
125 91.40722681913712912310420971918526894728098754832597
126 92.00939114878804580576481581939834987292208008496679
127 92.51934432449012554394254855730591035721966915033190
128 93.28340280361933285843253422494454713228811235090362
129 93.86378439632645652737589913155846444398049438678282
130 94.64789344223036601376420679241563388274232118731073
131 95.10952704389040685218090275699033522066331622594104
132 95.49202081341238061139639623825629077670654166675677
133 96.15915407549373774983984293725624174035870686563354
134 96.63408023792347016620449469617330082662743409838167
135 97.92239159369296871399364461787221130890667150134547
136 98.14273282348656129965617295775638717569842678173979
137 98.96036270442853570002315368041749467537051348160901
138 99.68640902214737080864500493968300576867256542815965
139 100.25925209310606860494538060412407790196157250208122
140 100.88413317053148725447132141083934760667371058534388
141 101.82110023753446070521284309415622759708185087355905
142 102.27342256461194489030469761699442967766200172695915
143 102.70343545133932328914998028686632895258294891668359
144 103.93162070390597342200868439584783335792877146130132
145 104.11202121483128703206322043065314485667094410760438
146 104.87249471815015286524681529897609059568299289302794
147 105.24597736015691637699787210055917551068324381030474
148 105.99784556974835015515862591682533628649916116405882
149 106.66284566405135498455935937184279818441835213661095
150 107.21535336831158684634828895380238151486057478509727
151 107.74202654808403906418148468054993991990158280100649
152 108.35418225380173998867572899450639266919103494444114
153 109.62106943416665099847425418491411055020942186131530
154 110.51078012615165958912343074086035159829605725308199
155 110.73242308834897060959080931108244539868770528841761
156 111.22737879858660772267113938426951089590078489617335
157 111.95065930090906547855414279106487785659493403816763
158 112.49011013734115200670020284929727090433457936230389
159 112.86878702240443097659130825829656391038247794544961
160 113.76411751272024035537026002759835750994081419201646
161 114.59004783386273546479746682867957062965566328226898
162 115.16174638917863153669363016890205480151896513415728
163 115.50778687925505686218134011397685337356430203138224
164 116.01428795173475324085757393924800295889322763675095
165 117.25720679824271614960489452177197236456961706273549
166 117.42893603654300650278370452456473721471544255588559
167 118.31855322278105818458652066125801649648146893702805
168 118.85015298957927517019667122847619199949077951517238
169 119.67029638552738662101688989171452151001731197222887
170 120.35081678967451697899466228684409592040626512977857
171 120.84653466350330108668290557038636910005400755706635
172 121.83489428572187900979600627910428837597731509106110
173 122.13488929686323181623059423411841069312930112660179
174 122.67785304391134221434925565200725361662601696552156
175 123.32196544268135683600432385721882384089777366564442
176 123.91752827014084375138458665897238508613673537290635
177 124.25015441178286526700464849536415641996286778538718
178 124.92313232555956050472790730508334832607696536208486
179 125.94689598533655262735340930760221221646935517567317
180 126.48434101668543749796246962110331159042924494620670
181 127.49714608112808570295678209520683776588210368904037
182 128.04664028605949090433774310889106422210000138553670
183 128.22077440720734347817407371260159663338874003235983
184 129.26560107954448701850286732262610882808999737810832
185 129.89045381033556016498227138576037666831205130180125
186 130.41303125279703212395859880376872444029482037104929
187 130.74246704275753614315718124936953135422428545107237
188 131.50698761870674205830189208558539953297542968551269
189 132.13188887940601980683418518931320985571590865188509
190 133.04479950406018285185621098922817585212414247123444
191 133.54042305276330648188614103804167113598011785694800
192 134.03341900154707912390017982531716355294547154908825
193 134.65092994219008030852742147133520561541136884958441
194 134.92242935400246518471552037150273434582735232424816
195 135.84095670509048504247972676880561648604341283703890
196 136.80489490874427401474754602488500550141771863877392
197 137.39598763151852954343666332531843724882530080191680
198 138.21031831515859021772552822046530468278940352300256
199 138.67874238039945332426551515494110721635525027845294
200 139.35833671813284887665928693013663381895900338161655
201 139.63341219286092613300762312154580810171308172309484
202 140.49041140416676638152982712039099921751441801779620
203 140.84705425025454289049882785717980683903109419144346
204 141.64796745780628903000666919145115094010254957972183
205 142.04613932289048487751585358394995285238333554233171
206 142.66162162609254914026045745230903152218355515973803
207 143.52137468018860865370870862497523380049287759787516
208 144.07962452006167647689782085652300317597874630124991
209 144.66679803139655636549768783151021143246600432067684
210 145.61806247137483165912337771699275878149702250547421
211 146.54331428760360622424651184051591622210331933858116
212 146.75942236223613489932853728868231022399421707762711
213 146.84869216617965891310101009695495091867240848641511
214 147.79653634809486346930384024734837043062241006257614
215 148.61896119675935122905153233185372164733035522267998
216 149.62154687205746916835517054001255324918948552312556
217 149.70470895464452677747869225132621367018413860590131
218 150.40287652905018039253401092462615219809788514594523
219 150.83723964640151761458073922118367807481441578082773
220 151.56015413384403138723342032516565735608334140579963
221 152.06654433951467007219877854100167049245369399784572
222 152.59887635483020369215978345608335932250187850992898
223 153.53448144476515367896839121464290182553114931905751
224 153.88124542134888709628017749613548300266561812364092
225 154.90409058748036857770626523439065018713308918835413
226 155.57296428013062508162338829520963315680089040603129
227 156.26618141304426074728136663019975109657840413359088
228 156.88780925537805848106035986563603319482872102700444
229 157.32077966610825381545226032788205970604020038156394
230 157.70079731225125468882517990360427022016905650794898
231 158.37311235602592934061483617474993855901570266210374
232 159.02323526198018326450515293115899434386887256269025
233 159.61882997725448906068383771011138087423958274156103
234 160.02667442633042848050414242915410718049545729035221
235 161.01464213608993498012061594843114293466570210487396
236 161.68154194014542596937733436294114815508087645545557
237 162.14997402314562762467921803503797445444508667097325
238 162.54867459720158287446938467139611166786311056357940
239 163.33279331707086859723420213811191321885859047996581
240 164.16071692628609401239376111585154518439886237626283
241 164.71634881456723900619466518239921946467346405223998
242 165.30387012142140381090930819661208711331334563730636
243 166.23676915678528462547285420289135655111411927225134
244 166.61816142970625292563394822478433364464886589384939
245 166.83695602325059685745447038541395822799659097821432
246 167.97372732170407660970695619253980608073886631075210
247 168.40411045201473043386713177654223526728901439337153
248 168.89598647842706969654800388115531143657806489115858
249 169.52419996914491423276575416949915081719715972297085
250 169.92447614768870059148429131921401613375771739643377
251 170.53034140463032809143995724879251928542759847708834
252 170.94073521533677481893113804124610082573902819878866
253 172.35400808688447941772948100964153163218065075685951
254 172.99663048357501002668410454617729595444296149700330
255 173.32835709953193642450518046971271818227714772767543
256 174.00552189429462832968447498306362872754743062111421
257 174.56295356543918820049926822673801846128971828744289
258 175.15511375264081755628265162785219300497756932268618
259 175.72182467350140643960205618355028321272812774599582
260 176.24330227512608878064532896869316878894013092734740
261 176.86987904738309121409861688973224163090591423175251
262 177.53782650083815863668243359526414865499366144079213
263 178.33192547888686289942039668301509622528911603237393
264 178.73166070918062202367569371843983047227421370900266
265 179.11085677459265799205271572989068241912372120724367
266 180.04126774201576778561073444430418441403809335060451
267 180.36115181740512816723444189939694961145343038417773
268 181.33227489514125584213797406481904725674466563714306
269 181.77547926038236415607730097167556591180030709754323
270 182.32441873828719609079817332889174902050266995764743
271 183.37345528043642846642198652678946780414731129264878
272 183.73773603046593118752700061676837534237200667226789
273 184.54427357591425614641035455263631582628069277078679
274 185.11299826819863596186180745272404212189953952108352
275 185.68804288476773345909510464283315083913926059850063
276 186.01200371795027250154213437676815699453958338333866
277 186.37838352658297946189925110978003453711842936131880
278 186.98134776708900519421563896454452863793422225494886
279 188.11150810728489386309174643578289398710313618619287
280 188.38315320549507920158740696597734784127441303778740
281 188.99684122040662379435529781281362126072457255078661
282 189.59736390090789707264667421934679541435464306514157
283 190.56142348997197311507678815237459091583531077618699
284 191.04308972948923631998223240291869517451316041375829
285 192.00614540856772039669508605088961526272356846940503
286 192.15604591048329054278727605188546169427398937759677
287 192.81667637019156361171295874620065509216184828912783
288 193.45183684975231929236935277252753594845570213347071
289 193.88353635535381136315538745412195525611557490985851
290 194.57116605077047669787599515093901838573597140489213
291 195.44736389184552368517961111106847393173166497934009
292 196.06410878356620607721597692432418083501938885771550
293 196.23490664495970322364196450461074676875415325952875
294 197.09439200983709679234272686579500939698568629307041
295 197.38761456396264831774749609934226991248213111746562
296 198.15725326250158969318750302528507954869605624393783
297 198.60259566382829621204575887228637940273368366764061
298 199.17768940650117028254830176251414522570409632770247
299 200.47643551605931681518442956831146117222958659954226
300 200.95841680910000000230596957290504337007236554508499
301 201.49340957938424275728771608341816199588509060009963
302 202.11998986781553770135654272462570083054896757482077
303 202.35571595523233038884808210385366381724883056915057
304 203.09583083500554046318279218222047066365296055372862
305 203.95873674759905096516031761310096476473842805519307
306 204.30388482110587331874009511202403671481026680356386
307 204.66598300730470890714210194394758363294547574664139
308 205.33535657462922332138130660176288232765305235446319
309 205.91219031287374754077476146821577488694517781575155
310 206.67567762246581465971294375219460096051264274878060
311 207.35896687465055560825065824166560870006230159713470
312 208.08081499857667466841501270242054404110846128958021
313 208.58182212799673559245321458235458792734860758253001
314 209.05508610246274351256337905211099010096027553543109
315 209.80275617002274360961942281833699621320374173545308
316 210.40867242373582127112941602878140307069076564668959
317 210.92481213110211267091018582962955695012810855860698
318 211.77021348953718223583350553819335556953694722256813
319 212.39814173674756803042421961957910864931146783385023
320 212.70717741233908974846155415593158629987752812833893
321 213.44447200997207891273636203035735305470575157210213
322 213.87590295071671889344461046696515947162944847190431
323 214.50751203913626229833415770395940860041782734993912
324 215.13128672952713145588065097934671815247328617121980
325 215.61664979365576383434249451788563791170967816189249
326 215.86644949406097428206853837072255646181161997705192
327 217.04853404035368551787793686400822125901267325325471
328 217.47404671879636679691350938111487194141464227647152
329 218.30386981266998649504031713990185026538632591824799
330 218.96800041448520478991238717448790590779311624535915
331 219.82746827388402042314219172711908894151318120883437
332 220.13668495603662568081432922031972522531227710088346
333 220.51501258482389123994342103165105783759962115836074
334 221.09865406234018962085527131225142020612662711495852
335 221.70956397812142684941792090895531469708702839684110
336 222.06417578717856423969804464600711065424418082402824
337 223.01364732548965806822567041288394359648424290649494
338 223.66545986698866040182580370154143477212449999642751
339 224.25560546627589897749341277141950081482457304853567
340 224.70202678423693924017858942886191423448946683035356
341 225.19320747426112330847782432808426059721478972640574
342 225.64017701067536277254459193528359723497579631678811
343 226.54236971062448800128479564179745243129299607525189
344 227.34791962034429165513969164339962985533422045485490
345 227.99240071677934243327041888039995112357300978597960
346 228.26430976203330435529505018079822346140335067917484
347 228.83993633811737775782168870214527180253327469980016
348 229.90049047081169689540897447617831063976441324467672
349 230.53606595822929286614886493955988357663750466502552
350 230.70163288313093667352019719898296915705172028158700
351 231.13132235182414670607159709004197562766164330023214
352 232.17638524114614429602927315674310373530197580363939
353 232.43493133040934619096624400532663216410656725309609
354 232.75975771342805447957282439453167146231451499236785
355 233.44884063647049669867850404451151737333374187109913
356 234.12265862850933253818990766873777717101848770108793
357 234.89685041447137443878679953111230397351016865631062
358 235.68215849945330934481160715299593043988248450061782
359 236.28601995652762132575463516486571347614020567557527
360 236.94824362186041652489399069180902064023859544447870
361 237.40464830228984899405473315156820099630856036790509
362 237.82641650584921740310118536958779831916570923966614
363 238.50794673452782760885501641884288546995914726205362
364 239.16176873382984036439423757619808137462973430631431
365 239.70912803477836740048687471368281968090619724680314
366 240.32445681508711232138341893661197716969229420625366
367 240.86499042918822201593281717128837701803482424353329
368 241.40358823312869231990777802471186802047116643426161
369 241.91306323907704184316682940360300958789394873171228
370 242.81979762766233290167434521534943986026646977649850
371 243.28409109455206679719913461220600302630331938478327
372 243.54875001568348441134944536642163459134647457624817
373 244.28804904047095517605062156346245136209287861214548
374 244.71556698854705959474986307871259722037388932579260
375 245.81892495844198708392950675493952850280085213034581
376 246.56736031879383475583498978433036798274279781597449
377 247.16303374168837132430142181147172105656255603092160
378 247.49481765625319785934880887812893084797870871582470
379 248.05459534668875516660083985220216883799213045198515
380 248.68139649020019707343800781446322151844012671338098
381 249.04788620211177711271542424967094889372359611393835
382 249.80800644439497048203434132976195370067888659339096
383 250.18582714692125004819675235463419363378631111517164
384 250.86896132416821792288435759485108994695139011003666
385 251.35902922868255275423569906062118524890935857690901
386 252.14493240774841881467905142131010517150511086650449
387 252.72019188832814151234491034913629345075151935999213
388 253.13060524484849553888523656095494274579277521464103
389 254.25456219509157530173454416876891528153437176393819
390 254.57743748112226866299306948371305762775008689260596
391 255.10603062344924544307017225157025822765411462434829
392 255.92089402648044149536325138847003001158944748194114
393 256.44262203954947416807065124113205018035787594344514
394 256.62034999002858835404951332335803887561961504781029
395 257.43822262644274980761371780484527482980797120075895
396 258.22763106626055607505761105733292225900417296282911
397 258.95001444796627477614694205172401141777415610396807
398 259.35034942555505773889951700453585881986429977795480
399 259.84612031174394132846137094141749783671989736432119
400 260.16404442171036146507163128060789653909454513202858
401 260.59194915326727054012190584408596874539453481377319
402 261.53084691158494400196807318189033928769042990790622
403 262.08904398504632461079344146463853589232199284210347
404 262.63007627726888232040713064142645838426857011923377
405 263.71679337223235662771650464502129414972412776437022
406 264.15202374714659078949963110172958420487423225857433
407 264.67250190540281924471972956749207208011018810122920
408 265.17673511270854118820576243413779172394663975765000
409 266.17714022280879330577498353386920789943730565479669
410 266.31054012636318985568188462548997798762578694423057
411 266.92624835209845112946509707054076460336255350662766
412 267.38172996058320698149994330558977166537489333356675
413 267.73097267685714818702825618961738142501698415308463
414 268.74490776454224447574783201923510265846195760654733
415 269.16840935945748835578353888454652997266937639267846
416 269.95625497924635403834821428097112707461950832290392
417 270.47274990906408956099590416901253970957857959880324
418 270.78711287852894225698580526127483786504546151340065
419 271.65104579718978326693516048045270396485907417318575
420 272.33035574735395226694672759150324762449345344464365
421 272.73242341297619651394269499277033359137601919697965
422 273.27012394331692724171337235314505770074770934216221
423 274.21412641873332782262650876594371039315823987191379
424 274.75751315587402321740893207542738226718018465415169
425 275.43241630109264110381727520739034742777142416513463
426 275.69082599043905166589399737298075101396299327785148
427 276.35153169970570332707498524026429130560628888973022
428 277.03925014866524048253382678322995252022143822309140
429 277.27199630401720172915931618846052988822221786280983
430 278.04878390709717854882182164863697767853438039757808
431 278.78584234371011769581340567762960764423048719724647
432 278.90942773085588939235445354767222316551835723198633
433 279.65181234783474242474576043250969023803578493591780
434 280.02159093265267564874277720951952398626349163608998
435 281.26431548525646953832475763084869549459428073641463
436 282.15431477575523796008479188324592075137066977909057
437 282.23043533735200731616931826379001373356108012078843
438 282.99249870341936920999094909579075034085510827856776
439 283.35075827524014410586926821580052547728906609620640
440 283.93336040604280255559646804517144320133749142118823
441 284.35120502613268184297357337568136796936579538673730
442 285.16829711864709668255692162671235860390785455610225
443 285.81916460951669972652710280367183753726327666548486
444 286.33377220706390510509702837973369030111241753336652
445 286.71418676149776063586245966483185476065554099778727
446 287.50849322420336919094599914844171704319830950136012
447 288.07259229587387880252361413604332984280286017058205
448 288.54840943191350236137177072525288102818573213846476
449 288.86319840853164045214155222776969250472468247138342
450 289.78691023111487656009534038215669110580775983335499
451 290.42628974296717663334716168403849793696859105270565
452 290.99016142956818216966926663075228809647849505954003
453 291.64059258166895758222597233367546496568910010380732
454 292.39879465005699161161343834942842164043235573185062
455 292.77309468770903081096200623376112152313315030962377
456 293.58777512248610914829668327128680676534274378382189
457 294.00824399623315812877639316367715726120664508010735
458 294.56358002467251316370088972598409024137113902874922
459 294.96808894362784858209136345414044001795711420527074
460 295.48329268816216916091581984941761534652017260690638
461 296.06668062121906267035623096561291112362688507815249
462 296.44847791513320924815722248921082093863652287239499
463 297.22991207429600025003024009280365826218603692138231
464 298.25539394903058556399536777603876596469401995776061
465 298.64788009902905585337183203817375329749109617375688
466 298.96199316828937040764009890852255212628457670698422
467 299.68659274660956845115541411068314056733713178072991
468 300.56152829276236987341768986470790499059981407007521
469 301.11323158514716259259575147506929593308027655673133
470 301.64333782746903946164918809876886279365563799645962
471 301.91301674919556285310919061905709331257152308554461
472 302.50927627385963884154853608384594802824446859229539
473 303.35753547013589787691654598140181200909384768411066
474 303.83358363474941164725740607896543491885226853914952
475 304.33560450400489985466773196500851203115884907682753
476 305.20920198658498268721612900150360347807750441526585
477 305.48449365275029473164192051402561922140388849508879
478 305.97573954425016310890495726327406918331265881110155
479 306.59914567604797627113586061863930637058302388517421
480 306.97731465351946652057200299147296131831081697484027
481 307.53578764771203724208808686251281498646548774268118
482 308.79484532164046501547685116085481790151741020461075
483 308.94063568507541573934878470658074356488482673881469
484 309.99077482099961657646614371397129485459179654196026
485 310.48514774994651253376347846588562493599223611239766
486 310.94361968755538695326999502455544575534811319351844
487 311.36212847969112189219495433534544584521817551798412
488 311.91500441416028423238140773890703649496482522238914
489 312.38827689832796445401359141773747208339009432504417
490 313.08277592754621485713976113809836368366223213160988
491 313.63038798340283113162291932080304961724656230097487
492 314.26672541532735134924572718059433869509634177575836
493 314.68606598727799587437602725734860854110109378349892
494 315.20745297250928149115789218222343179255054553978370
495 315.98892651713937213311854089874107374050173824158445
496 316.50838770165249536585640686358042370787189483885617
497 317.38347323605305208164771157927623116228586143247434
498 317.84571154858434643180456232656017932659526376004453
499 318.32972616897391058719121864938813571052191556191085
500 318.90797700089730524937247640829389167114527590068722
