# L(chi3) zeros, ~50+ digit gamma_n, verified by |L(1/2+i gamma_n)| (PREC=192 bits)
2141.8154760911753643682862020697958534216036  1.77e-40
2142.3952213272468587094994697673028368339852  7.13e-40
2143.3539069224595556629051478677868601723792  4.88e-40
2144.5594934854604858953625509633436477518939  5.50e-40
2145.7718803895454360862923862880006693761868  9.92e-40
2146.3124444124880633667692813670000068836503  5.85e-40
2147.2836597124122722512488968773254474875968  6.72e-40
2148.0554306613201628368622819448264065693624  9.37e-41
2148.9353666248431378250215247531365230053629  4.73e-40
2149.6901555751031461072222776427427627587403  9.72e-40
2150.7934027581972499945204259214195542648344  9.05e-40
2151.5074887723393828784631685578501833876984  5.80e-40
2152.2121525408823961276693308821960451492558  8.47e-40
2153.9920406256600185032268860940211519066617  9.33e-40
2154.5514655706713267609166646177997182679917  2.89e-40
2155.5220920559139256232162126819917595491423  3.98e-40
2156.1159192252487211050055777084230025837556  4.67e-40
2157.1627379095237759826729706616466797715914  2.10e-40
2158.2690359777598456489188345770825971622816  3.61e-40
2158.7766066825346881326693247137833448270522  1.47e-40
2159.4638487251318504907701456406040050985314  9.84e-40
2160.4907678713459456906929272412661878408881  9.94e-40
2161.9127688948878244501058643036566184011603  6.11e-40
2162.4301298021578127791357154226256349090599  9.58e-40
2163.8598588148769975103846909667525706526105  4.33e-40
2164.4248224229692666025709354689152565254141  2.32e-40
2165.3359876736930294771583122845957331892083  1.91e-40
2166.4291790573036540372440352227178063957085  3.18e-40
2166.9369872877015326520100779787418960568471  1.91e-40
2167.7445770296419696844714330112695821677599  9.14e-40
2168.8663124303692378022873912739472816953288  4.67e-40
2169.4893199227622097950429346077058604475693  6.67e-40
2170.7697041095419764610035275418954993983027  7.85e-40
2171.6483690462002207998845009354804483357405  4.76e-40
2172.6239553142540588331170045258155873322809  3.92e-40
2174.0913981167713480543481124350671274249865  2.86e-40
2174.1399643004613687822985087196892676039444  8.86e-40
2175.2328744620885751869244467146032453098065  4.70e-40
2175.8614869490368752865812190464277511178487  9.87e-40
2177.2683046385534170577891146073026681935333  6.79e-40
2177.7677239070444375396107696657500018571054  9.63e-40
2178.4681595244148756719833274830766581514137  9.79e-40
2179.5876098066640844203316430726566663024823  6.28e-40
2180.9608547870146755087786280312299802050488  9.74e-40
2181.9217383115829203281821605488184529073003  9.12e-40
2182.4054232947494718689756898067516415876968  9.90e-40
2183.5275281819503957443724268251140128849770  9.35e-40
2184.2810628215346684454533106840125918676707  7.27e-41
2185.1528332290794509524872395156784956461389  6.43e-40
2186.1082348941883221498509208682493359165139  7.74e-40
2186.6833285656774524787907914358599188338769  8.78e-40
2187.6710945055497638080751739286123505714747  8.86e-40
2188.6141288778353325539772469135360302326714  9.73e-40
2190.1443228542254540656149795803315998706284  1.00e-39
2190.7883312320722832198362107571557078238793  3.42e-40
2191.3176134796600555363489676955828084497395  6.89e-40
2192.8001814948568059705829191485827558414294  9.94e-40
2193.3772353210703133738141585137409097198009  3.54e-40
2194.1734303815764859383257320714407855738438  9.77e-40
2194.7918827944867186947316420930521315558536  9.77e-40
2195.9534400182728359359994726388645298040785  4.25e-40
2196.7439310626961508661105096642925857722641  9.98e-40
2197.8289491175069435164169607109436242229686  8.40e-40
2198.6338091381889912634975214863254546193109  3.26e-41
2200.0160694579325766656907273373868871426468  5.85e-41
2200.8173109479124582178592691132740177697986  8.90e-40
2201.4380979489365982766146693388162951074231  7.57e-40
2202.3090566271191582238557330682136582526564  5.06e-40
2203.3591462106264622691258750586828498813594  7.46e-40
2203.8961728276689978132690478932334545917574  1.01e-39
2204.9275730052590206693916332225669549521869  9.75e-40
2206.0003342481561838438410188416325892744276  7.91e-40
2206.4105533171842593795704313682972280560221  9.49e-40
2207.9445650798136007495861911276770203222929  7.91e-40
2209.1815715247231415495299638586529534162045  8.51e-40
2209.5243954992501490046054556830513865789040  9.36e-40
2210.7037759649799003272673999126217822315688  2.26e-40
2211.1023621926708193159631891601913273015443  9.77e-40
2212.4757440172098495358623989985928874868205  6.38e-40
2213.1928719312974766684110962899590514945841  6.82e-40
2213.8330723600718713196663319153257787462686  5.49e-40
2214.5165729275520403773992469495664943047642  8.40e-40
2215.9801236516171542620294055366055395478531  2.89e-40
2216.9440575299062750302211454575769001491069  1.48e-40
2217.8737830514023277500550183050854755035880  1.72e-40
2218.6162250742548625300023053097000783492842  5.24e-40
2219.8633489195288753632625372191205093421922  9.84e-40
2220.3143692917845647425826379628670676689508  8.14e-40
2221.2302454300747262993357893179783339562138  9.76e-40
2222.3569021765554513368380345722099062823160  5.84e-40
2222.5790415993265373866895867934133391097551  5.13e-40
2223.9784562021666646141659933786622289961202  4.79e-40
2224.7080339451242906943299701916909315053164  9.69e-40
2226.0318707016595708201600064826525178198854  1.18e-40
2226.7259980114851279029811996785185251277267  3.44e-40
2227.9097471389871074267490016337301381798147  1.00e-39
2228.6775919808639458387781636046480198246191  1.90e-40
2229.6122354880488267831199265650076250386395  1.03e-40
2229.9882036969768940534589682390605272456143  9.82e-40
2231.0614077424964185655872956319460508203005  7.75e-40
2232.2681425915017877088115883463867717281590  2.61e-40
2232.8822981426550821352586697481493748826573  3.08e-40
2233.3690802343666324899932051207106067067274  7.53e-40
2235.1884576050352414892056733430222643986306  9.45e-40
2235.8601566918496596177428246760294932012566  3.40e-40
2236.9225130032161372673946139639432485402013  6.68e-40
2237.5334864080765987415452615851088011934359  6.99e-40
2238.3382771348944264382094420514786595524895  2.25e-40
2239.5083419007647191450328584608943111969305  6.72e-40
2240.1679376437569913328726552811214893058053  8.56e-40
2240.7991288533724393838480470980856160404505  7.86e-40
2242.0116117049774534899389191411639871817320  2.92e-40
2242.5321394895467532017953144917097520106157  8.52e-40
2244.0621375850170995617075697871589374879456  6.24e-40
2245.1056916361733021749719132952919020550340  8.22e-40
2245.6535917429789512903321735676259312101770  6.14e-40
2246.4650698397322220213679751864205871352825  2.95e-40
2247.7665010024819158780226159494968050062716  1.00e-39
2248.3813954159614024768014510131366000692014  5.91e-40
2248.9586413502705891993287672617196222489473  7.14e-40
2249.9356924374739229802763468174067917660004  7.58e-40
2250.8057558697211811401288531076946993585844  1.01e-39
2252.0043997900315539086993016881406188136207  3.64e-40
2252.7323460227502506792808080915052593370560  2.80e-40
2253.8668892941206804540841961779348681962908  8.88e-40
2254.9923637337775454566483355616957526109997  1.02e-39
2255.7034601921826398103590706423207195566392  2.91e-40
2256.4041215339918464114196464868196802266769  7.36e-40
2257.2534732202114800006612402805977358350100  5.89e-41
2258.1877978838588536699545141388138179232972  2.33e-40
2259.0259266922491004827568456418867026383079  8.69e-40
2259.8261676571335758697389178822759247751019  6.46e-43
2260.7534417566081989887485859584892467236027  3.27e-40
2261.8108083851357733470604837518016877190839  3.48e-41
2262.9352966054773308561187927983143836170213  6.94e-40
2264.1197987845201636792453611732469549535063  1.02e-39
2264.5327905784165746022293231889352264982896  7.15e-40
2265.2826807204113644004887785488847974315336  4.83e-40
2266.3949370394731938806439576929943920640445  1.59e-40
2267.2294866410911731302347549940916329878802  6.19e-40
2268.0620163363418514174913159384986805064186  5.33e-40
2268.8116889128985849419662448903864135704742  6.73e-40
2269.4519909854909755881063925458608348058252  5.98e-40
2271.2144587087657591383867153771084940948966  1.03e-39
2271.9199260063787896546245017719326761980152  3.15e-41
2272.5632040388062761968221824117660863126086  2.39e-40
2273.7240560068892679767564062150924296083133  9.40e-40
2274.6644187129348376056077075863800648781953  7.96e-40
2275.1825228192276656903062818727662653760546  4.33e-40
2276.1902560453134294120490972252815147196591  5.25e-40
2276.9726661581673923032910815561176001691763  5.37e-40
2277.7208076548304969499775613101414603698687  1.00e-39
2278.7984028791902642254626864472008281118187  6.49e-40
2279.8841612718672277495877663284547021066839  9.67e-40
2280.7894827587380371724624583390613591436807  7.04e-40
2281.9939815998160729229377645757501987224767  1.00e-39
2282.4106226381117170914782475091859234168681  9.20e-40
2283.7867648126851890991391087120191734798359  8.15e-40
2284.3790494616357853891439292882891046340615  7.83e-40
2284.7059266787322986880664987225728453505465  5.37e-40
2286.1211240118628492787661274890656926170924  3.76e-40
2286.9782141677894222310110314619970843274079  8.52e-40
2287.6434721800387398838092892300089944372300  7.00e-40
2288.5476299103225769714661411029006095669203  9.55e-40
2290.0658263686885847769256325895693736839898  1.04e-39
2290.9996790914844393051209266371344673510173  1.00e-39
2291.3932841472508185000023743210302549005368  2.17e-40
2292.5085131233200596396882536176006685348778  8.01e-40
2293.1698834743265900484898328351405949663200  7.62e-40
2294.3506007442059720266023207444806418869283  1.83e-40
2294.8916134757739327339377072898519346159988  1.58e-40
2295.7500737821226842863947482248144512401800  7.64e-40
2296.6284495343130172647852960399718855518040  1.02e-39
2297.7015999926950434972189778910032586262322  8.39e-40
2299.0369492758490545831682602736827744512911  7.88e-40
2299.6899639666323120668202549787307148120399  9.46e-40
2300.6986953177303762611639792915975151906226  9.88e-40
2301.1937633550694306275946010007432817643306  1.01e-39
2302.5161568555818977393336159294344560183216  4.12e-40
2303.1307148336640403918149231058988712229024  4.71e-40
2304.0533772021448034263611918096320887866917  1.33e-40
2304.3399281207249499838702064254716795804613  1.05e-39
2306.0086165816014020279327217069709911311564  2.77e-41
2306.5238821614793050159441147997117431722956  4.42e-40
2307.9324923002668758087073935537090224900570  1.04e-39
2308.4960193609183084823732534483534505838755  4.49e-40
2309.7785482465051729201532061680368715251445  9.27e-40
2310.5723071864418033608961193792009888329103  9.28e-40
2311.1276631723110511245350830189242019026793  1.74e-40
2311.9114460556320141422400239795792311112877  9.79e-40
2313.0667343379018288246759044273066149912440  3.55e-40
2313.8304357439013739888045436667712771780182  4.93e-40
2314.4510420560753922694008192403527432030350  1.03e-39
2315.7192339216840319819818211265277574724051  4.41e-41
2316.6352097798303576349784899730778076758530  3.35e-40
2317.7907390291665064236614903010459109845340  5.46e-40
2318.7784514391517743027921460063199681241853  5.93e-40
2319.2356998057851714668902413291224141620534  2.14e-40
2320.1596580732708136561790326184704942794400  5.29e-40
2321.0276095519497085892257375298244054230109  7.95e-40
2322.0005119191900395450215230899608878344318  7.40e-40
2322.8506074638362733656176288726041277358495  6.64e-41
2323.4155435160038132440685419538922182348708  1.46e-40
2324.3659412206254017870746576722100616162891  3.39e-40
2326.1451695551768100253299501999787881149470  1.02e-39
2326.5727259766216092642358550145759981853020  8.23e-40
2327.2708214651617522123959944439375917707744  5.99e-40
2328.4893153914715672971163406718348798039680  5.92e-40
2329.2149810382148371530964180349566741938610  1.01e-39
2330.1628057035542155435933093003430462424661  9.13e-40
2330.7087052038446877670629466800370939525577  9.95e-40
2331.6232783558385145516709855776126318320231  3.81e-40
2332.6202282963372181047196633462457597201739  4.35e-40
2333.4297186175764395127085429338763349965702  5.05e-40
2334.7497757958899040961826168575502812224700  1.00e-39
2335.5974206805476251520293600894376166824115  5.22e-40
2336.3661793178651662502498450598254589650407  1.05e-39
2337.6047058242333574306321294943590188114000  4.61e-40
2337.9989088695025330854137368837485104354892  3.96e-40
2339.1396960919980443235037913744846808595576  4.31e-40
2339.6365348990775871126289021646377559853582  1.40e-40
2340.5390980377588901528357097573894591243688  5.67e-40
2341.8238470898502369233527338630537284805245  8.89e-40
2342.3256446358148959776344141519005959211631  4.81e-40
2343.3008550078283809184038870505130552242654  4.26e-40
2344.8259637101942165599345220124184018067543  9.89e-40
2345.5334771282669359607327403405753107307557  1.05e-39
2346.2709850271825580292381941146718560111060  4.87e-40
2346.8808576527070381225906760236996368486436  5.27e-40
2348.2112516864368745605705965171135183696373  7.94e-40
2348.5711886618917942801300643830921633017134  8.59e-40
2349.8960743712252058539288042507762277791463  7.76e-40
2350.2681948371788473704564711251940628249530  3.99e-40
2351.1756148247924087541198011252631556400976  7.54e-40
2352.7855125007829043956067727670404627838493  6.71e-40
2353.2862084127952654286429785654243669027084  6.29e-41
2354.7308558637927929582561508826027019141819  7.69e-40
2355.0252664450294834498148696535023172786334  7.13e-40
2355.9508195128045007597431085315896137452258  4.32e-40
2357.0307303211267557370570250859032289547978  8.41e-40
2357.8812686757671825754710931601088798923326  2.19e-40
2358.4791631298916058988603323678858883030847  1.96e-40
2359.1722794562286598075774845823530132784162  1.03e-39
2360.4003479395576544203459956477925938802444  7.53e-41
2361.4992560666367785621769501766878214020863  5.30e-40
2362.4343296001517723543118149779940119130064  2.74e-40
2363.1668213013713718252784246973619864198048  8.66e-40
2364.3584696644154920902565741233028575897526  9.68e-40
2365.1471975951768099410662021235150160342075  8.94e-40
2365.8219983228395561139328437758120680006177  1.06e-39
2366.4523682061023340004850215434672659173303  4.89e-40
2367.5917633648025109059445496596870419093032  3.47e-40
2368.4980565358316800260400299128693976086571  8.25e-41
2369.0874488132507554115614107837141070794009  1.56e-40
2370.2474311149340594924276398136422884099429  7.48e-40
2371.4207796402807083660328459504599728430804  1.06e-39
2372.3401503354021310278099649552260986542323  1.06e-39
2373.1212642136603734526389608715604024017664  3.66e-40
2374.1919906458156612956963333611826454092009  7.62e-40
2374.5314235030809682528092127356521115818824  5.75e-40
2375.5727750729348532784043528330345188251360  2.86e-40
2376.5949090316716894544853066607797358757979  7.97e-41
2377.4414031214505028492414312662350518291047  1.01e-39
2377.9166603831846796856886553172576976292215  1.06e-39
2379.0739166885216106981375662027730246312608  5.61e-40
2380.5106014811831389069863025368028415026144  1.04e-39
2381.3418272347432275576877324177036981487610  9.00e-40
2381.9797734615038231674656711219653500258993  1.00e-39
2382.6455499540932286119898286877625755663872  4.80e-40
2384.0686437259175359269433382498998596974247  1.04e-39
2384.7501088291107046016341813368827790327108  2.58e-40
2384.9857319928127693240980306899969873300837  1.06e-39
2386.3883109794558000950164837187683254637670  5.31e-40
2386.9353686952695271086572385127555186656002  2.49e-40
2388.1504188306706072133891082992880503881102  1.08e-39
2389.2310491497479606467769855803648914557390  1.01e-39
2390.1793708724948499682656041077348415205295  1.06e-39
2390.8876107414834335331505132035676875941299  3.35e-40
2392.0372527319456349507684663504967396160933  9.91e-40
2392.6225530348097772040998706990048108204832  9.64e-40
2393.4837609461251027400557605221422620098688  4.76e-40
2394.3988047567042590518382723007778579673200  1.07e-40
2394.9341488659066247515130487933110376371845  2.64e-40
2396.1311549981290340751763095084180666004707  8.26e-40
2397.2123931895646435996566003141302240872767  1.06e-39
2397.6711973517767599229822386655863457872883  1.04e-39
2399.2924200824582347710780546049454174024598  9.93e-40
2400.0402876752391801294966133030304084105138  7.17e-40
2400.7716293601270751839898887066371807729974  1.07e-39
2401.5350794433945432577660013157023550156242  2.82e-40
2402.2644503483913754036053067383779859619805  8.77e-40
2403.5124895997862298937372579302932388412277  8.04e-40
2404.0794391078470599357715438186619406748669  1.52e-40
2404.8482862438868399581782888900646003736212  8.89e-40
2405.7395049712125423617216716847212961796767  5.55e-40
2407.0437555760075484511166673980953857514448  8.78e-40
2408.1953320552131400464693848307038683218251  5.61e-41
2408.7115198236308082814619641954341071647434  6.55e-40
2409.7282134623924868372636122456055674227961  7.92e-40
2410.5779592386094917313675401561931195376027  9.32e-40
2411.2053079282832233755861507534397765148523  2.85e-40
2412.5436876010114222069094006905014187833534  9.26e-40
2412.8117288085603308444165197917245787412753  4.07e-40
2413.7940275810013352801704524689612144188810  4.02e-40
2414.5971465911724533381580074473191783655280  5.75e-40
2416.2688143578977308329628414144158678009068  1.13e-40
2416.6825728830570056077388149585971728314070  7.00e-41
2417.6593586053334410147808909306362934769277  3.62e-41
2418.7375179048040960428130052532276414328421  6.34e-40
2419.5554003017636872092158659044677940273277  1.08e-39
2420.2786809095796298874506557033656855361516  3.28e-40
2421.1245521825483423964333267808840378649278  1.10e-39
2421.6476310328214292838408299226034577413054  7.88e-40
2423.1319094255815291283544607856356064326797  1.06e-39
2423.5508707563411666628347701479338110760280  9.75e-40
2424.5139322900224089596842253148965017017686  7.51e-40
2426.0124780355873203742496957037089016221105  1.07e-39
2426.6271890014458131606305928843010823888527  1.09e-39
2427.5320347242306402656945656650382326974679  9.79e-40
2428.5868116514539523124557899699938559738776  1.08e-39
2429.0363204058364122392751249286176526791091  7.14e-40
2429.8869322880650095608825713526097003080489  2.53e-41
2431.0630029900084794375630051260246688763613  9.35e-40
2431.6290310824558117174464868997720255784611  8.29e-40
2432.6006743542821671516049643468402629464602  7.85e-40
2433.3365771555010916793030117627827330934389  5.09e-40
2434.8283802789861929338473948083122125596828  8.99e-40
2435.7694007674927742018366147087956668873778  1.01e-39
2436.5677920428861620735358001013261144006834  9.10e-40
2436.8802337512507101335062708461645502879414  5.27e-40
2438.2658621367791442548771922343470592157079  1.09e-39
2439.1220013755364994369452798777186592562170  8.81e-40
2439.7313339678238665235093171142202956734331  9.19e-40
2440.3940186137564006024993567757198491242935  6.82e-40
2441.4658013598503830071458509289367605306491  2.24e-40
2442.4788296205437209599782354478078790184223  4.77e-41
2443.6244551752746315278152195759804535104005  7.86e-40
2444.4723828545764285897301655640543792638444  9.47e-40
2445.3128246444288608997896350529123379910609  1.07e-39
2446.3586871433020433065584282658625932488745  1.08e-39
2446.8852249835388314029503027173095327156279  1.07e-39
2448.1278433417124854699081215320850179150357  4.91e-40
2448.4290406710879771652886919817521041689661  8.35e-40
2449.4311988031432817419281886726344833289601  7.53e-40
2450.4590815944628048156428755649073567356344  1.10e-39
2451.2381411885108642428751857799452513075207  4.34e-40
2452.6459291136604156210546854860425984195853  5.32e-40
2452.9945272871949300877635942806082339880440  6.76e-40
2454.6292100999152126677950926100968339325717  4.23e-40
2455.1777171048738165585799147631897820989141  6.86e-40
2455.7654713123158103727946324511038200774633  4.41e-40
2456.5933100661000958712753633422291149739949  4.11e-40
2457.7087099473617444697221393331231153618996  3.35e-40
2458.4843651265369246046018406010574175115470  1.04e-39
2459.2653103731178653312591655216717610134441  2.00e-40
2459.9593278277962341521869497824065100603811  6.93e-40
2461.2563621892469515065152494441606042808182  3.57e-40
2462.5258579471245760121204654268995149135155  1.05e-39
2463.1541415151152774921915014601105011956822  1.01e-39
2463.8221082193279992952917013395121461575596  3.78e-40
2464.9554919346067654651172566772345944503937  9.97e-40
2465.6520750068414725641405781001581711532187  1.10e-39
2466.3927080179796993195553114247971364001855  4.25e-40
2467.4583037143945998878169539573786170389845  8.17e-40
2468.2356920561501305371535935611169049872041  2.41e-40
2468.6182235208737520650967926575328839247941  1.07e-39
2470.4162903143799279993092826202151570250075  2.48e-40
2471.1137533299876839699022550392425655845720  1.09e-39
2472.0492758987060581041964954921010921742485  1.02e-39
2472.7515779705864237826284351069487458787917  1.10e-39
2473.8529622706652115256954817943565985576415  7.77e-40
2474.7924517651405352860117078639046211299928  9.24e-40
2475.1856407552490104175142247419102710613550  9.75e-40
2476.0735364815478851410207061706690288854988  6.09e-40
2477.0058167776938621222225154319572594887047  3.57e-40
# 375 zeros up to gamma=2477.0 ; worst |L| = 1.104e-39  (all on Re=1/2 by construction of the search)
