# L(chi3) zeros, ~50+ digit gamma_n, verified by |L(1/2+i gamma_n)| (PREC=192 bits)
3029.1668697760126597634221007699971707219262  5.25e-40
3030.0335172615779254574277932463761296005556  8.67e-41
3030.8709525340709184112027354905581928793567  8.22e-40
3031.9449143088662165643129816587938176190428  1.65e-40
3033.4324511437464084703985569351510926030100  5.60e-40
3033.7776781414921154813466831619723974123629  1.22e-39
3034.4142002394987656080609313492553605215373  4.38e-40
3035.8467712324938764862279083250798058257596  1.04e-39
3036.3761107263112684010592959103671617764298  1.20e-39
3037.1881108744213908003509554348441928840113  1.06e-39
3037.7546299942857591917737491542810954448885  1.08e-39
3038.7409264957887987257363083663007069847762  1.08e-39
3039.7893466565807370154661950696674772342186  1.24e-39
3040.3499581053748977027597886067901583641143  7.27e-40
3041.6614993615796785511811706326314331451996  1.17e-39
3042.4458021190403866088137400897495673293568  3.53e-40
3043.5636584798479486590548749925457900597551  1.11e-39
3044.1530642280346593589864960045845154736177  1.12e-39
3045.0826464994136713429077603561171185472306  1.01e-39
3045.7957339117146222817013810237336161967135  1.25e-39
3046.5176565625534301512114129050952392599381  4.20e-40
3047.4255246566161292730794169115102660968924  7.54e-41
3048.3115944449050358419449704738225906680492  4.09e-40
3049.1772897463469710271834291233750155030156  1.13e-39
3049.8480713118611150875492516766928993879269  4.94e-40
3051.1653250447169808399388115433750697919827  1.23e-39
3052.3965877160212137860533252364972677925365  2.60e-40
3052.7895320423147891973201441516344968344869  1.19e-39
3053.4891340674134127672359769656933879561435  5.82e-40
3054.3666493971645328641241193956695696089765  5.41e-41
3055.5334188124006616512006127324703164801213  1.12e-39
3056.1416247101270414016746737525313507448535  1.18e-39
3056.6705292484548618260156109299556832250598  1.07e-39
3057.7656749381541300514431035335045382376198  4.14e-40
3058.4512283361665504861133655059794255694479  2.15e-40
3059.9974375868722010926973779186390704290918  1.95e-40
3060.5518707029520398969185916930332342559605  1.12e-39
3061.4349208125643236853795555132785367243767  8.07e-40
3062.3854536266528769321047492156027354314346  7.52e-40
3063.2153053367053472259191294496228389274701  1.16e-39
3063.7877688633705121185112180889904785620689  1.55e-40
3064.9007365798907911834166192214054581129386  7.81e-40
3065.6035154095556114644635190073164245702419  1.20e-39
3065.9895459422289371222429450490490597524742  1.21e-39
3067.3660404429565691182233027278762855178042  5.36e-40
3068.2614762116258612960031105099901570985302  1.23e-40
3069.2211865825827607672832731501141064776425  1.09e-39
3069.9727608336828289879952173560515926540325  1.02e-39
3071.3273271076545815997802916119446193823359  8.84e-41
3071.6299222982931899006244450921019046070137  1.25e-39
3072.7160600835478649700426248705689026308046  9.99e-40
3073.1814910610198786591243905679493774002846  5.13e-40
3074.0622797278868646148177829813619393489231  1.14e-39
3075.2476014754980033827366186849041830397734  9.06e-40
3075.9866307084371552495586043920212318759325  1.14e-39
3076.2687364875507656943898086365480698671305  5.81e-40
3077.9490939717137312033985993477991375437592  1.21e-39
3078.7877609188583276043706736123561769063750  5.22e-40
3079.6512396963232839978421366154874455445211  1.01e-39
3080.4959954642869396223052866252786702064428  1.24e-39
3081.0529812542737673427482989652496861864150  1.24e-39
3082.1914909834597258265238939703565586369929  8.79e-40
3082.6577903799213779112075878320338463871282  3.36e-40
3083.8002743209950338346610170585550572467351  7.97e-40
3084.5195835254896886172376911362381769735456  1.23e-39
3085.0106668361031344022610605246773736424582  1.11e-39
3086.2621662766259926057038049363357211157792  5.40e-40
3087.7044509126233120865918040875879981859143  1.43e-40
3088.0500388942879052388374908689747709795473  1.24e-39
3089.1297573258972986781065956816043824816197  8.72e-40
3089.6073430396844670523775896075714113055065  2.54e-40
3091.0337889601981387026646367716885698707677  9.39e-40
3091.4208518257801687012931464594012262164761  1.17e-39
3092.2641229078104451584062118277394331493600  6.90e-40
3092.8083884055458231548793355146397626776448  4.36e-40
3094.0355009277017521790021886920679529820960  1.23e-39
3094.9067706543602679565419339933108941097207  1.21e-39
3095.6943087930890075809889395216926826121590  4.70e-40
3096.9404950165540210207854765894053653812726  1.17e-39
3097.7228931524672537067814175040414702898398  1.02e-39
3098.4413110708362711927193422842174264200355  1.25e-39
3099.5685099714958895775857589774173863682056  6.84e-40
3099.9614287390637388223638460189708819356992  1.26e-39
3100.7868533860558361345071358418619466819909  9.01e-40
3101.8449766756847050929485243818232018379065  1.21e-39
3102.4662942804101949595851209693387642482077  5.70e-40
3103.3789488136178260469867158996579188517257  1.20e-39
3104.4022809462790682530172358251193474934042  1.25e-39
3105.1868762913443244408195231514846157084883  7.67e-40
3106.5372958224896441098043847063594670459836  4.74e-40
3107.3293832905565180285678028446503250710027  1.19e-39
3107.8866494696947792146335366551302493875329  1.24e-39
3108.4324028639728439904043203727594041743757  6.13e-40
3109.7831633465286124677552036990587195707232  1.24e-39
3110.3522969386161886063818897262328770349430  1.25e-39
3111.2241248809492922814506227537341615161108  1.06e-39
3111.8675368824838904409050272766747884733555  7.81e-40
3112.6734258741583698888420673036482034161611  5.86e-40
3114.1614864676390234895068881591012082743329  1.20e-39
3114.9287860778365985514018982805070547053055  9.47e-40
3115.7156424678874331614084836366766729166422  1.22e-39
3116.5058738786276720582179660011109277325144  5.50e-40
3117.4998496045991384293727715085500249927449  6.13e-40
3118.2281893201311602207608162478710873843484  1.23e-39
3118.8670493813317611008408118300753275061626  3.83e-40
3120.0583909817818856406314446317928951036446  9.92e-40
3120.3100115692893186897783769493086586964347  9.50e-40
3121.3821014898794188336330847900095759603086  3.25e-40
3122.4962958533825743841238972936779254699628  6.66e-40
3123.5976532706765236706068093211990088575966  1.20e-39
3124.2089637870324569566892059532368536667314  1.24e-39
3125.1439639471907556513401929415382960603342  1.21e-39
3126.3061446950775246031409884448492010267348  8.32e-40
3126.8186679958957205909859507631539810869498  1.14e-39
3127.4932034834271755917007476503148134957812  5.89e-40
3128.2537164824684665102123647089122724385544  6.70e-40
3129.4114828664455831571279757741080193844132  7.76e-40
3129.9762565627903640794996245071547974651055  4.56e-40
3131.0944003281935052568594121343711585273737  1.18e-39
3131.5630694365452675717406797220514725361045  7.02e-40
3133.2646428137873985328975606844576095903741  6.68e-40
3133.9155190380410426040650521814611604882862  2.81e-40
3134.4714312955744536879355995169142667915332  8.62e-40
3135.4600238538858778841294026331368054074914  9.92e-40
3136.3427165416252027169447412168322776324173  7.53e-40
3136.8722265968513366070368375572092525321437  2.57e-40
3138.0156324466700525487628192964722920606941  1.16e-39
3138.5907320612755877784600570584482345925942  1.14e-39
3139.5585709217609278147217954519709225763306  1.16e-39
3140.1274767965550401275279110893188233899164  9.79e-40
3141.8389959154521315149315301963703419335441  2.15e-41
3142.3406365032919771521195660943171110644001  5.79e-40
3143.2853487803240225688367520435264891875055  6.58e-40
3144.0540673029448883450273740011872522300307  1.25e-39
3144.6653264573404679747020373302484906879663  1.25e-39
3146.0454442856297147331839383063519997079957  1.15e-39
3146.5459706292687888523709641856667530248758  1.25e-39
3146.9228550876926597443739124227918916710922  4.80e-40
3147.9949179481386146244348292826361225892118  1.06e-39
3149.1764794331680499013053741420731152931583  1.03e-39
3149.8944995127857259815780176559015357989515  9.87e-40
3151.0131237481240064657947175786935038665109  1.23e-39
3151.8208230309708980029843370675466401092443  1.02e-39
3152.7477071996111401713721769194092599542495  4.49e-40
3153.6785596363536079847805361514870652780468  6.14e-40
3154.1000137222894612666745352085996023625844  1.25e-39
3155.2010464988372965745912782448883872723954  7.46e-40
3155.7143617674841020480015578038927957084137  1.64e-40
3156.8196002301198805981979637916703103306388  9.95e-40
3157.4519972158734274878770269730896732627472  1.16e-39
3158.4865282140058326167880569753656077564140  1.26e-39
3159.4345227923650284160108667219569379988271  1.26e-39
3160.4667893248434873910975184973491229794530  1.18e-39
3161.3980584143444323964650254730070088684074  1.22e-39
3162.3638154355090511711030073887588342137514  1.21e-39
3162.6793395095441097128733003750507690262473  4.44e-40
3163.5368858176856249254509636659435377932608  2.17e-40
3164.6058318016147842529314886412500122012194  8.50e-40
3165.5230132967932589889726657025044278261433  1.03e-39
3166.0997851468626232883642107949259516214928  1.86e-40
3166.6411699868079777449461166476383884313527  1.18e-40
3168.0764799786975794785787195624266519592568  7.95e-40
3169.1792207326125437100214486312032433781666  1.24e-40
3169.9142880610719821656425095822337146446015  1.12e-39
3170.6115076826930314527833703069608011871768  7.58e-40
3171.4888321087374383909996730476232863406923  1.02e-39
3172.4057205097333891511544378153229528249174  1.15e-39
3173.2661700785651258002105397964632323671236  1.25e-39
3173.7667910662582109909638400527557020391728  1.07e-39
3174.6534807888080455109432409683862249174894  7.42e-40
3175.7753392760221534316598978267869822559008  1.26e-39
3176.1025866395925359235064665981190218112709  1.53e-40
3177.8778582458169157545875423868548143461313  7.35e-40
3178.3988693363156071712373426404792765637756  1.05e-39
3179.0833017410772045357168261035661457332355  8.10e-40
3180.3183592043867761202702172171611635000954  1.02e-39
3181.0207705308107628117740323840275947434286  4.14e-40
3181.7181527515327492959094275183882423661778  1.25e-39
3182.5025183295989826041963948980257178028562  5.90e-40
3183.1276479874120324761709375688135148212109  8.12e-40
3184.3007194150708089139265809642524247847718  1.21e-39
3185.0591768497910400640523117578586869134570  8.91e-40
3185.8480380407430829361339747193904888785126  1.22e-39
3186.8542894848568393807878711160031688642860  1.07e-39
3188.2715791179934328254874348364989118346126  6.30e-40
3188.7476886931448039220034373418809268095015  1.13e-39
3189.3537765946551528196052552508794110800238  1.08e-39
3190.3775151369742018291379080436113365760961  7.75e-40
3191.1501346406210941097302400985294168940454  1.26e-39
3191.9222964357080696194258707638593756560668  6.08e-40
3192.7786020342544486249106869800766797257903  1.18e-39
3193.6316180426080845306007269283913750028304  1.25e-39
3194.2271556733686913988252179859193524394839  6.46e-40
3195.5307652288550625569096151568202583787942  1.22e-39
3196.5409756986498773231915573512430651659314  1.25e-39
3197.6133173062903366142527679244592084352021  1.11e-39
3197.9296491559281199306487681000857218085483  8.79e-40
3198.7872830343770764716322690199695179515730  1.01e-39
3199.9607140753883592794441020146033486191622  3.12e-40
3200.4864637282530158291245793554706111443806  1.11e-39
3201.5577904314697496993977343069488356870371  1.25e-39
3201.9103078295767157684710091079742564470933  5.40e-40
3202.7710498874546922145804239239308800699706  9.41e-41
3204.3061035408780043867609469232354068868788  1.48e-40
3204.8620960783447187401823542054442319720715  9.66e-40
3205.8483001707957813154270551972588000153581  1.53e-40
3206.7123728184702977883310762502653629905940  7.34e-40
3207.8736974457304697867165224336647173928942  5.88e-40
3208.1424737283904244924615144367631495351805  1.20e-39
3209.1651454132464563118667625142633635664720  9.69e-40
3209.9562574284125822026875327114500650923822  1.24e-39
3210.6144639944128225640460133504972353630346  2.62e-40
3211.6546066168146088152031545640354955858576  1.01e-39
3212.4412140591899878374273452439392613321261  1.23e-39
3213.3185946852138391559138563403874008170244  9.80e-40
3214.6361625391822256067578654578401231210357  3.93e-40
3215.1841202942102397503332549838899742901421  6.34e-40
3216.2859382550142828811898682243501468393128  3.28e-40
3217.0462619418290100433778275479257012753584  9.01e-40
3217.7834445531483114216825169556730433663951  1.16e-39
3218.1576028877351582976767092956831080351466  5.04e-41
3219.6156596266137337005087602983585749261034  5.08e-40
3220.3146723099431403127493425373427226136456  1.23e-39
3220.7376065168434475838640540639570324924929  5.83e-40
3221.7240267202852683552273048712323253255159  7.55e-40
3223.0811725332684610790852687592207319353952  4.39e-40
3224.0524171703710704610466487740001102008607  3.40e-40
3224.8210220790549065110976048113608922240195  1.21e-39
3225.2527356774431452357559751188969881826760  1.09e-39
3226.4368523550193682351922526188507828402887  9.78e-40
3227.1997274177207009291540544396097847112152  1.18e-39
3228.1247515664013518002903921377240419866500  1.25e-40
3228.4363044976179210247100859398849809536706  5.06e-40
3229.6986126587727085504763997012016825021884  1.19e-39
3230.2095989331590225175423256019101712438629  9.39e-40
3231.4499512838197710158989399623468634427750  9.03e-40
3232.4985556837463491904570603361847371781012  3.64e-40
3233.4561107439169591578437927566985318201561  3.52e-40
3233.8738953280837350419755309631507800654392  1.18e-39
3234.9865204800147299315235710270542600266561  4.26e-40
3236.0673921243866803113355000913002808263948  4.13e-40
3236.3074138392346135057587939618115255774018  1.28e-39
3237.3387491550900923792262048789750525144427  1.15e-39
3237.9084238248599699720651581992170133191604  6.15e-41
3239.1471586340965135432426099988209542295530  1.26e-39
3239.8781205004401829084785837767507631179668  9.96e-40
3240.7190486977701153681151476579852525448861  1.27e-39
3241.8747717868547119395503888431960436628781  5.36e-40
3242.8414455629933094776542365309531210962422  4.65e-40
3243.6167568852612003569363229256899208125873  1.23e-39
3244.5018790194555480738709327257451613895615  3.35e-40
3244.6513826467133865206055999621715551027653  1.12e-39
3246.1688831899906200135750943114833489243466  1.09e-39
3246.8058092427734718657891885553304079331510  8.89e-40
3247.2713522682501152183544321646347492079103  3.21e-40
3248.5638824258628739773543561650423945185612  1.27e-39
3249.0622027576129899204153268122591353500411  1.13e-39
3250.4331006345804634046673511776340204581896  2.20e-40
3251.4625450777836936726368964158863792185052  6.89e-40
3252.1010523192623077552460459973183947462137  1.15e-39
3252.8117405442380030783408954516088065604600  5.67e-40
3253.6732285199646808289156946518321129701781  1.05e-39
3254.5239494764782237046721916644736481158524  1.27e-39
3255.3930028109192861335236417794214298994881  1.16e-39
3256.2166225113716125892693866874044075477301  8.31e-40
3256.6981103527365572029555298047009937116858  1.37e-40
3257.5970417259362829838382805311294088036120  1.28e-39
3259.1639797307079000391800940916046360382285  3.37e-40
3259.8669820354093619061375232203649498529558  4.56e-40
3260.3133493341834642822290377124181761172377  8.86e-40
3261.8120866860989739616717882533525029269529  6.67e-40
3262.1536455934252169445158347219295724110725  8.80e-40
3263.2300770351479036013520377735558640304875  1.35e-40
3263.7972016340190577551824677489816734296011  1.03e-39
3264.6006706297397705727421135979742923896040  1.09e-39
3265.4335469930308808305167610015133576686062  1.27e-39
3266.5190603421674616325304016169304453894338  1.05e-39
3267.0113254241785757081197316005963219217082  1.28e-39
3268.4277542332394686401902072668396888440492  1.05e-39
3269.1056415250494027654057356714190571099350  5.91e-40
3270.2146752971116723678285353850193595497745  4.36e-40
3270.8119398398342759325336771419780312876341  1.27e-39
3271.8575235507130625308392653243341023227814  1.12e-39
3272.3394148316848939186922940495530028660489  1.27e-39
3273.0837770496333369955234185515073747027501  4.60e-40
3274.1749499900990403849743175025669145643261  1.13e-39
3274.9971083519869741765489867124670905387637  8.86e-40
3275.6946303693366220692386406337934265706578  1.07e-39
# 288 zeros up to gamma=3276.0 ; worst |L| = 1.284e-39  (all on Re=1/2 by construction of the search)
