# L(chi3) zeros, ~50+ digit gamma_n, verified by |L(1/2+i gamma_n)| (PREC=192 bits)
2765.1307498538736619946469515851473568840685  1.17e-39
2766.0379180395244224662256083696913532422887  1.14e-39
2767.1447155219470357887273019771409884333503  1.02e-39
2767.5403230272731202122173856164016863629735  1.01e-39
2768.7430623291178085686576361301485488386893  9.05e-40
2769.5545117062382213147781889936647787074574  1.16e-39
2771.0775295029678720771976774650848131918910  1.10e-39
2771.5819086192703692613338905345916974548194  7.99e-40
2772.4141087612010769188802335505034319238943  1.01e-41
2772.8709435985648855168907618832660141475803  7.83e-40
2774.3689479186183065872056884253492358047201  1.03e-40
2774.8275213447372933286462850024678674663242  6.95e-40
2775.5833600986989700385796489674478376308306  1.15e-39
2776.4080916383178292310309806367086541122732  6.11e-40
2777.2655300818799752552176235311150876616098  1.07e-39
2778.6467080083553885960873542357243741281532  1.03e-39
2779.4488866065834261454269499349699009134473  1.87e-40
2780.2439170552330161185998203149095873971291  8.14e-40
2781.2505414123311268184790426011391496087138  6.32e-40
2781.9277985716385351581742748589369407896407  1.50e-40
2782.8813288561181637025575181273574528514664  2.49e-40
2783.6291680677760512875799103364813764674619  1.15e-39
2784.2862974993939790350307089715466264645037  1.03e-39
2785.3216339393900906662880240803074236059015  7.64e-40
2785.9065744657168001123086859801066897056093  4.62e-40
2787.3454162386356789334793749970529761578877  2.93e-40
2788.0512822685135184767060419073778548689579  4.01e-40
2788.9366895534512772984664470192272584457790  1.21e-40
2790.1112290672813644734165794052330263363258  9.89e-40
2790.8274594361600899493806105446581131339612  4.10e-40
2791.6457947916351839803036152736980574751212  8.86e-40
2791.9902797940832784060239560174556100572227  7.31e-40
2793.3158072260109944828004208301054673049898  6.54e-40
2794.0387447594605718618232159140008836240815  1.19e-40
2794.8813054066387438133229209856435381408237  6.43e-40
2795.5648644605376845221852174679878582326265  1.03e-39
2796.7599811720599151091328274837341580744658  9.15e-40
2798.1490157421652952912909164925264993636331  1.15e-39
2798.6604560380860319890608878278308619062149  9.39e-40
2799.2098104968826560491150805550548285281001  1.15e-39
2800.6342625020190243577487326157695716387413  1.05e-39
2800.8872130207130415532694432232027105780907  7.78e-40
2801.8943732885861962894350297776612208218144  5.78e-40
2802.8848949808095453137603319518567443296375  4.54e-40
2803.6413651176114510972589098403799428084559  1.18e-39
2804.0944935509291190230694828765291519053904  9.17e-40
2805.5853010147393488976457220158465589050466  5.77e-40
2806.7138400003391674839241469403904191725168  1.16e-39
2807.3783815372580772452448507356960852441122  3.05e-40
2808.0612663796729957777063285720083765460538  2.55e-40
2809.1043564441907771782161724471187128346857  6.83e-40
2809.9547634592187735071215638802589877608500  2.18e-41
2810.8384023970109433620663220880053072229776  5.34e-40
2811.3512383164979889335340524029083236400574  9.30e-40
2812.0184817118728117736406360695893653691083  7.17e-40
2813.5745164522338273522783620118613691460394  6.94e-40
2813.8845333970022225535802239604422912436668  9.21e-40
2815.1726295829339655027160368555841824567605  8.74e-40
2816.1465664600629370410211992061190497475224  8.94e-40
2817.0685676823249167419977303824577527300606  6.71e-40
2817.8362828981090500642396202550101051097271  5.31e-40
2818.5869758719104803702413310509583372086507  4.34e-40
2819.4145784402302412835614871685751127745467  4.37e-40
2820.1614173259640796315406884565697998016804  1.18e-39
2821.0787088296281900296657588215662374710711  2.03e-40
2821.8971652438578188820483976671254688783111  6.99e-40
2822.8088311441789015501948541317903019243740  9.50e-40
2823.6584530819271230090627322539991423768224  1.18e-39
2824.9727375484021563531297132505303478183409  3.29e-40
2825.8073473226274284076881771873019914849575  1.20e-39
2826.6214442686466716944106535720586295876942  8.12e-40
2827.2937224204332253865076830007673194972129  8.69e-40
2827.9175144991858483254584437236457397092242  7.33e-40
2829.1965401604234509578648940666869722958003  1.00e-39
2830.0163562663825662416180935068556117865186  2.43e-40
2830.3717865144831738047905486589330601060328  1.04e-39
2831.2475020118291513408688858957764201594453  1.20e-39
2832.6373226657934985037496534929636443420882  7.68e-40
2833.5991145662505035020584191792264342096373  7.35e-40
2834.4329890479836159659641233688161814868785  5.82e-41
2835.2548476103712207795913821499352037618744  1.11e-39
2836.0010209593419257200981133079081634823329  1.07e-41
2837.1868723303714464501018533333028583415499  1.09e-39
2837.5529562290462791555218641936377660759160  6.50e-41
2838.5477277959121601969609166348314176292221  1.07e-40
2839.2444458189648180451011300672620236229556  1.16e-39
2840.2383867641029179074056825319271422071320  1.11e-39
2840.9664881485005234970518982936030707177813  5.66e-40
2842.4696567199409131233734311934967802294750  4.19e-40
2843.0317924139521999178616164742184484980314  2.38e-40
2843.7870309322041869682836959442434036405242  9.51e-40
2845.2390424408416101195317747637137026453296  1.19e-39
2845.6577995743569551699546176953971958759715  7.96e-40
2846.1680918745015682147177020383776000475763  1.18e-39
2847.3908449993997391256914281715242123097455  4.08e-40
2847.8539028202217310628248627895564695217901  1.03e-39
2849.3407140321417089673837912346259962036418  1.20e-39
2849.5067090827454329648158701440462816407320  6.81e-40
2850.5992586840595597602927876300809703911278  1.13e-39
2852.0028858635839787425428500133333823063088  5.15e-40
2852.8872835649466228777721861430120006729247  1.10e-39
2853.5113149439457627005222535153244706384321  2.10e-40
2854.2571384640912514300414212839434891805032  1.00e-39
2855.1919675391672077530820355621414547900211  8.83e-40
2856.1087293664720487481052053309507786851658  6.30e-40
2856.6993582214187806053926881852866079065239  1.18e-39
2857.7015919264603088279399565181468624897229  1.13e-39
2858.4357340947836422744479622851161442512673  5.85e-40
2859.2120193943707614978382781004257903184374  1.19e-39
2860.7117257773607047378882271794776503223981  1.16e-39
2861.4745710318433224537108970085838343931424  2.64e-40
2862.4232986915166673480442118356904282518944  1.50e-40
2862.7588154709697675770873602347754712286223  1.13e-39
2864.0540075073617196181355011943229919612959  5.82e-40
2864.8712555421487680752873428218352077101656  3.39e-40
2865.4906611646124127361650110086274151600395  1.72e-40
2866.2321781469862163548567638429704707258257  1.16e-39
2867.0472080903996144164281054144157677412739  1.88e-40
2868.1412403326580724790333094045108124046159  6.02e-40
2869.5128704160952830313295420052561026770560  7.49e-40
2869.6236603118496672469686714818388918999979  1.14e-39
2871.1650871661704811922058536974548650315416  1.11e-39
2872.0410985785530668244641848321467676757918  7.66e-40
2872.4165552082021744267866825902862452612835  5.28e-40
2873.5868870029383141952724223598918338324033  7.07e-40
2874.1108994854880607659690025514820515680651  3.20e-40
2875.1087879098933654534417528149673627705117  5.08e-40
2875.7976143968421872603730335546508075506320  1.04e-39
2876.9534484900400374284993813758946127631393  4.41e-41
2877.4659657733295663574047828700082592504240  5.36e-40
2878.8833312444517807079064781809084414087016  6.33e-41
2879.6961236119808127732272792595774279342689  1.09e-39
2880.6281776581491629898179942224132548929203  9.72e-40
2881.5256488311000447056895777498269032368692  6.49e-40
2881.9836400959160046646183837367841008275098  1.67e-40
2882.7857865497170446489667489722414496320361  1.02e-39
2884.0370046141248549593226557001289583711899  5.80e-40
2884.7811880326226434205000857125564192141447  7.48e-40
2885.1545531598174103205391106482860725866681  1.16e-39
2886.1495153338143223334665884271560196695659  1.19e-39
2887.7123736718757892199940891392259367367203  1.20e-39
2888.3341378985614354593419617045331289530795  4.03e-40
2889.3507539495305540168923002272112624875576  1.15e-39
2889.8708026431671767664400178136147398268604  5.30e-40
2890.9343993116121910506740367834634533205798  7.47e-41
2892.0290051351206540130451319134359760838160  8.14e-40
2892.2045660528180001118569405420110179488342  1.20e-39
2893.3494739564424678731111672437942850053435  5.92e-40
2894.0890475203782956693562680688054668559876  3.27e-40
2894.9260547139075441254524672419732726594017  4.87e-40
2896.0559020395862522104256623393853795177918  5.35e-40
2897.1726381240406588785383082719676819035657  1.15e-39
2897.8900579446982006796714283668257373399454  7.28e-41
2898.7042828818892957302399566304828692277360  1.10e-39
2899.6983836331881158974110386353184405711513  1.16e-39
2900.5834212609493337459406065281567753612985  9.03e-40
2901.2320142516799934369371685261481433175050  8.93e-40
2901.6303094547895330659016079674910890556366  1.15e-39
2903.1207630509466842685312707802119567360646  9.66e-40
2903.6340672588493217476882208933383391891559  1.19e-39
2904.5808446007860332428198632291018603705429  4.82e-40
2905.5074029842412788846068601985652868217554  2.40e-40
2906.8140278686678090758341498327738743501486  1.10e-39
2907.6209634067690259907227111142384222048548  1.11e-39
2908.2799592587045580275093315024531955453843  5.33e-40
2909.0238418458869503701634918398531188371584  4.17e-40
2909.8264750374969276608830838436516243963477  5.95e-40
2910.9574072464761819952929292964386777728318  4.30e-40
2911.5681364082367715113293997189852772380598  5.50e-40
2912.1255418489124338658516875516779725737073  1.20e-39
2913.4760782198714218989493905220257264664768  4.11e-40
2913.9528424489905634743644887434903620633739  3.16e-40
2915.5735456683794018238034177700078803468125  1.14e-39
2916.3194544452256476980785297377906394715032  1.08e-39
2916.7970865951139697748282300762113621013687  6.16e-40
2917.8037167827697968825660854760628657385258  3.74e-40
2918.6778686831667378811300982021384940119581  1.13e-39
2919.5104864226112405097445879055164330708688  5.65e-40
2920.3600591441368722959171945889452177954762  1.57e-40
2920.9117576202988894661687561033885786864776  4.06e-40
2921.7038482157521934222918789115932598878002  1.15e-39
2923.0639845472400871617895175978151785990748  9.06e-40
2924.1066007461433712078964946512447154028671  1.15e-39
2924.5581033046230695617880717800417215992995  5.99e-40
2925.8019540728087902093989552604152341521440  1.12e-39
2926.6808273798169629018817357368115750461286  1.22e-39
2927.3834954884255130035185964623263139019979  1.72e-40
2927.9666372354853229663489287086496721540968  1.23e-40
2929.0665697880495083023085487084473221068365  8.91e-40
2929.6043312932273025981711456465979304321096  1.20e-39
2930.7524541491162950858996703069397482288112  5.54e-40
2931.3598438413898058742458678911831477004163  4.63e-40
2932.4924649236339765379556900220845316326287  5.88e-40
2933.5925205942683422183783773309903882827955  1.14e-39
2934.3425393630399315333422674756467618594671  9.80e-41
2935.5331170705350960925892542896693982210318  1.16e-39
2935.8583717040225447893669103133429415738750  1.57e-40
2936.8674210243024654612565588544539287984488  1.29e-40
2937.4776110634830831486755269923950671805379  2.55e-40
2938.5841225784245682955475401708089199214970  1.01e-39
2939.4445967901849405943889668605563988168450  4.87e-40
2940.0091536256999366404417972087068679317046  1.19e-39
2940.7867301957946326776710359169437209799035  8.07e-40
2942.5210004226703068121520071110828057119928  1.19e-39
2943.1755254442073189934364306663968231918672  1.21e-39
2943.6823427617783948654967697101842724640541  7.88e-40
2944.7292770204777269346145504481916427115250  3.23e-40
2945.6460709813989505352042939373010238164130  1.22e-39
2946.3040226981828251293581303274200534619813  2.00e-40
2947.3334513939741330229542398450944993779275  2.18e-40
2947.8075062820975615897509325689124462403702  5.19e-40
2948.6504833172040823973803027973414010476601  1.07e-39
2949.8388951893281722002347526975663545491090  1.32e-40
2950.6349118237769289118096112113114504654937  8.55e-40
2951.9821047491984357628521239936147647381974  1.15e-39
2952.4340711600786571288715076535048499842794  6.01e-40
2953.4658108572246002801673049455849999913250  9.35e-40
2954.1630481870743274054431722461169813874834  6.27e-40
2955.3866597712800544294937996825190719775827  8.97e-40
2955.7577125085510063966545850168762669378982  3.97e-40
2956.3107420106660722241863725647574501653252  6.22e-40
2957.6357390709868873048205847009706081003506  1.21e-39
2958.4139819249342141081875904996661913615346  4.79e-40
2959.1855189009089259569190929473179738337382  7.09e-40
2960.3441710858434595888159335714670292102192  4.90e-40
2961.2436551664585832557287612702077136776803  8.67e-41
2962.4195465494652589104464610189232476653969  1.13e-39
2962.9721118018124032490468893572468429708027  1.03e-39
2963.4086351924183148359517246850382327632076  2.22e-40
2964.5765541946380741650628041992352196751440  1.18e-39
2965.5236928593478895240965163292023302647986  1.13e-39
2966.0568261850194444970632617265554801468907  1.09e-39
2967.0329461739817506848296390224588741387541  9.98e-40
2967.6944368551824583828364640712326248910246  7.57e-40
2969.0477180207461531412067984614155806780992  1.21e-39
2969.9482802386731473628925978636850842347422  1.07e-39
2970.9077745378971791312488116623098740351211  1.06e-39
2971.6737367387848214177566465516984344607344  1.13e-39
2972.1822240166824756921806077620266865844969  5.16e-40
2973.2879298891814499172386166707536579304888  3.84e-40
2974.2188462506083129202935581857831104969249  1.78e-40
2974.7331094048210088243212096325601310298542  3.11e-40
2975.7668110719473298929498629070362293808225  1.43e-40
2976.1387425559085605658987602885212549882191  1.06e-39
2977.7863528595475842740495154644697141752961  6.97e-40
2978.5268313227899339461369670866834555849774  1.22e-39
2979.5878701870639693051313337365326696089883  1.15e-39
2979.9450254635884122954952150916743904937299  7.89e-40
2981.4920246629924131279374791219784345273327  1.18e-39
2981.8902437652582989362832318147999720956880  8.74e-40
2982.5980820362815106695929387670528536124756  6.55e-40
2983.3587021293729638516462950470599250864462  4.13e-40
2984.5605599086649887306031153912668347932171  1.23e-39
2985.0201395545055468905359974877361268070292  1.07e-39
2986.0521300700187148306601373497297615573533  7.87e-40
2987.2119189334426861952010623566765072279995  4.12e-40
2987.9616756773220206258661050024442164711779  1.15e-39
2989.2186173145266168307102747521879578293971  4.57e-40
2989.7003122021202259546517920581456600543226  2.41e-40
2990.6152827055672330964315892977940663303778  6.90e-41
2991.3902889910418076465598795261913981371382  9.87e-40
2992.1194023883185620697598931901348044034676  3.79e-40
2992.9335519253321828523040125832285780614805  9.55e-40
2994.1486691637164503595140633833129665788230  2.84e-40
2994.5410722322369906303782402582113844897394  8.91e-40
2995.3598993502307529908578742948784435885453  1.22e-39
2997.0249207884882340017857028632630581797810  1.02e-39
2997.8010723052593461767309544637963252224796  1.12e-39
2998.2504261974807296690002817805366297801335  4.98e-40
2999.2102149332113421409894567489716999279615  4.78e-40
3000.0647964887914712441876895971397169071862  2.12e-40
3001.0232452991969501528024582750524146099736  1.21e-39
3001.7076010296357166622758101868443820818140  3.72e-40
3002.4025442791675575959889612341108197822525  1.10e-39
3003.1797008082525226024443409401083664177803  1.47e-40
3004.2965197874137461030184181180546779064341  7.97e-40
3005.3925194411465499184329256077062017526785  1.22e-39
3006.2019254989347703638044112288426066355271  6.90e-40
3007.3135963140717633325436046880839317138220  1.20e-39
3007.7220122551642988901723523063176503945416  5.12e-40
3008.8155702368128426403961123536216194934550  1.11e-39
3009.7262231009729327252618967586527890954083  9.22e-40
3010.2126291964873071364451932681007358610224  3.68e-40
3011.2171394570800004878176128434924148948911  6.20e-40
3011.7284548221356494442931054981968398944672  1.37e-40
3013.0350675725135217746946568049570587306585  5.09e-41
3013.9173303226077660641869061029722105568063  1.24e-39
3014.6020831846370342154716738385779416314201  4.96e-41
3015.9979512270198024809778944036773992441280  8.76e-40
3016.5886069973646628665288931433053523983926  4.44e-40
3017.5607323297191840210118517727179746932767  8.28e-40
3018.1485035589405285739924953448504138140833  4.98e-40
3018.8029133965486796245105682146589975572134  8.60e-40
3019.9462910676016140208598744246446544750492  1.23e-39
3020.8361247874082300535011878971349579281742  1.21e-39
3021.3142989041512447071784579242266010319382  1.16e-39
3022.2030911323355161111966528806989177302148  4.40e-40
3023.5873293760322229724141540238311247369282  7.16e-40
3024.4864099161702946936036960645072646741196  9.43e-40
3025.1918134453046931653407948542296875803105  9.73e-40
3026.3182111532631945088560667430020455893328  1.20e-39
3026.6850662228899808814634357315104058629056  7.02e-40
3027.5547493867453574212483058075120567465383  1.36e-40
3028.8466526681872860634398550015918105105732  1.18e-39
3029.1668697760126597634221007699971707219262  5.25e-40
3030.0335172615779254574277932463761296005556  8.67e-41
3030.8709525340709184112027354905581928793567  8.22e-40
3031.9449143088662165643129816587938176190428  1.65e-40
# 308 zeros up to gamma=3033.0 ; worst |L| = 1.238e-39  (all on Re=1/2 by construction of the search)
