# L(chi3) zeros, ~50+ digit gamma_n, verified by |L(1/2+i gamma_n)| (PREC=192 bits)
3272.3394148316848939186922940495530028660489  1.27e-39
3273.0837770496333369955234185515073747027501  4.60e-40
3274.1749499900990403849743175025669145643261  1.13e-39
3274.9971083519869741765489867124670905387637  8.86e-40
3275.6946303693366220692386406337934265706578  1.07e-39
3276.3656518483768147244286978473938483636983  1.28e-39
3278.0737510843994152412363290899775941365142  4.70e-40
3278.6885134404383901617329159815296115236799  6.58e-40
3279.3281525399990455032782607107153556572577  1.17e-39
3280.2318870525708776817615045215924251390848  1.26e-39
3280.9328824401118250699940525410852440550173  9.24e-40
3282.1040290954226742309575250887688606435372  4.52e-40
3282.5379464630987421737871600606502440403190  8.22e-40
3283.4655698795536384528150560863234326121731  7.22e-40
3284.0414404337867253509806552116390433052470  6.25e-40
3285.2063190061664605246230974229373217563809  1.27e-39
3286.2446464165402509580318565092651222006039  1.10e-39
3287.1163618524818119833582089153232091425580  1.26e-39
3288.2988855879622370773453609679148070053015  3.36e-40
3288.5299033540493551347505801129951709021528  1.05e-39
3289.5879542869228956933051239849845019040687  1.27e-39
3290.6371377845976958664887891029769139473475  1.13e-39
3291.4223502660213632793600565380280568242039  3.17e-41
3291.5545273161753007205890080798302095684105  8.14e-40
3292.8567863033576378716429610873488892834140  7.13e-40
3293.6884256686380190845050654319716586294864  1.21e-39
3294.6004116568802035371505261970321881800104  1.27e-39
3295.7355649754423189161028318791524078942003  6.12e-40
3296.2812826195882644397413395448574647659709  8.38e-40
3297.6963058227882053276112252278104496102670  2.75e-40
3298.3147506041146676314196578800116782280563  4.69e-41
3298.7913288484989666412753637090795038531345  7.47e-40
3299.6843389332780255874059983932186092331023  1.04e-39
3300.5778018416289170833023956223089850366074  1.22e-39
3301.6084534892490068030183387970733581996816  9.67e-40
3302.0474813082402404146894711222662985888309  1.28e-39
3302.9334884660797478504559265427056586610636  1.16e-39
3304.0839602692591229714534745146027399547892  1.04e-39
3305.0444245259671178228761914461241758231659  1.01e-39
3306.2209541424223134464913930978006963051348  3.53e-40
3306.6137400472559435588964771357345129266895  8.74e-40
3307.5172092153292833948298555691018457083847  1.09e-39
3308.3846915735770730019856061843668892061769  1.27e-39
3309.0176438355899855281576804011969677514884  1.21e-39
3310.1832824928698522120830759566688398665062  1.10e-40
3310.7536314489951970493023920888696299577765  1.07e-39
3311.3206875589373716237649237383243738233901  1.01e-39
3312.3846009211723886606028677173419467021121  1.28e-39
3313.7302624277498707173307060545632269594121  5.70e-40
3314.6798580223749649913336946051484009780966  5.42e-40
3315.0281302374177820131323012231059413797864  9.52e-40
3316.0098474647799603003855648967203049036354  8.09e-40
3317.2743662282910527951605550819002818286110  1.08e-39
3317.7028034252042089151315901736033392262711  1.23e-39
3318.2886004928624084131234717729063984850282  1.24e-39
3319.3140595681749525289388348848192031046630  1.27e-39
3320.1000378098940401490289234546079880020852  9.15e-40
3320.9450407264026231388899589853872062224822  1.04e-39
3321.9345662556879000455737302770899420576953  8.71e-40
3322.9443827928052873053731251039554976262762  5.47e-40
3323.8187088379863350364944550898015402362990  9.73e-40
3324.8412354320298604824274283230261931626781  6.05e-40
3325.4138115726584285563087070556466101574874  6.80e-40
3326.3210622605726281935436853036875983015592  9.23e-40
3327.0663195036499178001623509252586269835100  1.19e-39
3327.7917998659953652572627865247336281269618  1.18e-39
3328.5416336248164165849971926143727201018586  9.88e-40
3329.7858386140883718005776124039727762931450  8.19e-40
3330.2581429583666789324072653656897122944652  1.24e-39
3331.0277135783686810831918430726616250891464  9.70e-40
3332.8751587654899576369106861217165301005602  7.47e-40
3333.0098294978808205061518139268579836271798  1.22e-39
3334.1971829531268784224382505591118445874513  7.37e-40
3334.6002501515201554744752209246104179164983  1.28e-39
3335.5949408745214589622102172240244568230264  1.25e-39
3336.5523974682818500638768251050982863018163  1.24e-39
3337.2776087144247166164182790982963338514174  7.10e-40
3338.1030904503336926972177892177991280041494  1.22e-39
3338.4621625632367713986081166788359564869179  7.93e-40
3339.9729703078015340520741531324196678745896  6.45e-40
3340.7484317510591005940445004710596672490080  5.42e-40
3341.9043614980605041064718485276584837998935  7.88e-40
3342.4955789333447035651932189778337518689122  1.23e-39
3343.4071174932713628572446004953502821962835  5.92e-40
3344.1322544178291046136458639469536826723760  8.77e-40
3345.1219856731629743645130325924912376335370  6.73e-40
3345.7255504110546758304495304303014515528415  5.59e-40
3346.7606551941833310918728823342995237674318  4.62e-42
3346.9589136034058621562122342806606924395848  1.13e-39
3348.3893029664700368563915517392246433654819  1.27e-39
3349.2396898976732975229558396961352832473179  7.68e-41
3350.2385469201349343547857577413275245325097  2.42e-40
3350.9823028872968238522277580434133105016475  1.03e-39
3352.0355487315675709429727101083827056358552  4.92e-40
3353.0174415395944795829050816197976793503573  3.00e-40
3353.3853916305731262971427612782741140797493  1.27e-39
3354.2012270576140110426811710733880218904294  1.08e-39
3355.0470860197783582318032207729426693269607  8.57e-40
3356.0694982904882397746186729416970901229095  4.40e-40
3356.9549281633819502668452074268051040054272  8.38e-40
3357.2197770300677385664737528857525419358264  8.47e-40
3358.6734189985304153761307184476787702044588  3.48e-40
3359.9163426415500348631134615202903089965679  1.25e-39
3360.2331739387187368720678945375125167255200  1.28e-39
3361.5022138366306028962409033142481637779217  1.51e-40
3362.1317624166293357919029811656117315357892  4.63e-40
3362.5446627730500609289609483768020902035824  7.26e-40
3363.9683117403017516636611599579971072456566  2.70e-42
3364.3778733842323631585408265812853423712964  1.04e-39
3365.2288220392810254781998460012715666721445  1.28e-39
3366.1880529535127951449843049749647675134720  1.27e-39
3366.7043678154759536688229803068617937762660  1.26e-39
3368.3521081252021217919158004486466768906504  6.44e-41
3369.1323225153232059240124042915984940422571  1.10e-39
3369.7095599558156932317661632136515463120140  1.09e-39
3370.4027743716123485013618203257872089165898  5.28e-40
3371.6624791948727489141408911761761818410541  1.23e-39
3372.3990429444880770586202701654231740194656  9.77e-41
3372.8463304220155660117728798619590355757226  7.94e-40
3373.6448168142725101057984271099305490545574  1.29e-39
3374.7376356525927689133485012328316379806672  8.58e-40
3375.3562846597864955570913547266319809527222  7.43e-40
3376.6169408936176849467282080094364502330418  9.72e-40
3377.3265097553631506538826645553133568855538  2.33e-40
3378.4143476721924563845827826037046499287678  6.77e-40
3379.2477686251584004153331877041351456179076  1.13e-40
3380.0009538309556971399226301293893435220480  1.17e-39
3380.7110067751492971982436889343881493691267  5.92e-40
3381.6874763643734391037336863084111781213745  4.34e-40
3382.1687181129278359955941463943104905426734  1.01e-39
3383.1311071083093576627977804769855795448678  9.61e-40
3384.0697013072054892338559050534862024182065  1.02e-39
3384.8569467557199202161016593131988450668205  1.25e-39
3385.7146314363018817779721438010688357023024  4.04e-40
3386.8668392034133810583388050210220358058633  8.99e-40
3387.9834583143168809370525294858946186697686  1.29e-39
3388.6007178011210511279584693487892326931582  1.92e-40
3389.0347798703089383583196054579963458791780  1.06e-39
3390.0368246020282724074060153186930698244876  8.15e-40
3391.0486986080727822769766326162831151066643  4.51e-40
3391.7344583727633929161665265611573018365630  2.53e-40
3392.4972699554598817021317567275737279847067  9.49e-40
3393.1302002281111335830740143834625335705478  7.29e-40
3394.1659079250159015504051433226748480121614  1.12e-39
3395.6676705390426611294290445663205901243197  9.93e-40
3396.0489932289709810396429204466191487485849  2.67e-40
3396.9841504514812662619703739177707490806566  3.77e-40
3397.9109640047507597987395561033802382913801  5.35e-40
3398.6959713462078500502185967815010058968724  7.98e-40
3399.3141123096138665009906874888845934023356  1.17e-39
3400.4135640199287852907459954935174032843481  4.29e-40
3400.9763048438895673938803348534382596428994  5.64e-40
3401.6639799611300447700958373363437153151169  1.23e-39
3402.5931170369355462937968244723429985981569  1.18e-39
3404.0050043981319958073379748528153302722214  6.12e-40
3404.4722670577048587804252956598233925843575  1.69e-40
3405.5659712895082838505400005953397631476865  7.73e-40
3406.3913431181805348677735028677309173537919  5.32e-41
3407.2441038716356379604669218186721003765437  6.97e-40
3408.1256243057492071641620481921588174111985  1.12e-39
3408.8121244921897874116562295423135651582391  4.91e-40
3409.0955656192658006844671161514378020377866  1.18e-39
3410.7388451291959241852590246450886583675449  3.28e-40
3411.1425184715036853360220956065945050186086  1.22e-39
3411.8385709260537857059359815913441991289454  6.65e-40
3413.0478025298534066901800293568559197566427  1.20e-39
3414.1769765985504580727555112697092014689659  3.14e-40
3415.0359929823605691304928227571757096334299  1.23e-39
3415.5729001734438493051729330276510866351439  1.08e-39
3416.6822253586233225256028392890008736535714  1.75e-40
3417.0755030612877253380162840616301520933261  1.19e-39
3418.1605773862090629049569306832668460299934  5.45e-40
3418.8804471907641290609338337013801058318898  1.28e-39
3419.7820398612639130990110763764733201337883  5.06e-41
3420.3901910342066668564165420315622567920945  1.26e-39
3421.3072306215789592117792812758869340196782  1.18e-39
3422.5460193094492805275360121474255928067760  5.48e-40
3423.7543229232611707850543801347635968708091  1.05e-39
3424.0917504008441607192077506061803364416974  4.72e-40
3424.8141292070292612091908093198174520989517  1.29e-39
3425.8941853790609489559234866264014557181315  1.01e-39
3426.7529809379740574561840011172102143364310  7.16e-40
3427.5216679486571868995711087707408579289257  5.03e-40
3428.0715966202991486202762528742792835793479  7.10e-40
3428.7485923658962676912372860083174766779932  1.15e-39
3430.1523835607181055157562402832871205485037  4.97e-40
3430.7135126824436916903922733395951209313041  1.28e-39
3431.8898409931267417237803140819689099785275  6.07e-40
3432.7993774226416344527110928193192185327104  1.25e-39
3433.4392355344169416137484533618302309087446  5.08e-40
3434.6108366564306526176866831879016069712428  9.21e-40
3435.0848971142327614805296399095180135490665  2.66e-40
3435.8142779918624275068066802166281477896381  1.08e-39
3436.7939566561945084280819311627561017793980  9.55e-40
3437.4630231219674747563498914971908681953278  4.64e-40
3438.3539769607326126353608757117243983252663  8.22e-40
3439.1957339097306672763317947760639836772512  1.24e-39
3440.3846410543223403495244087630965150689724  2.19e-41
3440.9207966666545517391328206115500606731714  3.01e-40
3442.4139535678751737877121200970905797080098  8.41e-40
3442.9597127413010480077341916676959709591579  6.38e-40
3443.5275952275942859159053199796551491687781  5.53e-40
3444.3337028156780059095528259990073426804560  4.38e-40
3445.2556020062462020048439792238750460221752  6.17e-40
3446.3100157135341992032948520986360927287082  8.65e-41
3446.6977098548445414606754993138764049507625  1.09e-39
3447.7151318253590443032437135155258082778351  7.57e-40
3448.2816919069674222141871591902696303983181  5.63e-40
3450.0074947701221330702896153262682716364398  1.30e-39
3450.5498928597078170363943645296785941670236  1.26e-39
3451.2674294673640195737121188653482950582428  3.27e-41
3452.1498721226338652265492983204181536450483  4.32e-40
3453.2213822600215692423197458277315055373120  4.02e-40
3453.5756178561572408291190822187048788490575  1.03e-39
3454.6851244214539829089808088274401655940897  6.99e-41
3455.3595546762884417125970080379460544623758  1.29e-39
3456.0715241778937114133886735328740149145495  9.72e-40
3456.9023189710536927905301662728875518099653  1.29e-39
3458.0553348574060928798384308635461237533294  4.90e-40
3459.2247018346724347611726575514601866722241  9.29e-40
3459.7386593938579372316046387394438413591193  5.44e-40
3460.5892760913971675888110837626526491600146  1.38e-40
3461.6897578615119740239103886213964746756001  8.45e-40
3462.4282924751403413590904943510861629824600  5.43e-40
3462.9731993943825846941330984130766489938884  7.72e-40
3463.7938703003965590184831412606243229211554  1.26e-39
3464.5656458079089823237149201768917698454621  3.96e-40
3465.6505262709166489682184073394654181124091  5.37e-40
3466.4877159765210289154825825199868236002342  2.39e-40
3467.0094396148988688654161959530370596562053  6.41e-40
3468.5974056180272597912708104974739339942403  1.06e-39
3469.1936729240795786962330738579732179952422  1.12e-39
3470.2674280859689587715452453518462510089355  1.30e-39
3470.5135855783757029516919779642455760964693  1.50e-40
3471.6903059324609348330295825773252407639616  1.18e-39
3472.3988521531633779084322785257499042493279  2.45e-40
3473.0931841340337249950848529756663284551638  1.30e-39
3474.1097604236252929709358157945064358017122  9.24e-40
3474.8699616549324813731428441934206207018561  3.13e-40
3475.3904159618144038516238036930348431808396  7.13e-40
3476.9947723422864040645439108524695075532769  1.08e-39
3477.6212452295660598166709062604334150248824  1.23e-39
3478.7013659421629079299251818898750199427203  1.23e-39
3479.3937271526944553358878118743153102798680  6.67e-40
3479.7504873135731670906668037025315994745917  8.23e-40
3481.0703558540393507266216329000741375673347  1.27e-39
3482.0257595548262980175969834331216853641847  1.28e-39
3482.2935520406013123518308206089968927273584  4.39e-40
3483.0477397880005336335303619068138433927027  1.29e-39
3484.1486105330188080894783532180024206830925  7.10e-40
3485.2316921281649896268005225660567872053896  1.92e-40
3486.1214309759601594920094015187429379057392  2.24e-40
3486.9692696307562070380787356801477786262998  1.25e-39
3487.7963644969772049716174107657854975177578  7.44e-40
3488.7599786187930890832362527155805797214170  8.23e-40
3489.4521380318466654901486125998528442297333  8.39e-40
3490.2190579409616592050814322401018151509741  3.82e-40
3490.8249538322473157188019016645687569629404  1.30e-39
3491.9126203089631096173765979519836954810435  9.39e-40
3492.5543834872521598123326153734119210609188  6.10e-40
3493.3854580053985941245718344503838237080141  1.17e-39
3494.6326541789685963800067362983028309028595  6.13e-40
3495.2804013396233279591437838810688271040677  9.86e-40
3496.3897214858966339860735290317038405846043  1.30e-39
3497.2962943922188042916349669436122873432445  1.31e-39
3497.9206700162366070666948661202469233767632  3.45e-40
3498.8569985119536193994863035245792812739099  4.28e-40
3499.0829277374033573001819759039932199925896  1.01e-39
3500.6111611743233572688486930670839225105901  1.00e-39
3501.0428906450525072774338815800474564374288  8.33e-41
3502.0144682008579142855569094963730934253495  2.43e-40
# 271 zeros up to gamma=3502.0 ; worst |L| = 1.306e-39  (all on Re=1/2 by construction of the search)
