# L(chi3) zeros, ~50+ digit gamma_n, verified by |L(1/2+i gamma_n)| (PREC=192 bits)
2473.8529622706652115256954817943565985576415  7.77e-40
2474.7924517651405352860117078639046211299928  9.24e-40
2475.1856407552490104175142247419102710613550  9.75e-40
2476.0735364815478851410207061706690288854988  6.09e-40
2477.0058167776938621222225154319572594887047  3.57e-40
2478.2152786879057216737156865017130494248154  1.10e-39
2478.6500714000823542443232765774864796309597  6.86e-40
2480.0188345449329271818164222879708950642883  7.08e-40
2481.0459160449573867782748194499850113102610  2.19e-40
2481.8514524036055390540983078737177975917734  9.92e-40
2482.5609123045517213567180397894455864098537  6.28e-40
2483.5141572676784709122050942308568189467219  7.03e-40
2484.1591621247476836230075902373833726901728  7.17e-40
2485.1132184594745406933876517812053351056308  5.93e-40
2485.9026579509118733018338271453609308148651  4.56e-40
2487.0367804024834456648177416849828486119170  7.80e-40
2487.3995259569627771494341389968651930999638  8.37e-40
2488.9130894838754586030328840760695860146786  1.04e-39
2489.9861653085905027709782768259051378546986  7.32e-40
2490.7942349684579444654936443806103959863780  1.10e-39
2491.3232978025425013261891964024418929944998  1.01e-39
2492.2521674238772376585673350164085149483623  8.53e-40
2493.2027986420939495754275527424464555330142  7.32e-40
2494.2428050454585937968005339961843320154419  9.49e-40
2494.7914195906145205222655069026024837679270  7.78e-40
2495.2460499971559025639830078299601416343009  1.89e-41
2496.8201983486354799132538931711120238295707  1.00e-39
2497.6945322036859684447982273274493304255879  6.08e-40
2498.6677202824015539076057530067830293868239  6.28e-40
2499.6455444235037247026889026700798739142523  6.34e-40
2500.2407807965755594803393250469081161956983  5.50e-40
2501.3786746589380387573239002390439332770674  1.08e-39
2502.0987133512616651250561489979876421818618  1.02e-39
2502.7098793619389354509818363904365220901098  5.96e-41
2503.7306872092811436532542044532682153340601  2.95e-40
2504.4730863708428461825525429337056009152097  9.54e-40
2505.4118856980736980188518806375999250960993  8.05e-40
2506.6456303280417534183260929950713230507818  9.39e-40
2507.4697169865963506431235939569923143122853  1.08e-39
2508.3023520944897124554931372376711818241898  5.84e-40
2509.5957116385785165118838702284679164461359  8.89e-40
2510.1546130943469890619414006985989896385808  1.02e-39
2510.6802403423846514796402555562231507312515  4.13e-40
2511.6129755842357181320249342677144520107099  1.10e-39
2512.9226266128271012919875929459446459539697  4.92e-41
2513.2006808594173213469960206047954845573788  6.04e-40
2514.3997547192870993435560778654741435515774  6.03e-40
2514.9777315406106535327033349703323516232610  5.02e-40
2516.8693263196523906281720078238769054919970  1.30e-40
2517.1019174719677676685983916138393205430162  1.09e-39
2518.1318156951517786628760003493277666195098  1.11e-39
2518.9839245903432029781983434972345663593325  8.93e-40
2519.6856596626969994175343806340184716632357  1.12e-39
2520.8887056636856823578961761341600224641848  5.26e-40
2521.2297338595602637954600249179489706551431  7.04e-40
2522.3809424828041356768588230861654652067472  2.34e-40
2523.0241768915697837990887685962889750738319  4.82e-40
2523.9863039797497298545568708716079166531768  3.91e-40
2525.5148607418146712895448580977146012364770  1.14e-40
2526.2133238880113146659864282902622053260419  1.09e-39
2526.7759751053073542722955302905995396575038  1.12e-39
2527.8286493137255782099347550257409970223606  1.03e-39
2528.9169649991466813643948375037117220521042  6.26e-40
2529.4615811076804867888159174016941842364435  2.98e-40
2530.2305908228353998134939256846780794293356  1.03e-39
2530.9924640002392544867789775753435571518480  3.28e-41
2532.0483764804308416345145460836516995462272  4.70e-40
2533.0498446630897154878936366779488256317915  5.86e-40
2533.9663851675109004389519306659429601146690  8.96e-40
2534.8698451040233400871795236759834723203549  1.09e-39
2536.3004072470427267719401070844411627745626  9.88e-40
2536.5501913024376595775650065885980008888431  4.15e-40
2537.4059113758041088061355741912192140199306  1.11e-39
2538.4769361945719957981643990474319600892448  8.97e-40
2539.1245090449170968736068810068837616802869  5.20e-40
2539.8826538336380654853471748249023988331788  1.10e-39
2541.1184036656996291822337150566392355759542  5.10e-40
2541.5496470071705685145377639513844165486372  2.16e-40
2542.7379178349820402072150376733128871244787  8.81e-40
2544.0074582598391672142398292966983115145725  7.24e-40
2544.7814862413447079719821923089923467346597  1.09e-39
2545.6309080179628764087997914264514729352506  4.97e-40
2546.3975775210649237056198921298436391455488  1.12e-39
2546.9332039825586710078366189014959958160139  1.07e-39
2548.3466343628248079654482858621682065555768  1.11e-39
2548.9465429605188728591680313497356505362431  1.13e-39
2549.5155124027583438910641076100448419442173  6.24e-40
2550.3769014030212687400767180197826819065842  8.01e-40
2551.7931757725146274368006949114992642333111  9.90e-40
2552.9240072684504453784452427758572061802217  7.77e-40
2553.2989829064643394331898413663423844481324  7.46e-40
2554.5416098818375734183205403782597854293611  9.56e-40
2555.2017843533859792957576127733896789722706  7.28e-40
2556.1967199668259290897967206201415255793225  6.43e-40
2556.9060720987825554623443353359423809950813  1.02e-39
2557.5945660402296197330710710039521249481901  1.14e-39
2558.5997789868405232103195422238527093803270  1.12e-39
2559.3220478526454031785221262170611103765338  4.48e-40
2560.4515317709865773772305661925509546660996  1.05e-39
2561.6348316139642439657893877728275356128259  8.45e-40
2562.2455244237459893136479541550518800163306  8.04e-40
2563.3861945061079238858030125409417492836609  8.36e-41
2564.1150295425343826551157260656425594797811  1.06e-39
2565.2343567483499986075515595601545060521607  5.25e-40
2565.4957404637213761267004683789700757558948  8.79e-40
2566.3278459151248515905502636499772455149719  1.42e-40
2567.7599532735131933901250010274927804838380  6.61e-40
2568.2539129052188807914537176207449944271728  2.31e-41
2568.9078589152300627789791352190220516082616  3.05e-40
2570.3331221493539873494560685886938803191326  5.58e-40
2571.3887908581272283094745165576166136781264  1.13e-40
2572.2256496095133127231462313673095375112713  8.36e-40
2572.9852339960754431545803009144853161411622  1.03e-39
2573.5088789230618526797820346037294346712585  7.90e-40
2574.8845983487643767755879820692338386193706  3.04e-40
2575.3025630064783938367016313045151627362862  7.38e-41
2576.3249224729158152283331064792203756841373  9.45e-40
2576.9516567943184846531047237093739545634691  3.61e-40
2578.0122632452963430891397677419079783324972  7.82e-40
2578.9464683098000556968007861064860660553425  5.80e-40
2580.3959217337393455183284006446190362308806  1.27e-40
2581.0854071771302017334453343542650646973211  4.13e-40
2581.4057096670835473852768525900519595949917  6.90e-41
2582.7850702515861660797366937893204557063461  9.27e-40
2583.5423738441505943800815547535946390991577  9.59e-40
2584.2526098341574968126103293566944635169527  1.14e-39
2585.1388858320129207571009802952019446360376  1.03e-39
2585.6547805917715193184505992771238958458022  7.48e-40
2586.8869326536063296937875390724420527434187  1.01e-39
2588.0617190258744045837111872091178382068904  4.46e-41
2588.6471444182962363553395177623594408796267  9.80e-40
2589.8349627064687143411709040741639337192440  9.41e-40
2590.7658464904301592772597062999974607556804  1.06e-39
2591.6736829967990684300628301468642132345300  4.58e-40
2592.0160927090901611506587766810766201161167  2.47e-40
2593.2059896727328394373746304243165725844649  1.10e-39
2593.8146244565909665848433783580466597474729  1.13e-39
2594.9421682463348678284649357385208925739220  9.23e-40
2595.4497042599791910146813068782306986698484  2.94e-40
2596.6688187668460834442700565085151608747244  9.58e-40
2597.5499262575870500655361899117058212232131  6.81e-40
2598.7978901755887567816541766849786114922289  8.21e-40
2599.5122859783498547498920144829525666362588  6.25e-40
2600.4337311369952037536311171297400179491496  8.65e-40
2600.9220077147833969348175965603592836674289  1.14e-39
2601.9018520353465007623560807565472726103927  1.13e-39
2602.9084310053700458113035783241006142379870  1.08e-39
2603.6467369920814447845240848299514157170291  6.70e-40
2604.4834534904725264188601142751244471196423  1.09e-39
2604.9775556391274017709956027955355565757044  6.75e-40
2606.8167349856061675708022876001329449154577  7.92e-40
2607.5085902996413524731516422663920339957931  7.58e-40
2608.1111361931277073753903771881860716394954  7.42e-40
2609.0972632984576686812125234986464629111164  6.90e-40
2610.2408192197672705450685947635720850729004  2.70e-40
2610.6196530426684159570103418130370739519410  2.68e-40
2611.6369856098436521111973229967980454765789  7.33e-40
2612.5159137211821353562684618157058383134386  1.07e-39
2612.9848528377220188746736889893450695285377  7.46e-40
2614.3291616235846120841463618623242169282208  1.06e-39
2615.1308428757811610294886692287876043674541  8.61e-40
2616.3070594314013012051436295303968742684313  2.42e-40
2617.2837050065131227830244359319835868392130  2.49e-40
2617.6849412286071187806936879121646163333121  3.77e-40
2619.1868231478285821692132225850312407690475  3.44e-41
2619.4936759764873755925333285104522930756776  1.14e-39
2620.3837004005038406730690407887559784499431  1.03e-39
2621.0388726013215099314192217938175377734107  1.14e-39
2622.2551721555485482737204810121555478671779  4.80e-40
2623.1393179548118567593258272800639540630688  9.05e-40
2623.6150197975335345816563882114825984639533  4.35e-40
2625.0928271106332593121830439306990184756544  8.85e-40
2626.0656470466952407335068574620693186095128  8.90e-40
2626.9368744572644088740428572876398276909740  5.98e-40
2627.5544294555610753579937838527320969723669  1.11e-39
2628.2455418451610673224933235696225747222575  3.46e-40
2629.3645369233710870460344719650547065492629  9.40e-41
2630.2889723802971696350765427573462792430086  3.91e-40
2630.6789749751912577237870412312216959870485  3.18e-40
2631.8025459479077207955436104457066877671179  5.43e-40
2632.5502915419669069986914543136814423261213  1.11e-39
2633.9099938856486647170371535119202097279436  2.07e-40
2634.8418403740527339948904487552071898051168  5.15e-41
2635.6125244171509788115936180732130968344109  1.03e-39
2636.5047981067222158828994342922220254214797  1.14e-39
2637.0086334077404933705050435725042598375132  1.02e-39
2638.3474452100816433494834397277381651147023  1.40e-40
2639.0408170501261083817453511401156777591234  1.14e-39
2639.4476725519097420933505878196310823610624  5.91e-40
2640.4798594958462788364575126005159124448607  8.56e-40
2641.4924525514783540906630321226117917487484  9.88e-40
2642.7108381314702311346388923930856517380762  8.30e-40
2643.4961447120408614377057859626515509080241  2.12e-40
2644.2628846607469163117021331226604820662898  9.10e-40
2645.4561535310402427947007480047849431356976  2.78e-40
2646.1985502764112050010160391486380092879222  9.49e-40
2646.8713388379413684717273865303102960853546  6.30e-40
2647.4582362321085154175041916785755715816087  5.75e-40
2648.7248618542568582503802740978861128719074  1.01e-39
2649.3886775253903759558523506264900732338714  7.66e-40
2650.0851354580688561304716501815669020008437  9.44e-40
2651.3780566546138567950203107889350286029366  5.56e-40
2652.1947237510554234778413862113787381554745  1.12e-39
2653.3594886843608373803481213720606251698290  3.68e-40
2654.1702124867830617970902470124332862223366  1.06e-39
2654.8981351493630164975402339147201239742600  5.47e-40
2655.5951352426589290612645691765442900766583  1.06e-39
2656.5526629926785321753831988383295702275915  1.02e-39
2657.3049005358781762851385537531843294108242  1.09e-39
2658.3409601575883624253429877777967035729930  8.96e-40
2659.1282582465329057924348112763425852470607  1.10e-39
2659.5196995338421611885083016413691618450332  2.21e-40
2661.5347524632018485175508588644752475600176  5.99e-40
2661.9395410129799939027836329774573279468085  5.13e-40
2662.8807446805840624100823377753438019467068  6.80e-40
2663.4962357627331265374094365981089856072208  5.87e-40
2664.7562472086998732813917795523274606839196  9.67e-40
2665.2889628497439557032061501316882337051603  1.12e-39
2666.3156664327657673886333537941119661649663  1.01e-39
2666.7178916796244249695861697468987859679055  1.01e-39
2667.8740599569092731357437782383664461639739  1.04e-39
2668.6708225459323271006686128647901665536256  1.02e-39
2669.9314436465890813415337238504851493944495  5.91e-40
2670.7818934708962906020604428075031747618911  1.06e-39
2671.6999443853372357231790601789823043089557  5.73e-40
2672.4873932085199530767618347557984062361204  5.22e-40
2673.3860669785090427083535366232102444747680  8.75e-40
2674.2286235770986726566064215126573680397837  1.15e-39
2675.0138211422171528320435827589817102554426  6.10e-40
2675.5056774531644309448671581358184925868857  5.96e-41
2676.7087142589053553782403510319890115956700  1.10e-39
2677.6028002275951520149533206023207275842595  3.50e-40
2678.4714271516480969248039113333786007636314  8.78e-40
2679.3556013929130399670897331189170197093316  1.12e-39
2680.9309947089032976378717098484914392916170  1.12e-39
2681.2263015719398393163907154655269626634560  1.13e-39
2681.9707320673485243406563089707821197617590  9.38e-40
2683.1354548726572382279136276968924889438031  8.61e-41
2683.4763880821492084255067666334800794575218  1.12e-39
2684.8234449760503429514054955879567145448127  1.10e-39
2685.5709205882232801793549810957201707479443  5.43e-40
2685.8980217031933018391801841583345977626720  7.82e-40
2687.2405913879734595772880458943580353636731  1.07e-39
2688.5024350597999904160249770873855575456422  4.66e-40
2689.1488016230366177359070031766863921231438  1.72e-40
2690.3540448180152312229311473419714662897899  1.03e-39
2690.7732662342404976143446719545847714063082  1.11e-39
2691.6543250935668901983739103533097392602252  3.84e-40
2692.6335184002047390202545275214460804881662  3.44e-40
2693.6163384250908481481601054768754701216872  2.83e-40
2694.0649170958948582020273515985952632485952  1.00e-39
2694.8313370392023087175723937666663622189725  1.00e-39
2696.0157624610515700854402006157548076783380  9.74e-40
2697.1364400956217965106484480135475155259834  2.40e-40
2698.3404182093263076171972913957124914455289  9.89e-40
2698.4447201794359646390724172270948675463195  1.17e-39
2699.8152169620340197197995399593623779381969  5.86e-40
2700.9037680562584459361881378982627090532172  1.06e-39
2701.2010698424586944411163819963715891696532  7.56e-40
2701.9609070672140850001700673918422662148659  1.17e-39
2703.0785995025194570974894358268492061261364  8.29e-40
2703.8371751872359490635067427859584930641984  1.09e-39
2704.7454965930433937161030493522514916398888  8.94e-40
2705.5866801184077184807780465358825913511152  9.57e-40
2706.9504616756878786443333208850080388998796  1.05e-39
2707.5802238259166212328498667921229175115152  7.46e-40
2708.6844988169031563216885295051953426726807  2.14e-42
2709.2940697065146878871274665770693047896146  9.19e-41
2710.2074061233310950279556668444228061928240  2.69e-40
2710.7810229533300987011774073600415347848427  8.36e-40
2711.8512952297802048206299792002904175084284  1.12e-39
2712.7263106171955078144847725151876202241545  3.89e-40
2713.4309227214100875244418769129625057049167  1.15e-39
2714.2278218613923477457852352829392173702566  5.22e-40
2715.5344202940510153892372083255639171301029  9.13e-40
2716.9270955539850301090659543787812600361277  1.13e-39
2717.1169706843299235468849344519790900508462  8.56e-40
2717.8701004847565972201979934039330495569124  1.07e-39
2718.9691200611842407782878603723681107033070  1.12e-39
2720.0902349620748399845255796669217565187539  5.71e-40
2720.4029188706087253124852012521059044587766  1.06e-39
2721.3066504566650299608420647601045874309423  8.13e-40
2722.1716353711274296145609877812963177728457  9.49e-40
2723.1390733032860826315584947861185416971088  9.61e-40
2724.2669761692186161731530208849364177281790  1.57e-40
2725.4809495146753565390389877847391393561396  1.07e-39
2725.7194907972935405846076361310536929513888  7.90e-40
2727.1566183908157943114792015148698149774680  3.04e-40
2727.6556227127416233006934653433163151303747  8.15e-40
2728.4866209300761326939830084445814604911086  1.16e-39
2729.5363339688904053726037183253656657983768  1.03e-39
2730.0479707973624926639878879088305663966962  1.17e-39
2730.7757423649023332397548855284107725295832  3.63e-40
2732.1833263932429287301350534705708978923409  5.79e-40
2732.7927958006926647257021153610350606665587  5.04e-40
2733.8086775928989590028013060230116528475382  2.39e-40
2734.9671016306966485832410157461472987160577  8.32e-40
2735.8039234145295331579649636003474610165254  8.73e-41
2736.6014094804909432417216395006823868244007  8.68e-40
2737.1382679999094714399360373302241553983851  1.07e-39
2738.0198319435061115761977632421658665383171  1.17e-39
2739.1355668023378567347174071458432694840213  8.82e-40
2739.7807848389705158583958947519250190446218  6.55e-40
2740.6230979405780081380203633943963102124480  1.12e-39
2741.3008501058480012917275144337095532604436  3.70e-40
2743.0382559003894549084053762234840949004903  1.11e-39
2743.4338227904154727224912494721541791915970  2.14e-40
2744.5252512799779129382750400506902609746968  8.64e-40
2745.3617221094735532585335933255204484032362  1.28e-40
2745.8910402237423693079298248181967129216960  9.23e-40
2747.0840278001072396696632575081310899258027  1.01e-39
2747.6241369386984806372812480006195100596117  1.14e-39
2748.7516027039842834808939804230431609154395  5.71e-40
2749.1939410219599718143127289362918850497593  1.14e-39
2750.0639644195471430502536044689439458119216  1.13e-39
2751.7252306659839542568714461136799747375995  1.15e-39
2752.2546084411667540267584755068474579693443  5.89e-40
2753.1564659881653945593592666945494893834869  9.07e-40
2753.9943041355004065413284388395952210248332  4.61e-40
2754.9706440368945071714591371442233369928525  4.93e-40
2755.8508332867883130317007022729480914854714  5.54e-41
2756.4607448581860329793400083918397917928273  4.30e-41
2757.0121918856783571587068772270991513576710  9.65e-40
2758.2511359251473575760831875110950862862128  8.11e-40
2759.2099044533034287903574968990688187072041  8.59e-40
2759.7301048207413282126055333291493690066748  1.11e-39
2761.2106543131273572044329648385694604280504  5.62e-40
2761.9844767825368447791190434563638988050362  5.12e-40
2762.8200659576123034103253862455510564130260  3.07e-40
2763.7290550585981665538086158374305686314645  6.50e-40
2764.4672523446659718755899265347079534774695  2.06e-40
2765.1307498538736619946469515851473568840685  1.17e-39
2766.0379180395244224662256083696913532422887  1.14e-39
2767.1447155219470357887273019771409884333503  1.02e-39
2767.5403230272731202122173856164016863629735  1.01e-39
2768.7430623291178085686576361301485488386893  9.05e-40
# 336 zeros up to gamma=2769.0 ; worst |L| = 1.171e-39  (all on Re=1/2 by construction of the search)
