# L(chi3) zeros, ~50+ digit gamma_n, verified by |L(1/2+i gamma_n)| (PREC=192 bits)
1748.0422507176601530911920157790958988895918  6.92e-40
1749.0851576528541098416998871922053632701796  7.45e-40
1749.8420116381441684688328396683883684451632  1.25e-40
1750.7660747878829627384615070150731810730580  4.62e-40
1751.8518240690994620572352538960622415415527  1.99e-40
1752.5268300194320860558975413081631467457684  2.56e-41
1753.4197472863829062457690398864150567892167  4.47e-40
1755.0189832313426963214357605679773674593651  5.64e-40
1755.6928755472256330970771938390232388279640  4.95e-40
1756.7120599601007184735052635179027056282933  5.10e-40
1757.6865465567719163420515747169354255439136  3.74e-40
1758.1006852343158971506495791995535436955685  4.28e-40
1759.3480770470432058541480932956329079725650  4.79e-40
1760.2013019966953985907289098421761919955564  1.49e-40
1761.2244543155829476879036458202697526791639  1.11e-40
1761.4267766320103485300745486197099790518624  6.28e-40
1763.1925892672336177955410375292254405154122  8.23e-40
1764.3068735551904799753149646049513795994005  7.20e-40
1765.1069526818730810925298738091647405249424  6.82e-40
1765.6866337361908221437291734688405853631610  5.90e-40
1767.0893803214921524692530841244347673540021  5.60e-40
1767.7679197369001170138385410760899106246196  7.22e-40
1768.4565961106717101922933967932536374482166  4.44e-40
1769.3348081701102072119621175454978089393681  5.60e-40
1770.2940380571257651851521399837984204266360  3.71e-40
1771.4042141901562579638769350933581668105173  6.76e-40
1772.2715164081215310800510664071603006323648  1.76e-40
1773.6728710794945707466899652221365135203823  6.74e-40
1774.3044296072150997111703830014060751785218  2.02e-40
1775.2734105415632532594433318303147687324161  7.50e-40
1776.3771715910293249549286413346571746789833  5.06e-40
1776.8542671437102891938921001674345664581876  1.86e-40
1777.7081347612746234068268168182973672084141  7.00e-40
1778.8432824336663795846999130450628400870825  3.28e-40
1779.6895154488443204268314777850442867393391  5.63e-40
1780.5413427333804708214922668286327447462960  6.16e-41
1781.6675140761770514725859862449928906379149  3.97e-40
1783.0661567248865309726545856068520607252829  5.21e-40
1783.7352902220462064914490970215654673104441  5.40e-40
1784.6668852426107347606744554962924868711129  6.21e-40
1785.0372120394914673724741973235516559524590  6.70e-40
1786.6048312240761126865145477512164981488425  7.96e-40
1787.3107055592505051708392339452588698473689  2.54e-40
1787.6946411848974272457213333467031370087627  6.39e-40
1789.0154210528276412425268117677836726245304  5.33e-40
1789.8667789530769530129215683486121828955791  1.04e-40
1791.5217035186766756300793736352398552718347  3.57e-43
1791.8836980757072462912433007304233558388845  1.33e-40
1793.0248391308680235110979721118688446006772  3.90e-40
1793.8395391762467127808276980406717465499658  8.38e-40
1794.7956442597494646494103719098356736602423  7.82e-40
1795.5691808098156300962191195705807839844090  1.54e-43
1796.5936413494493581692633144173405962202315  5.30e-41
1797.0507271492871875489836779240190116240361  5.71e-40
1798.2413429464467455092159929901858863950069  1.30e-40
1799.6753038347725418975784189164077533224177  6.26e-40
1800.2504801049630029067807101984461810422547  7.07e-41
1801.3400350569077528331507590063133943120869  3.84e-40
1802.5178383115113042882965456467413875928163  8.04e-40
1803.2178003225087804586162728737473570376767  8.31e-40
1803.8567456995648751919706681984474193226891  1.22e-40
1804.7599833444023767043477817424613994893627  5.31e-40
1805.8160324039449242738263238829530982078528  8.51e-40
1806.7601167955077228565154834737589407895993  7.87e-40
1807.3746366590070506945520518515400198676281  6.13e-40
1808.6901101160227492329004073933305406322452  5.54e-40
1809.9849174673228405370577392203450142266441  6.96e-40
1810.6428712217189943591801628618218937219723  3.00e-40
1811.6386844161697961273938819902009981442088  6.38e-40
1812.2936840973642640940099418057507572611116  3.92e-40
1813.3904717021556744971988879085390836121067  6.70e-40
1814.0002808152552417234211466829552923700846  6.61e-40
1815.2227150838676543362970897475934021911847  7.92e-40
1815.8729264286322657592779084922953164406580  1.07e-40
1816.5798265634231625908924949406224459285493  8.24e-40
1818.4096840276930907024378015198511029010505  3.23e-40
1819.1684729095496013602883601600556739659685  8.36e-40
1819.6982285286526969404661374072173623783148  7.29e-40
1820.9325496550084143449968992303145401684330  7.09e-40
1821.6218268348776475337437895820899391191312  4.27e-40
1822.8927264676804603975713475723497684309859  8.12e-40
1823.2393314345602753915942672423197127330677  3.95e-40
1824.0164617653481206813884910623145730089540  5.50e-40
1825.3685444875302064456997435725222729046795  7.31e-40
1826.2390098108034811480020063024184413722696  2.68e-40
1827.3311462341439025370965832499334080659282  5.69e-40
1828.4284314444351348620991824897223117862207  7.80e-40
1829.2716784883298067099145678194198717156458  6.20e-40
1830.0307689051035172875344573672644688216886  7.44e-40
1831.1659637735110234159929668150770374148680  8.45e-40
1831.6942793817683122858981204182614664696255  8.20e-40
1832.4954119223493442365566923441937515454798  1.58e-40
1833.8172721949374983730712874227402219848984  8.42e-40
1834.2968113106334095404135279759245109577966  6.74e-40
1835.6520896345971030430437102398397529954586  6.30e-40
1836.4908941730324918146037272586454482835892  2.82e-41
1837.9574766010265069948194697995586041182848  6.36e-40
1838.5040517759728706242412806879983093936506  8.04e-40
1839.2437259137915570611356468118127191505303  4.56e-40
1840.0388084774842951212234890102642617402526  4.25e-40
1841.2717012658692792578048756170949460128912  4.86e-40
1842.0221483993721638811772943912234813134328  8.31e-40
1842.7186728956073080659967397367582971742006  2.51e-40
1843.5296285182684845876588065966975580156894  8.16e-40
1845.1871354607354899637077866520260331900773  7.80e-40
1845.8493720870661796289015985490739189713409  6.90e-40
1847.1011941642040028255133230370136749087793  8.43e-40
1847.4930981678674416070365432054592584384428  2.71e-40
1848.7273992576745749208522678222180941514912  8.54e-40
1849.4510872364876672624926061624157194088435  1.46e-41
1850.3939066444692776391081950211524532725300  8.65e-40
1851.1433177109570769552593373549504899243073  3.03e-40
1851.9385956648569427931879442256551582706230  5.68e-40
1853.0600898863669081372097978064620989179035  1.30e-40
1854.3892550149705540407848693546919608679912  8.53e-40
1855.2815074363335787388037706186462531189965  2.18e-40
1855.8222018817577527436257777171992619391969  4.17e-40
1857.3063534838609034473179956481234725877009  1.82e-40
1858.0994629159543264954146979928154805626995  8.33e-40
1858.3116173473101452684128631229556441275320  1.95e-40
1859.5349467230746413816874144856907008835504  6.64e-40
1860.5379449124421982264230763932079965619211  6.46e-40
1861.3485647855716105512942719902475128069322  1.41e-40
1862.2760500596039194564956692479141504467412  8.70e-40
1863.4205931830307378651823637859597916204431  7.49e-40
1864.6768119065915685387144714676467736415314  2.14e-40
1865.5567822679492442431033250283106142701587  3.47e-40
1865.9386359301141449416338221758304337487630  3.81e-40
1867.2598098424806922707193064485827434318829  7.81e-40
1867.8618940909139352266325943096954198688625  7.67e-40
1868.7519051598114633600187963779055040360440  3.91e-40
1869.8666538407868541168121429089050331321990  7.36e-40
1870.4630543564027387255474653665462277253753  6.99e-40
1871.4433730723549561823592303030462581525318  6.15e-40
1873.0939806151978766431130337371380656570469  7.63e-40
1873.7376610907318967239698620432319846518097  7.09e-40
1874.5591766171992808468992884822815693708177  8.26e-40
1875.2909435862949540329070842449654405209144  8.54e-40
1876.5206725994749994565001168167297064088507  7.15e-40
1877.2112006163645882188075482180187726939116  8.59e-40
1878.1685998867133995047551920768675642185334  7.81e-40
1878.5321537657677038045879790793560996328267  1.56e-40
1879.9419607399090675543915778816300547413762  8.47e-40
1881.0775129615155337879066865618083094833827  5.08e-40
1881.9184697658337928499687205319292595838026  8.75e-40
1883.0170597780178789002074123211332601544449  7.35e-40
1883.8377484992626970370882830754408568493668  8.12e-40
1884.9099520355995244369023133199844616216392  8.69e-40
1885.3231842797116148353266654538250833515839  4.23e-40
1886.5644887175712414674928428865803577170993  8.74e-40
1887.1288580310743196493175593049765685864406  4.61e-40
1888.0621996204238993805854983890064088125570  7.78e-40
1889.3384840793045518574478709718825844186614  5.75e-40
1889.9721611795805777915448359922420230636422  4.50e-40
1891.3907199481125171699500224351153669168343  4.25e-40
1892.2006205274889106989998338858446351349905  8.76e-40
1893.2008618311325411245727086359453677366131  8.74e-40
1894.0459016764122998933121701819659581986715  3.17e-40
1894.3773157176704697655042802828860989666911  5.43e-40
1895.7655229402911239508152025428199112921389  8.44e-40
1896.6846274618287506238019428401126913834080  6.49e-40
1897.3029043889632924703602001981206965363957  6.71e-40
1898.0157687852174658923910564515000497279703  5.29e-40
1899.8847134938258441685901492332174022956248  5.22e-40
1900.3577321557919501516177626439101243089398  7.59e-40
1901.4925253133744876623289896486770701693100  8.73e-40
1902.2264434983502555290134420361022212639377  6.65e-40
1903.0565725431891727476082761136461740183099  8.77e-40
1904.1673983889944482569723524670228516743758  8.27e-40
1904.8295551209361468664713426939287992751786  1.62e-40
1905.5665047455673306730411058657864192982547  6.49e-40
1906.6502287939013016657001757079795730347192  8.35e-40
1907.4375526636667167159409863490512971897999  8.24e-41
1909.0701179456023050420274517580301506054941  1.40e-40
1909.6647976886189525728388204814516313335360  8.21e-40
1910.4151438833257173607928437993558068395354  8.54e-40
1911.6502402944527896118654442495919757711945  6.83e-41
1912.4776747248352124189108349041101629135865  7.46e-40
1913.2022931491889021371527559747574459462231  5.82e-40
1913.7744042553012676457620431229976159004063  4.33e-40
1914.9797123245414481975870404518162866230339  8.98e-40
1915.9726390667962794361611354292700604399756  8.89e-40
1916.7029473192122647205296113215699588497044  4.92e-41
1917.9406601361609981382328925000723671646843  8.40e-40
1919.0670226059274231743015436273047229757800  8.48e-40
1920.0359554638512233032686113316859901398018  8.77e-40
1920.4909034030114663126619742468584969401210  6.80e-40
1921.6173719492301715265471406106069000221795  8.89e-40
1922.2499063025069204879531888388260610536578  9.07e-40
1923.5719001880681597014474667336495369497609  8.25e-40
1923.8336455174753811558103560817539466640688  5.02e-40
1925.1605690167524086926634158171493674551789  7.75e-40
1925.8835849261088708793365487246131594866235  3.39e-40
1927.3427533090313221732019949917760761598427  8.34e-40
1928.3147703161929674936408767808027701013776  8.70e-40
1929.1570321410077725974532424032026401521163  1.87e-40
1929.5057575440307139304791789497732222513962  3.65e-40
1930.8818198567873843650353950454524471168932  8.89e-40
1931.8370842758420018516035311013746254497997  8.36e-40
1932.2397869813688788141392113416074057715008  1.30e-40
1933.3603327110796833661203766812361130848523  6.05e-40
1933.9867823640097955359501272130270329189173  6.57e-40
1935.6832030656942253739226207960551020248537  6.39e-40
1936.4027748197419150445615531747337562186794  2.27e-40
1937.0959243136014795198107865918392006166388  8.70e-40
1938.6700558068831867699022211652148916569826  8.03e-40
1938.8349645226351106813590602634709910112411  7.20e-41
1939.9692004606835884004337957977452995878209  4.84e-40
1940.7653658375389909130183393137857208728749  9.07e-40
1941.6167115956397078236146605343322787469604  6.07e-40
1942.4369355740178639350761192269145711980858  1.79e-40
1943.5281276330385116452675044582896070976553  7.18e-40
1944.5694548047891501977892004363815442505505  5.94e-40
1945.5886278170186151895066502407683795018308  5.35e-40
1946.6046655152969237863391447531111206475701  4.86e-40
1947.5342873426998283733008672221742271996806  7.32e-40
1948.2628704926377033505100020115806411958254  6.35e-40
1949.1306178460892918572448186489090062738181  7.93e-40
1949.6731436928116768886980986476597742189608  2.39e-40
1951.3238642408919475753866100646522173490763  8.67e-41
1951.5359784278819390692717086477288517080142  7.68e-40
1952.3813962339244461915258353253037651240984  1.65e-40
1953.8445215318010669924505147332865126270563  5.21e-40
1955.1754408778426427022254784528871412441583  8.10e-40
1955.5957327144293386451367576756655380519515  8.52e-40
1956.4433478692338160210243254146265241698926  6.03e-40
1957.5478856331886649615516544154150381074239  1.76e-40
1958.3235103837275180743920666794297099687839  8.93e-40
1959.1212594971435853825920853383566396781823  6.05e-40
1960.1336074263263373456478201107220553188607  6.34e-40
1960.6460409355280087406338046731320614803584  2.38e-40
1961.8861876310268633395801004033578341395026  9.12e-40
1963.0989942833269740688742830682428962514722  5.08e-40
1964.1333724991257508073709570815335139929284  3.78e-40
1964.8157513570489955096635508060883794616482  7.94e-40
1965.6814655434138088668977361503473664868105  6.45e-40
1966.7403351650317451878736803186727609687592  4.29e-40
1967.7494157655535560329865805957438871182324  4.01e-40
1968.0473770525395029615204475195788613547293  8.15e-40
1968.9658650114898143727780580210695908922479  5.53e-40
1970.3742054271855493483234546751706893422250  3.74e-40
1970.9560941271170803535706670974130927957513  4.91e-40
1972.1249918572463908849144763498964056675034  9.03e-40
1973.2782682688738354802159593295871277200816  7.40e-40
1974.1158929764629950736690723565104280807253  1.93e-40
1975.1422333039557925672193555142942232781671  3.03e-40
1975.6172810184398404531668457634458640613918  6.35e-40
1976.4747614151989314455225218878660218403851  2.39e-41
1977.8294242107804548885084841216393110047119  8.80e-40
1978.1533413580047376762979547244033826111800  3.19e-40
1979.1908230473096380133361193540642204024330  4.68e-40
1980.2816911984326094879886882115051209565873  7.65e-40
1981.3205303138464214287394171904445949953911  8.43e-40
1982.5758907628355440724242193313301093274219  5.62e-40
1983.3651270444907961373931139139364118831904  2.28e-40
1983.8979543662709105607854689858656870847561  7.63e-40
1984.8799429743521185239514587753424502554883  7.04e-40
1985.9462467456682502751301643515891987595852  8.54e-40
1986.6695653728499996892896985262128388975164  9.09e-40
1987.6950541693880177994032822092304390078402  8.75e-40
1987.9564553964405521346236064387574121562398  9.57e-41
1989.6300806706288282380751141743556987110652  9.17e-40
1990.8046490802253104328324362102382677808391  5.92e-40
1991.3752800039167181280549198593982690382588  7.37e-40
1992.2573490922698260461779197193731270299510  9.24e-40
1993.5822608573369215241565642219764952574710  1.24e-40
1994.0199640559188497186675168292334522377885  6.47e-40
1994.8882524050032002253076738303526749209579  9.25e-40
1995.7857441260679679778584861472156314779956  8.51e-40
1996.6452097542740990581388185959742518413535  3.89e-40
1997.5893025987791559738272109529744869715081  7.92e-40
1998.6082531063619823188378389575185499767618  7.39e-40
2000.0007046634471119150834184125257290100216  7.17e-40
2000.3767396667573557930394884215553910260120  7.96e-40
2001.8142409419679038685516380443303812598591  1.25e-40
2002.4466724030083884260454241806640727787738  9.04e-40
2003.1465457131753823236857853778274557720623  9.04e-40
2004.0782034240901195435038920540013249050488  9.27e-40
2004.8838768493931050613038516368851554835065  4.24e-40
2005.9669781607062334598126691180086026775645  7.22e-40
2006.8579062335394562771843812074687207939133  6.80e-40
2007.4044340818088279874231841252103094864753  1.90e-42
2009.3212303606466412346938471929387140580648  9.46e-40
2009.8689220603385602754278028225298706756901  6.42e-40
2010.5231526187389186701810734929805834504494  4.88e-40
2011.5679780048704116379055235820114176129532  2.91e-40
2012.3699554753736921378376908835632580167970  9.10e-40
2013.4765052837778422955066007218063278204608  6.63e-40
2013.9165322874989177317889866248212604375144  9.41e-40
2015.1025209118490847091740900379978186669040  6.20e-40
2015.6035392757357868053055601801995519032262  1.29e-40
2017.2326280580482768310853434603157581765113  4.61e-41
2018.0020899445308818584427837308753152460887  8.81e-40
2019.0851538616346849216022848025874385811736  6.74e-40
2019.8220126407345275012954238209531735079265  1.54e-40
2020.5304849618975571763111235378140045668181  9.34e-40
2021.8215199118992455372728948380885665235675  1.56e-40
2022.4790329890266278618150971650985640887072  8.71e-40
2022.9251734152162607013541658207088735797563  3.37e-40
2024.0805240483229452601793121070623350827943  8.64e-40
2025.1753497572059852614136966984198023259303  9.35e-40
2026.2148906971052516874634445828750764963281  8.98e-40
2027.0385789707613232299997528566651607687219  1.81e-40
2028.2402117527285933781162027976091806217405  8.49e-40
2029.0839985541930546324617276013875584915239  4.38e-41
2029.9725982894904385678590727020110338713129  4.72e-40
2030.3746117362829585399532060976741010257652  9.52e-40
2031.6150797944429993442068287588374515342996  3.36e-40
2032.3529541473326884538596812835883827065711  9.36e-40
2033.4313402404554652188580586440576558632805  9.08e-40
2033.9157855528594602786488853378077724688496  8.86e-40
2035.3908238413091754597317058521559171234590  9.32e-40
2036.4116441616506761382923626362354871033756  5.46e-40
2037.2599348699762903618352118219851900198210  1.61e-40
2038.3009405670112113951814418990782774465214  4.27e-41
2038.7967616325931416739616021840823338473469  4.99e-40
2039.6703342645234831826670423364991866406196  8.86e-40
2040.8330779241213121042223208013728672537462  3.27e-40
2041.6679389359085139512786211774582057222149  8.80e-40
2042.1311598221884524382653632742410180418970  8.88e-40
2043.1831823708138120063917350144425264783576  9.49e-40
2044.6903281278274718488967149147765482088155  7.74e-40
2045.5722113464796425673251585389573751907755  3.12e-40
2046.3197222702837566842428281211211660770050  7.76e-40
2047.0335794324995634447342247716705779420263  4.01e-40
2048.3301737803552437333738614471470047299457  7.33e-40
2049.2369138211523887752049716038028633873094  5.66e-40
2049.3256487654280781708937310155781512355116  8.52e-40
2050.6243824322629654442664328581516312924127  5.56e-40
2051.6576316581324808955503270584805249706563  3.14e-40
2052.2531957692363770468641484534255462926539  6.37e-40
2053.9658067935470583876300654203454543906531  9.20e-40
2054.2731038101814440045585182065520202558957  7.11e-40
2055.7039474372312282597217617077214335290837  5.91e-41
2056.2682444798566242670703705714092583039290  2.84e-40
2057.3550377797330109414879848597158559261286  1.50e-40
2057.9826148170273366896906170068009926944931  9.34e-40
2058.7590677057692937790691833905925974226355  7.55e-40
2059.7659217177223587427433862845258680659013  7.25e-40
2060.7273122570423176180975008758262902703456  8.28e-40
2061.6022129303634941509477932223618019500162  9.48e-40
2062.4530738035841568146057436984534998745597  6.15e-40
2064.1710652296085038325449787476374064289651  9.17e-40
2064.5501810792755481467706528175716925210242  8.23e-41
2065.3790995997797679405654502880913059217911  6.79e-40
2066.2045620242876117364505590208376274010313  9.47e-40
2067.2201313917633349429600674193147498085312  9.49e-40
2068.1453530854081038779966700337212230115780  4.06e-41
2068.8278570971209002000332217773879603809076  9.60e-40
2069.5573120357113651545008634104322287395055  1.68e-40
2070.7252503156051158523388772824370990475403  8.26e-40
2071.9317301836488532512175847600023047401629  8.06e-40
2072.9873923452947616845087146286437463694227  6.20e-40
2073.6247734463237463277855091050486621133887  5.20e-40
2074.5198756234635397251982810560754724860758  8.52e-40
2075.5576368155418204492621626994172380476229  7.42e-40
2076.1569619464145262262211524582096913488391  7.84e-40
2077.3977381193556666810895813211945406282242  2.97e-40
2077.7293783459891096748297323270721327241486  2.13e-41
2078.6311625381678411052600812564416684990133  9.72e-40
2080.1283993708623535314652161454942539233298  8.20e-40
2080.9485265138568198191929037651735297049267  4.87e-41
2081.7755839131367995611003110919038048488911  7.10e-40
2082.9188528960582013750301921339510078496766  7.06e-41
2083.9683247052912936981649439198075786657142  1.88e-40
2084.3009456451778164799387884831692696024137  9.14e-40
2085.4493265832678451768423350909120359618840  4.22e-40
2085.9897914624049267777325740482208907479148  3.17e-40
2087.2232011530091239850020594547722812374004  9.57e-40
2088.0876119556349553085162657651385124292167  2.60e-40
2088.6214933944859977508389504913251396077249  4.50e-40
2090.2611742832877522717269146751637516001097  5.96e-40
2091.0625975553972089753838046734136704320771  3.30e-40
2091.9161229854295815217335521524753405764011  8.49e-40
2092.8721635630713920455284922548477625117923  6.33e-40
2093.6533939735235393106219409062510328473856  3.87e-40
2094.1837780438815397749070645872722174146076  3.09e-40
2095.6469632900114722450682142338590992440291  3.82e-40
2096.0663812168346582016511385300758226971132  9.58e-40
2096.9593382445211729719945458842970501229673  9.11e-40
2097.8811184586086292372768549021860560501293  7.16e-40
2099.3886304013190088998190591038731927295743  3.17e-40
2100.3881052661231288426141678293281467303475  3.31e-40
2100.7645411744636558633973614681731351110988  7.34e-40
2101.7320075775492536399951345320686890812682  8.18e-40
2103.0052555829142392470683636944530170206006  4.06e-40
2103.4988297200724217897840432488754803429092  1.63e-40
2104.4654831638349357390881641373345361820513  3.07e-40
2104.9544022954278296046130360940463653986833  1.99e-40
2106.2971853379214017710993559743855629502914  8.84e-40
2107.1039000216980498609119101700845376109438  8.20e-40
2108.3026318089343323917183228849180138868155  8.48e-40
2109.2810860964595251569962705708344496422118  7.29e-40
2110.0532387138623562437427159447376286865914  3.09e-40
2111.0213032273003490468849313188733516528563  4.37e-40
2111.8858350829740073319604394432376928346043  8.79e-40
2112.5870548206252537693778953051090190330892  6.07e-40
2113.3981281202220758483101270044356772508072  9.73e-40
2114.2865715850615975162569863117630425312155  7.99e-40
2115.4082365886637401749958131240795874997820  9.66e-40
2116.0919262652894934719547994980213943430132  8.91e-40
2117.3533605843554000681481055417191496672082  2.34e-40
2118.2752683841093685450529216673638529807906  1.37e-40
2119.6980611426372542663641855758828039271412  8.68e-40
2119.8636419990545633997799709660174740549610  2.17e-40
2120.4797009505901262844736020009304296247006  8.02e-40
2122.0111812674044403058851515482081402884795  5.48e-40
2122.5556513775552488098971520050016225470666  9.59e-40
2123.3823850996000224292780778976108956234273  5.69e-40
2124.2160630135908092266821523846918439174680  9.76e-40
2125.2043039720979977270542043448017557951338  9.76e-40
2126.7468977745557971226080828110685958924622  9.64e-40
2127.2865217851460496236467628636508130738530  8.23e-40
2128.2924259381187008638029713178500436131289  7.90e-40
2129.0169661384888281047733571870219921614511  3.38e-40
2130.1139932490900183897103402775213240300176  1.75e-40
2130.6851161615156375510917456323310171531746  8.81e-40
2131.7252269710643955521089939713847073624247  2.17e-40
2132.6152816354396166012039223025486835093581  3.13e-40
2132.9801441308262821434046379285944460495848  4.09e-40
2134.6125268227043008114382707908886226220898  2.73e-40
2135.7310381658962481801338126112222441128692  3.45e-40
2136.1454004370501813092526982964344549550197  5.95e-40
2137.4220925792199771259764739851064235364688  7.24e-40
2138.2951381373754940522997193394902127536480  1.84e-40
2139.1017609390438665647187481471677852337774  6.92e-40
2139.8198689536290937863404151906417453922960  2.13e-40
2140.4572814845611297653618258177961684019082  8.70e-40
2141.8154760911753643682862020697958534216036  1.77e-40
2142.3952213272468587094994697673028368339852  7.13e-40
2143.3539069224595556629051478677868601723792  4.88e-40
2144.5594934854604858953625509633436477518939  5.50e-40
# 432 zeros up to gamma=2145.0 ; worst |L| = 9.764e-40  (all on Re=1/2 by construction of the search)
